2
1
4arm_Ruc
NBA\REDUCED_CP\CP_creature\fl_creat.tga
66
0 3
0.285980 0.997145 0
0.659297 0.853250 0
0.395611 0.826650 0
1 3
0.659297 0.853250 0
0.285980 0.997145 0
0.395611 0.826650 0
2 3
0.285980 0.997145 0
0.006896 0.865152 0
0.027397 0.996393 0
3 3
0.006896 0.865152 0
0.285980 0.997145 0
0.027397 0.996393 0
4 3
0.285980 0.997145 0
0.137149 0.819616 0
0.006896 0.865152 0
5 3
0.137149 0.819616 0
0.285980 0.997145 0
0.006896 0.865152 0
6 3
0.285980 0.997145 0
0.395611 0.826650 0
0.137149 0.819616 0
7 3
0.395611 0.826650 0
0.285980 0.997145 0
0.137149 0.819616 0
8 3
0.658564 0.987089 0
0.659297 0.853250 0
0.285980 0.997145 0
9 3
0.659297 0.853250 0
0.658564 0.987089 0
0.285980 0.997145 0
10 3
0.404104 0.603484 0
0.333809 0.599611 0
0.318438 0.695328 0
11 3
0.318438 0.695328 0
0.304651 0.771460 0
0.402233 0.771399 0
12 3
0.318438 0.695328 0
0.402233 0.771399 0
0.404104 0.603484 0
13 3
0.334448 0.599746 0
0.266702 0.587942 0
0.256039 0.695914 0
14 3
0.334448 0.599746 0
0.256039 0.695914 0
0.318273 0.695158 0
15 3
0.005107 0.603484 0
0.120420 0.771791 0
0.105144 0.604760 0
16 3
0.005107 0.603484 0
0.006070 0.771399 0
0.120420 0.771791 0
17 3
0.201130 0.685903 0
0.206096 0.580703 0
0.164051 0.597065 0
18 3
0.164051 0.597065 0
0.163126 0.688740 0
0.201130 0.685903 0
19 3
0.206096 0.580703 0
0.201130 0.685903 0
0.255989 0.692935 0
20 3
0.255989 0.692935 0
0.267899 0.586204 0
0.206096 0.580703 0
21 3
0.303342 0.771658 0
0.245020 0.771583 0
0.301307 0.796880 0
22 3
0.402233 0.771399 0
0.304651 0.771460 0
0.300936 0.797487 0
23 3
0.120420 0.771791 0
0.006070 0.771399 0
0.122002 0.797487 0
24 3
0.163147 0.772084 0
0.120796 0.771990 0
0.121737 0.798576 0
25 3
0.204050 0.771779 0
0.163160 0.772184 0
0.301950 0.797913 0
26 3
0.204050 0.771779 0
0.301950 0.797913 0
0.244283 0.771754 0
27 3
0.103743 0.604378 0
0.162768 0.689046 0
0.163435 0.597257 0
28 3
0.162768 0.689046 0
0.120796 0.771990 0
0.163147 0.772084 0
29 3
0.162768 0.689046 0
0.103743 0.604378 0
0.120796 0.771990 0
30 3
0.163160 0.772184 0
0.204050 0.771779 0
0.201130 0.685903 0
31 3
0.163160 0.772184 0
0.201130 0.685903 0
0.163126 0.688740 0
32 3
0.244283 0.771754 0
0.255989 0.692935 0
0.201130 0.685903 0
33 3
0.204050 0.771779 0
0.244283 0.771754 0
0.201130 0.685903 0
34 3
0.256039 0.695914 0
0.245020 0.771583 0
0.303342 0.771658 0
35 3
0.303342 0.771658 0
0.318273 0.695158 0
0.256039 0.695914 0
36 3
0.096958 0.542489 0
0.163435 0.597257 0
0.166929 0.528972 0
37 3
0.096958 0.542489 0
0.103743 0.604378 0
0.163435 0.597257 0
38 3
0.005107 0.603484 0
0.096818 0.542853 0
0.005978 0.549718 0
39 3
0.096818 0.542853 0
0.005107 0.603484 0
0.105144 0.604760 0
40 3
0.402767 0.549718 0
0.333809 0.599611 0
0.404104 0.603484 0
41 3
0.333809 0.599611 0
0.402767 0.549718 0
0.348059 0.540999 0
42 3
0.208134 0.528479 0
0.166949 0.529467 0
0.164051 0.597065 0
43 3
0.266729 0.527169 0
0.266702 0.587942 0
0.334448 0.599746 0
44 3
0.266729 0.527169 0
0.334448 0.599746 0
0.348588 0.542954 0
45 3
0.268114 0.528203 0
0.208134 0.528479 0
0.206096 0.580703 0
46 3
0.268114 0.528203 0
0.206096 0.580703 0
0.267899 0.586204 0
47 3
0.206096 0.580703 0
0.208134 0.528479 0
0.164051 0.597065 0
48 3
0.348059 0.541000 0
0.402767 0.549719 0
0.404135 0.463539 0
49 3
0.348059 0.541000 0
0.404135 0.463539 0
0.346207 0.465098 0
50 3
0.215261 0.464137 0
0.268114 0.528204 0
0.264140 0.467475 0
51 3
0.215261 0.464137 0
0.208134 0.528480 0
0.268114 0.528204 0
52 3
0.266729 0.527170 0
0.348588 0.542955 0
0.346852 0.463597 0
53 3
0.266729 0.527170 0
0.346852 0.463597 0
0.263232 0.466354 0
54 3
0.171052 0.463367 0
0.166949 0.529468 0
0.208134 0.528480 0
55 3
0.208134 0.528480 0
0.215261 0.464137 0
0.171052 0.463367 0
56 3
0.097528 0.438867 0
0.004714 0.463539 0
0.095751 0.465361 0
57 3
0.296236 0.440692 0
0.346207 0.465098 0
0.404135 0.463539 0
58 3
0.096271 0.439200 0
0.095939 0.464351 0
0.170473 0.463461 0
59 3
0.296249 0.440530 0
0.171052 0.463367 0
0.215261 0.464137 0
60 3
0.296249 0.440530 0
0.215261 0.464137 0
0.264140 0.467475 0
61 3
0.296088 0.441668 0
0.263232 0.466354 0
0.346852 0.463597 0
62 3
0.005978 0.549719 0
0.096818 0.542854 0
0.095751 0.465361 0
63 3
0.005978 0.549719 0
0.095751 0.465361 0
0.004714 0.463539 0
64 3
0.095939 0.464351 0
0.096958 0.542490 0
0.166929 0.528973 0
65 3
0.166929 0.528973 0
0.170473 0.463461 0
0.095939 0.464351 0
4
0.000000 0.000000 0.000000
0.000000 0.000000 0.000000
0.000000 0.000000 0.000000
1.000000 1.000000 1.000000
