2
1
hd_ahous
NBAonNBC\HEADS\New_York\LWO\hd_ahous.TGA
321
0 3
0.494307 0.813356 0
0.372946 0.924925 0
0.372107 0.991466 0
1 3
0.372107 0.991466 0
0.372946 0.924925 0
0.494307 0.813356 0
2 3
0.537922 0.860055 0
0.494307 0.813356 0
0.372107 0.991466 0
3 3
0.537922 0.860055 0
0.372107 0.991466 0
0.494307 0.813356 0
4 3
0.372107 0.991466 0
0.484745 0.960340 0
0.537922 0.860055 0
5 3
0.372107 0.991466 0
0.537922 0.860055 0
0.484745 0.960340 0
6 3
0.737340 0.448870 0
0.696372 0.573022 0
0.779878 0.554298 0
7 3
0.737340 0.448870 0
0.779878 0.554298 0
0.780224 0.428993 0
8 3
0.737340 0.448870 0
0.780224 0.428993 0
0.779878 0.554298 0
9 3
0.737340 0.448870 0
0.779878 0.554298 0
0.696372 0.573022 0
10 3
0.737340 0.448870 0
0.740741 0.318979 0
0.659934 0.421885 0
11 3
0.737340 0.448870 0
0.659934 0.421885 0
0.652191 0.526206 0
12 3
0.737340 0.448870 0
0.652191 0.526206 0
0.659934 0.421885 0
13 3
0.737340 0.448870 0
0.659934 0.421885 0
0.740741 0.318979 0
14 3
0.649463 0.421486 0
0.621308 0.372783 0
0.572603 0.412009 0
15 3
0.641795 0.521609 0
0.649463 0.421486 0
0.572603 0.412009 0
16 3
0.598229 0.633817 0
0.641795 0.521609 0
0.572603 0.412009 0
17 3
0.598229 0.633817 0
0.572603 0.412009 0
0.553271 0.607595 0
18 3
0.553271 0.607595 0
0.569262 0.654875 0
0.598229 0.633817 0
19 3
0.572603 0.412009 0
0.621308 0.372783 0
0.649463 0.421486 0
20 3
0.572603 0.412009 0
0.649463 0.421486 0
0.641795 0.521609 0
21 3
0.572603 0.412009 0
0.641795 0.521609 0
0.598229 0.633817 0
22 3
0.553271 0.607595 0
0.572603 0.412009 0
0.598229 0.633817 0
23 3
0.598229 0.633817 0
0.569262 0.654875 0
0.553271 0.607595 0
24 3
0.484745 0.960340 0
0.484745 0.960340 0
0.372107 0.991466 0
25 3
0.484745 0.960340 0
0.372107 0.991466 0
0.372107 0.991466 0
26 3
0.608445 0.238783 0
0.639905 0.365326 0
0.740741 0.318979 0
27 3
0.608445 0.238783 0
0.731445 0.196545 0
0.740741 0.318979 0
28 3
0.639905 0.365326 0
0.659934 0.421885 0
0.740741 0.318979 0
29 3
0.740741 0.318979 0
0.659934 0.421885 0
0.639905 0.365326 0
30 3
0.715660 0.992570 0
0.779850 0.992464 0
0.779679 0.693913 0
31 3
0.715660 0.992570 0
0.691150 0.697741 0
0.779679 0.693913 0
32 3
0.715660 0.992570 0
0.779679 0.693913 0
0.691150 0.697741 0
33 3
0.715660 0.992570 0
0.779679 0.693913 0
0.779850 0.992464 0
34 3
0.393092 0.170015 0
0.469344 0.317669 0
0.467003 0.151260 0
35 3
0.393092 0.170015 0
0.467003 0.151260 0
0.469582 0.058586 0
36 3
0.393092 0.170015 0
0.469582 0.058586 0
0.467003 0.151260 0
37 3
0.393092 0.170015 0
0.467003 0.151260 0
0.469344 0.317669 0
38 3
0.652191 0.526206 0
0.599102 0.660603 0
0.696372 0.573022 0
39 3
0.696372 0.573022 0
0.737340 0.448870 0
0.652191 0.526206 0
40 3
0.696372 0.573022 0
0.599102 0.660603 0
0.652191 0.526206 0
41 3
0.652191 0.526206 0
0.737340 0.448870 0
0.696372 0.573022 0
42 3
0.494307 0.813356 0
0.477135 0.506529 0
0.392015 0.552486 0
43 3
0.494307 0.813356 0
0.370396 0.757594 0
0.392015 0.552486 0
44 3
0.494307 0.813356 0
0.392015 0.552486 0
0.370396 0.757594 0
45 3
0.494307 0.813356 0
0.392015 0.552486 0
0.477135 0.506529 0
46 3
0.469582 0.058586 0
0.404797 0.082998 0
0.393092 0.170015 0
47 3
0.393092 0.170015 0
0.404797 0.082998 0
0.469582 0.058586 0
48 3
0.467003 0.151260 0
0.469344 0.317669 0
0.608445 0.238783 0
49 3
0.608445 0.238783 0
0.601272 0.130001 0
0.467003 0.151260 0
50 3
0.608445 0.238783 0
0.469344 0.317669 0
0.467003 0.151260 0
51 3
0.467003 0.151260 0
0.601272 0.130001 0
0.608445 0.238783 0
52 3
0.477135 0.506529 0
0.572603 0.412009 0
0.469344 0.317669 0
53 3
0.469344 0.317669 0
0.427727 0.434700 0
0.477135 0.506529 0
54 3
0.469344 0.317669 0
0.572603 0.412009 0
0.477135 0.506529 0
55 3
0.477135 0.506529 0
0.427727 0.434700 0
0.469344 0.317669 0
56 3
0.590215 0.711168 0
0.561260 0.992789 0
0.715660 0.992570 0
57 3
0.715660 0.992570 0
0.691150 0.697741 0
0.590215 0.711168 0
58 3
0.715660 0.992570 0
0.561260 0.992789 0
0.590215 0.711168 0
59 3
0.590215 0.711168 0
0.691150 0.697741 0
0.715660 0.992570 0
60 3
0.599102 0.660603 0
0.555816 0.721915 0
0.590215 0.711168 0
61 3
0.599102 0.660603 0
0.590215 0.711168 0
0.696372 0.573022 0
62 3
0.599102 0.660603 0
0.696372 0.573022 0
0.590215 0.711168 0
63 3
0.599102 0.660603 0
0.590215 0.711168 0
0.555816 0.721915 0
64 3
0.372946 0.924925 0
0.494307 0.813356 0
0.368848 0.829115 0
65 3
0.370396 0.757594 0
0.368848 0.829115 0
0.494307 0.813356 0
66 3
0.370396 0.757594 0
0.494307 0.813356 0
0.368848 0.829115 0
67 3
0.372946 0.924925 0
0.368848 0.829115 0
0.494307 0.813356 0
68 3
0.719992 0.993119 0
0.715660 0.992570 0
0.591026 0.993331 0
69 3
0.591026 0.993331 0
0.715660 0.992570 0
0.561260 0.992789 0
70 3
0.591026 0.993331 0
0.561260 0.992789 0
0.510730 0.992858 0
71 3
0.719992 0.993119 0
0.779850 0.992464 0
0.715660 0.992570 0
72 3
0.555816 0.721915 0
0.599102 0.660603 0
0.557221 0.667266 0
73 3
0.590215 0.711168 0
0.691150 0.697741 0
0.696372 0.573022 0
74 3
0.691150 0.697741 0
0.779878 0.554298 0
0.696372 0.573022 0
75 3
0.691150 0.697741 0
0.779679 0.693913 0
0.779878 0.554298 0
76 3
0.779909 0.100679 0
0.759951 0.002982 0
0.662845 0.009814 0
77 3
0.713390 0.104905 0
0.779909 0.100679 0
0.662845 0.009814 0
78 3
0.713390 0.104905 0
0.662845 0.009814 0
0.592220 0.030910 0
79 3
0.601272 0.130001 0
0.713390 0.104905 0
0.592220 0.030910 0
80 3
0.601272 0.130001 0
0.592220 0.030910 0
0.469582 0.058586 0
81 3
0.467003 0.151260 0
0.601272 0.130001 0
0.469582 0.058586 0
82 3
0.608445 0.238783 0
0.740741 0.318979 0
0.731445 0.196545 0
83 3
0.603510 0.365948 0
0.639905 0.365326 0
0.608445 0.238783 0
84 3
0.603510 0.365948 0
0.608445 0.238783 0
0.469344 0.317669 0
85 3
0.737340 0.448870 0
0.780224 0.428993 0
0.780260 0.310850 0
86 3
0.737340 0.448870 0
0.780260 0.310850 0
0.740741 0.318979 0
87 3
0.510730 0.992858 0
0.561260 0.992789 0
0.484745 0.960340 0
88 3
0.484745 0.960340 0
0.561260 0.992789 0
0.537922 0.860055 0
89 3
0.469344 0.317669 0
0.572603 0.412009 0
0.603510 0.365948 0
90 3
0.740741 0.318979 0
0.780260 0.310850 0
0.780216 0.196923 0
91 3
0.740741 0.318979 0
0.780216 0.196923 0
0.731445 0.196545 0
92 3
0.780216 0.196923 0
0.779909 0.100679 0
0.713390 0.104905 0
93 3
0.780216 0.196923 0
0.713390 0.104905 0
0.731445 0.196545 0
94 3
0.537922 0.860055 0
0.555816 0.721915 0
0.494307 0.813356 0
95 3
0.537922 0.860055 0
0.590215 0.711168 0
0.555816 0.721915 0
96 3
0.537922 0.860055 0
0.561260 0.992789 0
0.590215 0.711168 0
97 3
0.608445 0.238783 0
0.731445 0.196545 0
0.713390 0.104905 0
98 3
0.608445 0.238783 0
0.713390 0.104905 0
0.601272 0.130001 0
99 3
0.477135 0.506529 0
0.494307 0.813356 0
0.555816 0.721915 0
100 3
0.477135 0.506529 0
0.557221 0.667266 0
0.553271 0.607595 0
101 3
0.557221 0.667266 0
0.477135 0.506529 0
0.555816 0.721915 0
102 3
0.477135 0.506529 0
0.553271 0.607595 0
0.572603 0.412009 0
103 3
0.396179 0.360318 0
0.469344 0.317669 0
0.393092 0.170015 0
104 3
0.396179 0.360318 0
0.427727 0.434700 0
0.469344 0.317669 0
105 3
0.477135 0.506529 0
0.427727 0.434700 0
0.392015 0.552486 0
106 3
0.719992 0.993119 0
0.591026 0.993331 0
0.715660 0.992570 0
107 3
0.591026 0.993331 0
0.561260 0.992789 0
0.715660 0.992570 0
108 3
0.591026 0.993331 0
0.510730 0.992858 0
0.561260 0.992789 0
109 3
0.510730 0.992858 0
0.484745 0.960340 0
0.484745 0.960340 0
110 3
0.510730 0.992858 0
0.484745 0.960340 0
0.510730 0.992858 0
111 3
0.591026 0.993331 0
0.510730 0.992858 0
0.510730 0.992858 0
112 3
0.719992 0.993119 0
0.715660 0.992570 0
0.779850 0.992464 0
113 3
0.555816 0.721915 0
0.557221 0.667266 0
0.599102 0.660603 0
114 3
0.590215 0.711168 0
0.696372 0.573022 0
0.691150 0.697741 0
115 3
0.691150 0.697741 0
0.696372 0.573022 0
0.779878 0.554298 0
116 3
0.691150 0.697741 0
0.779878 0.554298 0
0.779679 0.693913 0
117 3
0.779909 0.100679 0
0.662845 0.009814 0
0.759951 0.002982 0
118 3
0.713390 0.104905 0
0.662845 0.009814 0
0.779909 0.100679 0
119 3
0.713390 0.104905 0
0.592220 0.030910 0
0.662845 0.009814 0
120 3
0.601272 0.130001 0
0.592220 0.030910 0
0.713390 0.104905 0
121 3
0.601272 0.130001 0
0.469582 0.058586 0
0.592220 0.030910 0
122 3
0.467003 0.151260 0
0.469582 0.058586 0
0.601272 0.130001 0
123 3
0.608445 0.238783 0
0.740741 0.318979 0
0.639905 0.365326 0
124 3
0.603510 0.365948 0
0.608445 0.238783 0
0.639905 0.365326 0
125 3
0.603510 0.365948 0
0.469344 0.317669 0
0.608445 0.238783 0
126 3
0.737340 0.448870 0
0.780260 0.310850 0
0.780224 0.428993 0
127 3
0.737340 0.448870 0
0.740741 0.318979 0
0.780260 0.310850 0
128 3
0.510730 0.992858 0
0.484745 0.960340 0
0.561260 0.992789 0
129 3
0.484745 0.960340 0
0.537922 0.860055 0
0.561260 0.992789 0
130 3
0.469344 0.317669 0
0.603510 0.365948 0
0.572603 0.412009 0
131 3
0.740741 0.318979 0
0.780216 0.196923 0
0.780260 0.310850 0
132 3
0.740741 0.318979 0
0.731445 0.196545 0
0.780216 0.196923 0
133 3
0.780216 0.196923 0
0.713390 0.104905 0
0.779909 0.100679 0
134 3
0.780216 0.196923 0
0.731445 0.196545 0
0.713390 0.104905 0
135 3
0.537922 0.860055 0
0.494307 0.813356 0
0.555816 0.721915 0
136 3
0.537922 0.860055 0
0.555816 0.721915 0
0.590215 0.711168 0
137 3
0.537922 0.860055 0
0.590215 0.711168 0
0.561260 0.992789 0
138 3
0.608445 0.238783 0
0.713390 0.104905 0
0.731445 0.196545 0
139 3
0.608445 0.238783 0
0.601272 0.130001 0
0.713390 0.104905 0
140 3
0.477135 0.506529 0
0.555816 0.721915 0
0.494307 0.813356 0
141 3
0.477135 0.506529 0
0.553271 0.607595 0
0.557221 0.667266 0
142 3
0.557221 0.667266 0
0.555816 0.721915 0
0.477135 0.506529 0
143 3
0.477135 0.506529 0
0.572603 0.412009 0
0.553271 0.607595 0
144 3
0.396179 0.360318 0
0.393092 0.170015 0
0.469344 0.317669 0
145 3
0.396179 0.360318 0
0.469344 0.317669 0
0.427727 0.434700 0
146 3
0.477135 0.506529 0
0.392015 0.552486 0
0.427727 0.434700 0
147 3
0.088663 0.768580 0
0.107545 0.630998 0
0.137514 0.707157 0
148 3
0.137514 0.707157 0
0.140054 0.760205 0
0.088663 0.768580 0
149 3
0.188252 0.707156 0
0.218221 0.630998 0
0.237103 0.769292 0
150 3
0.237103 0.769292 0
0.185712 0.760161 0
0.188252 0.707156 0
151 3
0.140054 0.760205 0
0.137514 0.707157 0
0.188252 0.707156 0
152 3
0.140054 0.760205 0
0.188252 0.707156 0
0.185712 0.760161 0
153 3
0.137514 0.707157 0
0.147957 0.638301 0
0.177809 0.638301 0
154 3
0.177809 0.638301 0
0.188252 0.707156 0
0.137514 0.707157 0
155 3
0.218221 0.630998 0
0.188252 0.707156 0
0.177809 0.638301 0
156 3
0.147957 0.638301 0
0.137514 0.707157 0
0.107545 0.630998 0
157 3
0.137098 0.863403 0
0.188834 0.863522 0
0.192820 0.923114 0
158 3
0.137098 0.863403 0
0.192820 0.923114 0
0.132946 0.923114 0
159 3
0.132946 0.923114 0
0.096204 0.923729 0
0.137098 0.863403 0
160 3
0.188834 0.863522 0
0.229562 0.923729 0
0.192820 0.923114 0
161 3
0.074640 0.833577 0
0.137098 0.863403 0
0.096204 0.923729 0
162 3
0.251127 0.833577 0
0.229562 0.923729 0
0.188834 0.863522 0
163 3
0.127136 0.991387 0
0.132946 0.923114 0
0.192820 0.923114 0
164 3
0.127136 0.991387 0
0.192820 0.923114 0
0.198630 0.991387 0
165 3
0.096204 0.923729 0
0.132946 0.923114 0
0.127136 0.991387 0
166 3
0.229562 0.923729 0
0.198630 0.991387 0
0.192820 0.923114 0
167 3
0.188834 0.863522 0
0.189495 0.816215 0
0.237103 0.769292 0
168 3
0.251127 0.833577 0
0.188834 0.863522 0
0.237103 0.769292 0
169 3
0.189495 0.816215 0
0.188834 0.863522 0
0.137098 0.863403 0
170 3
0.189495 0.816215 0
0.137098 0.863403 0
0.136271 0.816215 0
171 3
0.189495 0.816215 0
0.136271 0.816215 0
0.162883 0.760151 0
172 3
0.136271 0.816215 0
0.140017 0.760030 0
0.162883 0.760151 0
173 3
0.088663 0.768580 0
0.136271 0.816215 0
0.137098 0.863403 0
174 3
0.189495 0.816215 0
0.162883 0.760151 0
0.185749 0.760030 0
175 3
0.189495 0.816215 0
0.185749 0.760030 0
0.237103 0.769292 0
176 3
0.088663 0.768580 0
0.140017 0.760030 0
0.136271 0.816215 0
177 3
0.074640 0.833577 0
0.088663 0.768580 0
0.137098 0.863403 0
178 3
0.029845 0.562928 0
0.107545 0.630998 0
0.059833 0.760707 0
179 3
0.265933 0.760707 0
0.218221 0.630998 0
0.295921 0.562928 0
180 3
0.237103 0.769292 0
0.218221 0.630998 0
0.265933 0.760707 0
181 3
0.088663 0.768580 0
0.074640 0.833577 0
0.059833 0.760707 0
182 3
0.088663 0.768580 0
0.059833 0.760707 0
0.107545 0.630998 0
183 3
0.237103 0.769292 0
0.265933 0.760707 0
0.251127 0.833577 0
184 3
0.045522 0.441563 0
0.055929 0.405304 0
0.086179 0.402260 0
185 3
0.032301 0.343923 0
0.055929 0.405304 0
0.045522 0.441563 0
186 3
0.086179 0.402260 0
0.055929 0.405304 0
0.032301 0.343923 0
187 3
0.239587 0.402080 0
0.269837 0.405124 0
0.280244 0.441384 0
188 3
0.293624 0.343923 0
0.269837 0.405124 0
0.239587 0.402080 0
189 3
0.280244 0.441384 0
0.269837 0.405124 0
0.293624 0.343923 0
190 3
0.162883 0.194729 0
0.088214 0.077666 0
0.162620 0.091128 0
191 3
0.162883 0.194729 0
0.064312 0.173390 0
0.088214 0.077666 0
192 3
0.122659 0.439882 0
0.123795 0.344735 0
0.143377 0.402107 0
193 3
0.086179 0.402260 0
0.072619 0.324990 0
0.123795 0.344735 0
194 3
0.122659 0.439882 0
0.086179 0.402260 0
0.123795 0.344735 0
195 3
0.045522 0.441563 0
0.017919 0.442921 0
0.032301 0.343923 0
196 3
0.072619 0.324990 0
0.086179 0.402260 0
0.032301 0.343923 0
197 3
0.146370 0.605742 0
0.107545 0.630998 0
0.146686 0.558065 0
198 3
0.147957 0.638301 0
0.107545 0.630998 0
0.146370 0.605742 0
199 3
0.123795 0.344735 0
0.072619 0.324990 0
0.064312 0.173390 0
200 3
0.123795 0.344735 0
0.064312 0.173390 0
0.162883 0.194729 0
201 3
0.148649 0.429744 0
0.122659 0.439882 0
0.143377 0.402107 0
202 3
0.072619 0.324990 0
0.032301 0.343923 0
0.064312 0.173390 0
203 3
0.017919 0.442921 0
0.045522 0.441563 0
0.029845 0.562928 0
204 3
0.045522 0.441563 0
0.085742 0.463779 0
0.029845 0.562928 0
205 3
0.085742 0.463779 0
0.086179 0.402260 0
0.122659 0.439882 0
206 3
0.045522 0.441563 0
0.086179 0.402260 0
0.085742 0.463779 0
207 3
0.085742 0.463779 0
0.122659 0.439882 0
0.118257 0.554474 0
208 3
0.085742 0.463779 0
0.118257 0.554474 0
0.029845 0.562928 0
209 3
0.029845 0.562928 0
0.118257 0.554474 0
0.107545 0.630998 0
210 3
0.148995 0.489180 0
0.118257 0.554474 0
0.148649 0.429744 0
211 3
0.118257 0.554474 0
0.146686 0.558065 0
0.107545 0.630998 0
212 3
0.148995 0.489180 0
0.146686 0.558065 0
0.118257 0.554474 0
213 3
0.118257 0.554474 0
0.122659 0.439882 0
0.148649 0.429744 0
214 3
0.162883 0.194729 0
0.162620 0.091128 0
0.237552 0.077666 0
215 3
0.146370 0.605742 0
0.179080 0.558065 0
0.179396 0.605742 0
216 3
0.146370 0.605742 0
0.146686 0.558065 0
0.179080 0.558065 0
217 3
0.147957 0.638301 0
0.179396 0.605742 0
0.177809 0.638301 0
218 3
0.146370 0.605742 0
0.179396 0.605742 0
0.147957 0.638301 0
219 3
0.123795 0.344735 0
0.162883 0.194729 0
0.201971 0.344735 0
220 3
0.143377 0.402107 0
0.201971 0.344735 0
0.182389 0.402107 0
221 3
0.143377 0.402107 0
0.123795 0.344735 0
0.201971 0.344735 0
222 3
0.148649 0.429744 0
0.182389 0.402107 0
0.177117 0.429744 0
223 3
0.143377 0.402107 0
0.182389 0.402107 0
0.148649 0.429744 0
224 3
0.176771 0.489180 0
0.179080 0.558065 0
0.146686 0.558065 0
225 3
0.148995 0.489180 0
0.176771 0.489180 0
0.146686 0.558065 0
226 3
0.177117 0.429744 0
0.176771 0.489180 0
0.148995 0.489180 0
227 3
0.148649 0.429744 0
0.177117 0.429744 0
0.148995 0.489180 0
228 3
0.162883 0.194729 0
0.237552 0.077666 0
0.261454 0.173390 0
229 3
0.203107 0.439702 0
0.182389 0.402107 0
0.201971 0.344735 0
230 3
0.239587 0.402080 0
0.201971 0.344735 0
0.253147 0.324990 0
231 3
0.203107 0.439702 0
0.201971 0.344735 0
0.239587 0.402080 0
232 3
0.280244 0.441384 0
0.293624 0.343923 0
0.307847 0.442921 0
233 3
0.253147 0.324990 0
0.293624 0.343923 0
0.239587 0.402080 0
234 3
0.179396 0.605742 0
0.179080 0.558065 0
0.218221 0.630998 0
235 3
0.177809 0.638301 0
0.179396 0.605742 0
0.218221 0.630998 0
236 3
0.201971 0.344735 0
0.261454 0.173390 0
0.253147 0.324990 0
237 3
0.201971 0.344735 0
0.162883 0.194729 0
0.261454 0.173390 0
238 3
0.177117 0.429744 0
0.182389 0.402107 0
0.203107 0.439702 0
239 3
0.253147 0.324990 0
0.261454 0.173390 0
0.293624 0.343923 0
240 3
0.307847 0.442921 0
0.295921 0.562928 0
0.280244 0.441384 0
241 3
0.280244 0.441384 0
0.295921 0.562928 0
0.240024 0.463600 0
242 3
0.240024 0.463600 0
0.203107 0.439702 0
0.239587 0.402080 0
243 3
0.240024 0.463600 0
0.239587 0.402080 0
0.280244 0.441384 0
244 3
0.240024 0.463600 0
0.207509 0.554474 0
0.203107 0.439702 0
245 3
0.240024 0.463600 0
0.295921 0.562928 0
0.207509 0.554474 0
246 3
0.295921 0.562928 0
0.218221 0.630998 0
0.207509 0.554474 0
247 3
0.176771 0.489180 0
0.177117 0.429744 0
0.207509 0.554474 0
248 3
0.207509 0.554474 0
0.218221 0.630998 0
0.179080 0.558065 0
249 3
0.176771 0.489180 0
0.207509 0.554474 0
0.179080 0.558065 0
250 3
0.207509 0.554474 0
0.177117 0.429744 0
0.203107 0.439702 0
251 3
0.685096 0.116504 0
0.534984 0.123830 0
0.675584 0.004226 0
252 3
0.675584 0.004226 0
0.534984 0.123830 0
0.547991 0.005319 0
253 3
0.510613 0.119690 0
0.531808 0.009039 0
0.664152 0.122089 0
254 3
0.531808 0.009039 0
0.663041 0.006060 0
0.664152 0.122089 0
255 3
0.917637 0.964945 0
0.944397 0.958034 0
0.917539 0.955395 0
256 3
0.917637 0.964945 0
0.944523 0.961692 0
0.944397 0.958034 0
257 3
0.944523 0.961692 0
0.917637 0.964945 0
0.917685 0.938989 0
258 3
0.917627 0.843682 0
0.917502 0.818063 0
0.944405 0.824624 0
259 3
0.944405 0.824624 0
0.917502 0.818063 0
0.944295 0.824268 0
260 3
0.944268 0.843071 0
0.944295 0.824268 0
0.917502 0.818063 0
261 3
0.917406 0.844863 0
0.944268 0.843071 0
0.917502 0.818063 0
262 3
0.944291 0.898330 0
0.944268 0.843071 0
0.917406 0.844863 0
263 3
0.944291 0.898330 0
0.917406 0.844863 0
0.917418 0.897817 0
264 3
0.944397 0.958034 0
0.944291 0.898330 0
0.917418 0.897817 0
265 3
0.944397 0.958034 0
0.917418 0.897817 0
0.917539 0.955395 0
266 3
0.917637 0.964945 0
0.917539 0.955395 0
0.944397 0.958034 0
267 3
0.917637 0.964945 0
0.944397 0.958034 0
0.944523 0.961692 0
268 3
0.944523 0.961692 0
0.917685 0.938989 0
0.917637 0.964945 0
269 3
0.917502 0.818063 0
0.917627 0.843682 0
0.944405 0.824624 0
270 3
0.944405 0.824624 0
0.944295 0.824268 0
0.917502 0.818063 0
271 3
0.944268 0.843071 0
0.917502 0.818063 0
0.944295 0.824268 0
272 3
0.917406 0.844863 0
0.917502 0.818063 0
0.944268 0.843071 0
273 3
0.944291 0.898330 0
0.917406 0.844863 0
0.944268 0.843071 0
274 3
0.944291 0.898330 0
0.917418 0.897817 0
0.917406 0.844863 0
275 3
0.944397 0.958034 0
0.917418 0.897817 0
0.944291 0.898330 0
276 3
0.944397 0.958034 0
0.917539 0.955395 0
0.917418 0.897817 0
277 3
0.592220 0.062231 0
0.576475 0.013684 0
0.514211 0.022332 0
278 3
0.469582 0.084251 0
0.592220 0.062231 0
0.514211 0.022332 0
279 3
0.701769 0.040010 0
0.653259 0.004950 0
0.616208 0.006046 0
280 3
0.701769 0.040010 0
0.616208 0.006046 0
0.662845 0.045446 0
281 3
0.468727 0.033320 0
0.469582 0.084251 0
0.514211 0.022332 0
282 3
0.592220 0.062231 0
0.662845 0.045446 0
0.616208 0.006046 0
283 3
0.592220 0.062231 0
0.616208 0.006046 0
0.576475 0.013684 0
284 3
0.592220 0.062231 0
0.514211 0.022332 0
0.576475 0.013684 0
285 3
0.469582 0.084251 0
0.514211 0.022332 0
0.592220 0.062231 0
286 3
0.701769 0.040010 0
0.616208 0.006046 0
0.653259 0.004950 0
287 3
0.701769 0.040010 0
0.662845 0.045446 0
0.616208 0.006046 0
288 3
0.468727 0.033320 0
0.514211 0.022332 0
0.469582 0.084251 0
289 3
0.592220 0.062231 0
0.616208 0.006046 0
0.662845 0.045446 0
290 3
0.592220 0.062231 0
0.576475 0.013684 0
0.616208 0.006046 0
291 3
0.570956 0.005843 0
0.715898 0.012709 0
0.646270 0.115972 0
292 3
0.806087 0.035489 0
0.884832 0.100909 0
0.646270 0.115972 0
293 3
0.715898 0.012709 0
0.806087 0.035489 0
0.646270 0.115972 0
294 3
0.462111 0.026114 0
0.570956 0.005843 0
0.646270 0.115972 0
295 3
0.358289 0.102000 0
0.462111 0.026114 0
0.646270 0.115972 0
296 3
0.681930 0.097693 0
0.443029 0.047178 0
0.684689 0.011977 0
297 3
0.612099 0.113141 0
0.687949 0.015175 0
0.734957 0.113889 0
298 3
0.813518 0.100874 0
0.687949 0.015175 0
0.887347 0.040844 0
299 3
0.734957 0.113889 0
0.687949 0.015175 0
0.813518 0.100874 0
300 3
0.522607 0.089391 0
0.687949 0.015175 0
0.612099 0.113141 0
301 3
0.443587 0.013717 0
0.687949 0.015175 0
0.522607 0.089391 0
302 3
0.469582 0.084251 0
0.468727 0.033320 0
0.396616 0.103674 0
303 3
0.469582 0.084251 0
0.396616 0.103674 0
0.468727 0.033320 0
304 3
0.838058 0.995050 0
0.894381 0.994090 0
0.781735 0.994090 0
305 3
0.886869 0.108687 0
0.805752 0.006076 0
0.788753 0.108687 0
306 3
0.886869 0.108687 0
0.869863 0.006076 0
0.805752 0.006076 0
307 3
0.688744 0.112784 0
0.647077 0.008369 0
0.579762 0.008369 0
308 3
0.688744 0.112784 0
0.579762 0.008369 0
0.538087 0.112784 0
309 3
0.887011 0.210059 0
0.788753 0.108687 0
0.788622 0.210059 0
310 3
0.887011 0.210059 0
0.886869 0.108687 0
0.788753 0.108687 0
311 3
0.888616 0.330057 0
0.788622 0.210059 0
0.787239 0.330057 0
312 3
0.888616 0.330057 0
0.887011 0.210059 0
0.788622 0.210059 0
313 3
0.886540 0.436998 0
0.787239 0.330057 0
0.789313 0.436998 0
314 3
0.886540 0.436998 0
0.888616 0.330057 0
0.787239 0.330057 0
315 3
0.887762 0.552663 0
0.789313 0.436998 0
0.788098 0.552663 0
316 3
0.887762 0.552663 0
0.886540 0.436998 0
0.789313 0.436998 0
317 3
0.888812 0.693923 0
0.788098 0.552663 0
0.787270 0.693923 0
318 3
0.888812 0.693923 0
0.887762 0.552663 0
0.788098 0.552663 0
319 3
0.894381 0.994090 0
0.787270 0.693923 0
0.781735 0.994090 0
320 3
0.894381 0.994090 0
0.888812 0.693923 0
0.787270 0.693923 0
4
0.000000 0.000000 0.000000
0.000000 0.000000 0.000000
0.000000 0.000000 0.000000
1.000000 1.000000 1.000000
