1
8
Philadelphia\LWO\hd_amcki.tga
Philadelphia\LWO\hd_amcki.tga
Philadelphia\LWO\hd_amcki.tga
Philadelphia\LWO\hd_amcki.tga
Philadelphia\LWO\hd_amcki.tga
Philadelphia\LWO\hd_amcki.tga
Philadelphia\LWO\hd_amcki.tga
Philadelphia\LWO\hd_amcki.tga
317
0 3
0.232634 0.007442 0
0.266209 0.142517 0
0.168260 0.151722 0
1 3
0.168260 0.151722 0
0.168645 0.035627 0
0.232634 0.007442 0
2 3
0.136559 0.845687 0
0.200880 0.845796 0
0.195692 0.938792 0
3 3
0.136559 0.845687 0
0.195692 0.938792 0
0.141748 0.938792 0
4 3
0.352046 0.984956 0
0.493479 0.844764 0
0.532539 0.872546 0
5 3
0.352046 0.984956 0
0.486409 0.959703 0
0.532539 0.872546 0
6 3
0.352046 0.984956 0
0.532539 0.872546 0
0.486409 0.959703 0
7 3
0.352046 0.984956 0
0.532539 0.872546 0
0.493479 0.844764 0
8 3
0.141748 0.938792 0
0.102730 0.920424 0
0.136559 0.845687 0
9 3
0.200880 0.845796 0
0.241527 0.920424 0
0.195692 0.938792 0
10 3
0.084037 0.841185 0
0.136559 0.845687 0
0.102730 0.920424 0
11 3
0.253946 0.841185 0
0.241527 0.920424 0
0.200880 0.845796 0
12 3
0.486409 0.959703 0
0.486409 0.959703 0
0.352046 0.984956 0
13 3
0.486409 0.959703 0
0.352046 0.984956 0
0.352046 0.984956 0
14 3
0.129352 0.979494 0
0.141748 0.938792 0
0.195692 0.938792 0
15 3
0.129352 0.979494 0
0.195692 0.938792 0
0.208869 0.979494 0
16 3
0.102730 0.920424 0
0.141748 0.938792 0
0.129352 0.979494 0
17 3
0.241527 0.920424 0
0.208869 0.979494 0
0.195692 0.938792 0
18 3
0.621176 0.280913 0
0.639882 0.399704 0
0.734390 0.435814 0
19 3
0.621176 0.280913 0
0.735453 0.281716 0
0.734390 0.435814 0
20 3
0.639882 0.399704 0
0.667208 0.445553 0
0.734390 0.435814 0
21 3
0.734390 0.435814 0
0.667208 0.445553 0
0.639882 0.399704 0
22 3
0.713872 0.990763 0
0.796552 0.990863 0
0.793393 0.729323 0
23 3
0.713872 0.990763 0
0.705944 0.733009 0
0.793393 0.729323 0
24 3
0.713872 0.990763 0
0.793393 0.729323 0
0.705944 0.733009 0
25 3
0.713872 0.990763 0
0.793393 0.729323 0
0.796552 0.990863 0
26 3
0.384993 0.127873 0
0.460752 0.291932 0
0.467440 0.120403 0
27 3
0.384993 0.127873 0
0.467440 0.120403 0
0.472566 0.007253 0
28 3
0.384993 0.127873 0
0.472566 0.007253 0
0.467440 0.120403 0
29 3
0.384993 0.127873 0
0.467440 0.120403 0
0.460752 0.291932 0
30 3
0.623417 0.408289 0
0.559420 0.587391 0
0.570040 0.642682 0
31 3
0.623417 0.408289 0
0.595329 0.634341 0
0.570040 0.642682 0
32 3
0.623417 0.408289 0
0.570040 0.642682 0
0.595329 0.634341 0
33 3
0.623417 0.408289 0
0.570040 0.642682 0
0.559420 0.587391 0
34 3
0.623417 0.408289 0
0.582866 0.446064 0
0.559420 0.587391 0
35 3
0.559420 0.587391 0
0.582866 0.446064 0
0.623417 0.408289 0
36 3
0.667230 0.559970 0
0.594618 0.658438 0
0.706239 0.638553 0
37 3
0.706239 0.638553 0
0.726511 0.534896 0
0.667230 0.559970 0
38 3
0.706239 0.638553 0
0.594618 0.658438 0
0.667230 0.559970 0
39 3
0.667230 0.559970 0
0.726511 0.534896 0
0.706239 0.638553 0
40 3
0.493479 0.844764 0
0.463866 0.563269 0
0.379838 0.558817 0
41 3
0.493479 0.844764 0
0.354485 0.764129 0
0.379838 0.558817 0
42 3
0.493479 0.844764 0
0.379838 0.558817 0
0.354485 0.764129 0
43 3
0.493479 0.844764 0
0.379838 0.558817 0
0.463866 0.563269 0
44 3
0.200880 0.845796 0
0.197572 0.814943 0
0.234178 0.759508 0
45 3
0.253946 0.841185 0
0.200880 0.845796 0
0.234178 0.759508 0
46 3
0.197572 0.814943 0
0.200880 0.845796 0
0.136559 0.845687 0
47 3
0.197572 0.814943 0
0.136559 0.845687 0
0.139869 0.814944 0
48 3
0.197572 0.814943 0
0.139869 0.814944 0
0.168720 0.748132 0
49 3
0.139869 0.814944 0
0.139021 0.748514 0
0.168720 0.748132 0
50 3
0.103262 0.758879 0
0.139869 0.814944 0
0.136559 0.845687 0
51 3
0.197572 0.814943 0
0.168720 0.748132 0
0.198418 0.748512 0
52 3
0.197572 0.814943 0
0.198418 0.748512 0
0.234178 0.759508 0
53 3
0.103262 0.758879 0
0.139021 0.748514 0
0.139869 0.814944 0
54 3
0.084037 0.841185 0
0.103262 0.758879 0
0.136559 0.845687 0
55 3
0.048760 0.574636 0
0.120568 0.620203 0
0.075875 0.766425 0
56 3
0.261565 0.766425 0
0.216755 0.620203 0
0.288679 0.574636 0
57 3
0.234178 0.759508 0
0.216755 0.620203 0
0.261565 0.766425 0
58 3
0.103262 0.758879 0
0.120568 0.620203 0
0.139055 0.748911 0
59 3
0.216755 0.620203 0
0.198385 0.748869 0
0.185661 0.639674 0
60 3
0.185661 0.639674 0
0.198385 0.748869 0
0.151422 0.639674 0
61 3
0.198385 0.748869 0
0.139055 0.748911 0
0.151422 0.639674 0
62 3
0.151422 0.639674 0
0.139055 0.748911 0
0.120568 0.620203 0
63 3
0.103262 0.758879 0
0.084037 0.841185 0
0.075875 0.766425 0
64 3
0.103262 0.758879 0
0.075875 0.766425 0
0.120568 0.620203 0
65 3
0.234178 0.759508 0
0.198385 0.748869 0
0.216755 0.620203 0
66 3
0.234178 0.759508 0
0.261565 0.766425 0
0.253946 0.841185 0
67 3
0.046532 0.449729 0
0.055856 0.413684 0
0.086663 0.409870 0
68 3
0.044493 0.336027 0
0.055856 0.413684 0
0.046532 0.449729 0
69 3
0.086663 0.409870 0
0.055856 0.413684 0
0.044493 0.336027 0
70 3
0.246632 0.402441 0
0.276562 0.406255 0
0.286762 0.442300 0
71 3
0.289647 0.313739 0
0.276562 0.406255 0
0.246632 0.402441 0
72 3
0.286762 0.442300 0
0.276562 0.406255 0
0.289647 0.313739 0
73 3
0.493479 0.844764 0
0.349793 0.934118 0
0.352046 0.984956 0
74 3
0.493479 0.844764 0
0.352046 0.984956 0
0.349793 0.934118 0
75 3
0.472566 0.007253 0
0.408969 0.033100 0
0.384993 0.127873 0
76 3
0.384993 0.127873 0
0.408969 0.033100 0
0.472566 0.007253 0
77 3
0.467440 0.120403 0
0.460752 0.291932 0
0.621176 0.280913 0
78 3
0.621176 0.280913 0
0.615999 0.103102 0
0.467440 0.120403 0
79 3
0.621176 0.280913 0
0.460752 0.291932 0
0.467440 0.120403 0
80 3
0.467440 0.120403 0
0.615999 0.103102 0
0.621176 0.280913 0
81 3
0.463866 0.563269 0
0.582866 0.446064 0
0.460752 0.291932 0
82 3
0.460752 0.291932 0
0.432296 0.426363 0
0.463866 0.563269 0
83 3
0.460752 0.291932 0
0.582866 0.446064 0
0.463866 0.563269 0
84 3
0.463866 0.563269 0
0.432296 0.426363 0
0.460752 0.291932 0
85 3
0.592813 0.741272 0
0.552207 0.990413 0
0.713872 0.990763 0
86 3
0.713872 0.990763 0
0.705944 0.733009 0
0.592813 0.741272 0
87 3
0.713872 0.990763 0
0.552207 0.990413 0
0.592813 0.741272 0
88 3
0.592813 0.741272 0
0.705944 0.733009 0
0.713872 0.990763 0
89 3
0.623417 0.408289 0
0.595329 0.634341 0
0.645820 0.559380 0
90 3
0.645820 0.559380 0
0.654319 0.456903 0
0.623417 0.408289 0
91 3
0.623417 0.408289 0
0.654319 0.456903 0
0.645820 0.559380 0
92 3
0.623417 0.408289 0
0.645820 0.559380 0
0.595329 0.634341 0
93 3
0.594618 0.658438 0
0.558481 0.749629 0
0.592813 0.741272 0
94 3
0.594618 0.658438 0
0.592813 0.741272 0
0.706239 0.638553 0
95 3
0.594618 0.658438 0
0.706239 0.638553 0
0.592813 0.741272 0
96 3
0.594618 0.658438 0
0.592813 0.741272 0
0.558481 0.749629 0
97 3
0.349793 0.934118 0
0.493479 0.844764 0
0.352223 0.833706 0
98 3
0.354485 0.764129 0
0.352223 0.833706 0
0.493479 0.844764 0
99 3
0.354485 0.764129 0
0.493479 0.844764 0
0.352223 0.833706 0
100 3
0.349793 0.934118 0
0.352223 0.833706 0
0.493479 0.844764 0
101 3
0.722365 0.990979 0
0.713872 0.990763 0
0.557548 0.990605 0
102 3
0.557548 0.990605 0
0.713872 0.990763 0
0.552207 0.990413 0
103 3
0.557548 0.990605 0
0.552207 0.990413 0
0.498393 0.990645 0
104 3
0.722365 0.990979 0
0.796552 0.990863 0
0.713872 0.990763 0
105 3
0.785639 0.091106 0
0.724783 0.048679 0
0.822573 0.014117 0
106 3
0.168260 0.151722 0
0.100893 0.031886 0
0.168645 0.035627 0
107 3
0.558481 0.749629 0
0.594618 0.658438 0
0.560266 0.657320 0
108 3
0.915596 0.597784 0
0.993272 0.594399 0
0.915492 0.591132 0
109 3
0.915596 0.597784 0
0.993990 0.593508 0
0.993272 0.594399 0
110 3
0.592813 0.741272 0
0.705944 0.733009 0
0.706239 0.638553 0
111 3
0.705944 0.733009 0
0.796093 0.636732 0
0.706239 0.638553 0
112 3
0.705944 0.733009 0
0.793393 0.729323 0
0.796093 0.636732 0
113 3
0.802265 0.104255 0
0.765127 0.012587 0
0.693974 0.009675 0
114 3
0.721992 0.106676 0
0.802265 0.104255 0
0.693974 0.009675 0
115 3
0.721992 0.106676 0
0.693974 0.009675 0
0.612620 0.007674 0
116 3
0.615999 0.103102 0
0.721992 0.106676 0
0.612620 0.007674 0
117 3
0.615999 0.103102 0
0.612620 0.007674 0
0.472566 0.007253 0
118 3
0.467440 0.120403 0
0.615999 0.103102 0
0.472566 0.007253 0
119 3
0.621176 0.280913 0
0.734390 0.435814 0
0.735453 0.281716 0
120 3
0.601076 0.398807 0
0.639882 0.399704 0
0.621176 0.280913 0
121 3
0.601076 0.398807 0
0.621176 0.280913 0
0.460752 0.291932 0
122 3
0.726511 0.534896 0
0.814149 0.527264 0
0.826656 0.431233 0
123 3
0.726511 0.534896 0
0.826656 0.431233 0
0.734390 0.435814 0
124 3
0.667230 0.559970 0
0.726511 0.534896 0
0.734390 0.435814 0
125 3
0.667230 0.559970 0
0.734390 0.435814 0
0.667208 0.445553 0
126 3
0.706239 0.638553 0
0.796093 0.636732 0
0.814149 0.527264 0
127 3
0.706239 0.638553 0
0.814149 0.527264 0
0.726511 0.534896 0
128 3
0.498393 0.990645 0
0.552207 0.990413 0
0.486409 0.959703 0
129 3
0.486409 0.959703 0
0.552207 0.990413 0
0.532539 0.872546 0
130 3
0.993990 0.593508 0
0.915596 0.597784 0
0.915639 0.553693 0
131 3
0.460752 0.291932 0
0.582866 0.446064 0
0.601076 0.398807 0
132 3
0.915543 0.451630 0
0.915359 0.414419 0
0.992921 0.415718 0
133 3
0.992921 0.415718 0
0.915359 0.414419 0
0.991998 0.416433 0
134 3
0.991597 0.442362 0
0.991998 0.416433 0
0.915359 0.414419 0
135 3
0.915216 0.444325 0
0.991597 0.442362 0
0.915359 0.414419 0
136 3
0.992141 0.546004 0
0.991597 0.442362 0
0.915216 0.444325 0
137 3
0.992141 0.546004 0
0.915216 0.444325 0
0.915276 0.545533 0
138 3
0.993272 0.594399 0
0.992141 0.546004 0
0.915276 0.545533 0
139 3
0.993272 0.594399 0
0.915276 0.545533 0
0.915492 0.591132 0
140 3
0.737950 0.107590 0
0.738389 0.010641 0
0.673768 0.010417 0
141 3
0.595044 0.111367 0
0.737950 0.107590 0
0.673768 0.010417 0
142 3
0.698182 0.194558 0
0.694627 0.114183 0
0.785136 0.161579 0
143 3
0.734390 0.435814 0
0.826656 0.431233 0
0.827210 0.283936 0
144 3
0.734390 0.435814 0
0.827210 0.283936 0
0.735453 0.281716 0
145 3
0.827210 0.283936 0
0.802265 0.104255 0
0.721992 0.106676 0
146 3
0.827210 0.283936 0
0.721992 0.106676 0
0.735453 0.281716 0
147 3
0.889312 0.064966 0
0.887939 0.007178 0
0.822934 0.008368 0
148 3
0.889312 0.064966 0
0.822934 0.008368 0
0.822740 0.102833 0
149 3
0.710292 0.056398 0
0.761904 0.018370 0
0.785136 0.161579 0
150 3
0.532539 0.872546 0
0.558481 0.749629 0
0.493479 0.844764 0
151 3
0.532539 0.872546 0
0.592813 0.741272 0
0.558481 0.749629 0
152 3
0.694627 0.114183 0
0.710292 0.056398 0
0.785136 0.161579 0
153 3
0.714141 0.260744 0
0.698182 0.194558 0
0.785136 0.161579 0
154 3
0.785053 0.325444 0
0.714141 0.260744 0
0.785136 0.161579 0
155 3
0.168260 0.151722 0
0.070293 0.142517 0
0.100893 0.031886 0
156 3
0.532539 0.872546 0
0.552207 0.990413 0
0.592813 0.741272 0
157 3
0.621176 0.280913 0
0.735453 0.281716 0
0.721992 0.106676 0
158 3
0.621176 0.280913 0
0.721992 0.106676 0
0.615999 0.103102 0
159 3
0.595186 0.009386 0
0.595044 0.111367 0
0.673768 0.010417 0
160 3
0.528178 0.014647 0
0.525807 0.111204 0
0.595186 0.009386 0
161 3
0.595044 0.111367 0
0.595186 0.009386 0
0.525807 0.111204 0
162 3
0.737950 0.107590 0
0.822740 0.102833 0
0.822934 0.008368 0
163 3
0.737950 0.107590 0
0.822934 0.008368 0
0.738389 0.010641 0
164 3
0.463866 0.563269 0
0.493479 0.844764 0
0.558481 0.749629 0
165 3
0.463866 0.563269 0
0.560266 0.657320 0
0.559420 0.587391 0
166 3
0.560266 0.657320 0
0.463866 0.563269 0
0.558481 0.749629 0
167 3
0.463866 0.563269 0
0.559420 0.587391 0
0.582866 0.446064 0
168 3
0.129414 0.447106 0
0.137916 0.354331 0
0.155970 0.404922 0
169 3
0.086663 0.409870 0
0.085793 0.339617 0
0.137916 0.354331 0
170 3
0.129414 0.447106 0
0.086663 0.409870 0
0.137916 0.354331 0
171 3
0.046532 0.449729 0
0.030452 0.444585 0
0.044493 0.336027 0
172 3
0.085793 0.339617 0
0.086663 0.409870 0
0.044493 0.336027 0
173 3
0.150230 0.614200 0
0.120568 0.620203 0
0.150468 0.558408 0
174 3
0.151422 0.639674 0
0.120568 0.620203 0
0.150230 0.614200 0
175 3
0.379306 0.303406 0
0.460752 0.291932 0
0.384993 0.127873 0
176 3
0.379306 0.303406 0
0.432296 0.426363 0
0.460752 0.291932 0
177 3
0.137916 0.354331 0
0.085793 0.339617 0
0.070293 0.142517 0
178 3
0.137916 0.354331 0
0.070293 0.142517 0
0.168260 0.151722 0
179 3
0.156611 0.433832 0
0.129414 0.447106 0
0.155970 0.404922 0
180 3
0.085793 0.339617 0
0.044493 0.336027 0
0.070293 0.142517 0
181 3
0.463866 0.563269 0
0.432296 0.426363 0
0.379838 0.558817 0
182 3
0.030452 0.444585 0
0.046532 0.449729 0
0.048760 0.574636 0
183 3
0.046532 0.449729 0
0.086253 0.471027 0
0.048760 0.574636 0
184 3
0.086253 0.471027 0
0.086663 0.409870 0
0.129414 0.447106 0
185 3
0.046532 0.449729 0
0.086663 0.409870 0
0.086253 0.471027 0
186 3
0.086253 0.471027 0
0.129414 0.447106 0
0.121681 0.578951 0
187 3
0.086253 0.471027 0
0.121681 0.578951 0
0.048760 0.574636 0
188 3
0.048760 0.574636 0
0.121681 0.578951 0
0.120568 0.620203 0
189 3
0.154614 0.483167 0
0.121681 0.578951 0
0.156611 0.433832 0
190 3
0.121681 0.578951 0
0.150468 0.558408 0
0.120568 0.620203 0
191 3
0.154614 0.483167 0
0.150468 0.558408 0
0.121681 0.578951 0
192 3
0.121681 0.578951 0
0.129414 0.447106 0
0.156611 0.433832 0
193 3
0.767432 0.989407 0
0.889764 0.990352 0
0.766847 0.990352 0
194 3
0.722365 0.990979 0
0.557548 0.990605 0
0.713872 0.990763 0
195 3
0.557548 0.990605 0
0.552207 0.990413 0
0.713872 0.990763 0
196 3
0.557548 0.990605 0
0.498393 0.990645 0
0.552207 0.990413 0
197 3
0.498393 0.990645 0
0.486409 0.959703 0
0.486409 0.959703 0
198 3
0.498393 0.990645 0
0.486409 0.959703 0
0.498393 0.990645 0
199 3
0.557548 0.990605 0
0.498393 0.990645 0
0.498393 0.990645 0
200 3
0.889696 0.103929 0
0.767220 0.010550 0
0.766779 0.103929 0
201 3
0.889696 0.103929 0
0.890137 0.010550 0
0.767220 0.010550 0
202 3
0.808368 0.018370 0
0.785136 0.161579 0
0.761904 0.018370 0
203 3
0.718179 0.086476 0
0.718996 0.012099 0
0.650429 0.009877 0
204 3
0.718179 0.086476 0
0.650429 0.009877 0
0.649612 0.084254 0
205 3
0.889400 0.291754 0
0.766779 0.103929 0
0.766482 0.291754 0
206 3
0.889400 0.291754 0
0.889696 0.103929 0
0.766779 0.103929 0
207 3
0.889406 0.428451 0
0.766482 0.291754 0
0.766489 0.428451 0
208 3
0.889406 0.428451 0
0.889400 0.291754 0
0.766482 0.291754 0
209 3
0.889555 0.527862 0
0.766489 0.428451 0
0.766638 0.527862 0
210 3
0.889555 0.527862 0
0.889406 0.428451 0
0.766489 0.428451 0
211 3
0.889769 0.636784 0
0.766638 0.527862 0
0.766852 0.636784 0
212 3
0.889769 0.636784 0
0.889555 0.527862 0
0.766638 0.527862 0
213 3
0.889802 0.735414 0
0.766852 0.636784 0
0.766884 0.735414 0
214 3
0.889802 0.735414 0
0.889769 0.636784 0
0.766852 0.636784 0
215 3
0.889764 0.990352 0
0.766884 0.735414 0
0.766847 0.990352 0
216 3
0.889764 0.990352 0
0.889802 0.735414 0
0.766884 0.735414 0
217 3
0.722365 0.990979 0
0.713872 0.990763 0
0.796552 0.990863 0
218 3
0.785639 0.091106 0
0.822573 0.014117 0
0.887038 0.039657 0
219 3
0.150230 0.614200 0
0.186615 0.558408 0
0.186853 0.614200 0
220 3
0.150230 0.614200 0
0.150468 0.558408 0
0.186615 0.558408 0
221 3
0.151422 0.639674 0
0.186853 0.614200 0
0.185661 0.639674 0
222 3
0.150230 0.614200 0
0.186853 0.614200 0
0.151422 0.639674 0
223 3
0.137916 0.354331 0
0.168260 0.151722 0
0.199523 0.346902 0
224 3
0.155970 0.404922 0
0.199523 0.346902 0
0.181470 0.404922 0
225 3
0.155970 0.404922 0
0.137916 0.354331 0
0.199523 0.346902 0
226 3
0.156611 0.433832 0
0.181470 0.404922 0
0.180828 0.433832 0
227 3
0.155970 0.404922 0
0.181470 0.404922 0
0.156611 0.433832 0
228 3
0.182826 0.483167 0
0.186615 0.558408 0
0.150468 0.558408 0
229 3
0.154614 0.483167 0
0.182826 0.483167 0
0.150468 0.558408 0
230 3
0.180828 0.433832 0
0.182826 0.483167 0
0.154614 0.483167 0
231 3
0.156611 0.433832 0
0.180828 0.433832 0
0.154614 0.483167 0
232 3
0.558481 0.749629 0
0.560266 0.657320 0
0.594618 0.658438 0
233 3
0.915596 0.597784 0
0.915492 0.591132 0
0.993272 0.594399 0
234 3
0.915596 0.597784 0
0.993272 0.594399 0
0.993990 0.593508 0
235 3
0.592813 0.741272 0
0.706239 0.638553 0
0.705944 0.733009 0
236 3
0.705944 0.733009 0
0.706239 0.638553 0
0.796093 0.636732 0
237 3
0.705944 0.733009 0
0.796093 0.636732 0
0.793393 0.729323 0
238 3
0.802265 0.104255 0
0.693974 0.009675 0
0.765127 0.012587 0
239 3
0.721992 0.106676 0
0.693974 0.009675 0
0.802265 0.104255 0
240 3
0.721992 0.106676 0
0.612620 0.007674 0
0.693974 0.009675 0
241 3
0.615999 0.103102 0
0.612620 0.007674 0
0.721992 0.106676 0
242 3
0.615999 0.103102 0
0.472566 0.007253 0
0.612620 0.007674 0
243 3
0.467440 0.120403 0
0.472566 0.007253 0
0.615999 0.103102 0
244 3
0.621176 0.280913 0
0.734390 0.435814 0
0.639882 0.399704 0
245 3
0.601076 0.398807 0
0.621176 0.280913 0
0.639882 0.399704 0
246 3
0.601076 0.398807 0
0.460752 0.291932 0
0.621176 0.280913 0
247 3
0.726511 0.534896 0
0.826656 0.431233 0
0.814149 0.527264 0
248 3
0.726511 0.534896 0
0.734390 0.435814 0
0.826656 0.431233 0
249 3
0.667230 0.559970 0
0.734390 0.435814 0
0.726511 0.534896 0
250 3
0.667230 0.559970 0
0.667208 0.445553 0
0.734390 0.435814 0
251 3
0.706239 0.638553 0
0.814149 0.527264 0
0.796093 0.636732 0
252 3
0.706239 0.638553 0
0.726511 0.534896 0
0.814149 0.527264 0
253 3
0.498393 0.990645 0
0.486409 0.959703 0
0.552207 0.990413 0
254 3
0.486409 0.959703 0
0.532539 0.872546 0
0.552207 0.990413 0
255 3
0.993990 0.593508 0
0.915639 0.553693 0
0.915596 0.597784 0
256 3
0.460752 0.291932 0
0.601076 0.398807 0
0.582866 0.446064 0
257 3
0.915359 0.414419 0
0.915543 0.451630 0
0.992921 0.415718 0
258 3
0.992921 0.415718 0
0.991998 0.416433 0
0.915359 0.414419 0
259 3
0.991597 0.442362 0
0.915359 0.414419 0
0.991998 0.416433 0
260 3
0.915216 0.444325 0
0.915359 0.414419 0
0.991597 0.442362 0
261 3
0.992141 0.546004 0
0.915216 0.444325 0
0.991597 0.442362 0
262 3
0.992141 0.546004 0
0.915276 0.545533 0
0.915216 0.444325 0
263 3
0.993272 0.594399 0
0.915276 0.545533 0
0.992141 0.546004 0
264 3
0.993272 0.594399 0
0.915492 0.591132 0
0.915276 0.545533 0
265 3
0.737950 0.107590 0
0.673768 0.010417 0
0.738389 0.010641 0
266 3
0.595044 0.111367 0
0.673768 0.010417 0
0.737950 0.107590 0
267 3
0.872090 0.194558 0
0.785136 0.161579 0
0.875645 0.114183 0
268 3
0.734390 0.435814 0
0.827210 0.283936 0
0.826656 0.431233 0
269 3
0.734390 0.435814 0
0.735453 0.281716 0
0.827210 0.283936 0
270 3
0.827210 0.283936 0
0.721992 0.106676 0
0.802265 0.104255 0
271 3
0.827210 0.283936 0
0.735453 0.281716 0
0.721992 0.106676 0
272 3
0.889312 0.064966 0
0.822934 0.008368 0
0.887939 0.007178 0
273 3
0.889312 0.064966 0
0.822740 0.102833 0
0.822934 0.008368 0
274 3
0.863274 0.056398 0
0.785136 0.161579 0
0.808368 0.018370 0
275 3
0.532539 0.872546 0
0.493479 0.844764 0
0.558481 0.749629 0
276 3
0.532539 0.872546 0
0.558481 0.749629 0
0.592813 0.741272 0
277 3
0.875645 0.114183 0
0.785136 0.161579 0
0.863274 0.056398 0
278 3
0.856131 0.260744 0
0.785136 0.161579 0
0.872090 0.194558 0
279 3
0.785053 0.325444 0
0.785136 0.161579 0
0.856131 0.260744 0
280 3
0.532539 0.872546 0
0.592813 0.741272 0
0.552207 0.990413 0
281 3
0.621176 0.280913 0
0.721992 0.106676 0
0.735453 0.281716 0
282 3
0.621176 0.280913 0
0.615999 0.103102 0
0.721992 0.106676 0
283 3
0.595186 0.009386 0
0.673768 0.010417 0
0.595044 0.111367 0
284 3
0.528178 0.014647 0
0.595186 0.009386 0
0.525807 0.111204 0
285 3
0.595044 0.111367 0
0.525807 0.111204 0
0.595186 0.009386 0
286 3
0.737950 0.107590 0
0.822934 0.008368 0
0.822740 0.102833 0
287 3
0.737950 0.107590 0
0.738389 0.010641 0
0.822934 0.008368 0
288 3
0.463866 0.563269 0
0.558481 0.749629 0
0.493479 0.844764 0
289 3
0.463866 0.563269 0
0.559420 0.587391 0
0.560266 0.657320 0
290 3
0.560266 0.657320 0
0.558481 0.749629 0
0.463866 0.563269 0
291 3
0.463866 0.563269 0
0.582866 0.446064 0
0.559420 0.587391 0
292 3
0.203881 0.439677 0
0.181470 0.404922 0
0.199523 0.346902 0
293 3
0.246632 0.402441 0
0.199523 0.346902 0
0.247502 0.324758 0
294 3
0.203881 0.439677 0
0.199523 0.346902 0
0.246632 0.402441 0
295 3
0.286762 0.442300 0
0.289647 0.313739 0
0.306988 0.444585 0
296 3
0.247502 0.324758 0
0.289647 0.313739 0
0.246632 0.402441 0
297 3
0.186853 0.614200 0
0.186615 0.558408 0
0.216755 0.620203 0
298 3
0.185661 0.639674 0
0.186853 0.614200 0
0.216755 0.620203 0
299 3
0.379529 0.302744 0
0.384993 0.127873 0
0.460752 0.291932 0
300 3
0.379529 0.302744 0
0.460752 0.291932 0
0.432296 0.426363 0
301 3
0.199523 0.346902 0
0.266209 0.142517 0
0.247502 0.324758 0
302 3
0.199523 0.346902 0
0.168260 0.151722 0
0.266209 0.142517 0
303 3
0.180828 0.433832 0
0.181470 0.404922 0
0.203881 0.439677 0
304 3
0.247502 0.324758 0
0.266209 0.142517 0
0.289647 0.313739 0
305 3
0.463866 0.563269 0
0.379838 0.558817 0
0.432296 0.426363 0
306 3
0.306988 0.444585 0
0.288679 0.574636 0
0.286762 0.442300 0
307 3
0.286762 0.442300 0
0.288679 0.574636 0
0.247042 0.463598 0
308 3
0.247042 0.463598 0
0.203881 0.439677 0
0.246632 0.402441 0
309 3
0.247042 0.463598 0
0.246632 0.402441 0
0.286762 0.442300 0
310 3
0.247042 0.463598 0
0.215402 0.578951 0
0.203881 0.439677 0
311 3
0.247042 0.463598 0
0.288679 0.574636 0
0.215402 0.578951 0
312 3
0.288679 0.574636 0
0.216755 0.620203 0
0.215402 0.578951 0
313 3
0.182826 0.483167 0
0.180828 0.433832 0
0.215402 0.578951 0
314 3
0.215402 0.578951 0
0.216755 0.620203 0
0.186615 0.558408 0
315 3
0.182826 0.483167 0
0.215402 0.578951 0
0.186615 0.558408 0
316 3
0.215402 0.578951 0
0.180828 0.433832 0
0.203881 0.439677 0
4
0.000000 0.000000 0.000000
0.000000 0.000000 0.000000
0.000000 0.000000 0.000000
10.689021 20.725601 15.707312
4
0.000000 -90.000000 0.000000
0.000000 180.000000 0.000000
0.000000 0.000000 0.000000
13.466158 25.932316 16.395344
4
0.000000 -90.000000 0.000000
0.000000 0.000000 0.000000
0.000000 0.000000 0.000000
15.985721 5.172077 10.578899
4
-90.000000 0.000000 0.000000
0.000000 0.000000 0.000000
0.000000 0.000000 0.000000
6.139156 3.569578 8.818343
4
0.000000 -90.000000 0.000000
0.000000 0.000000 0.000000
0.000000 0.000000 0.000000
5.438915 25.286335 15.362625
4
0.000000 0.000000 0.000000
0.000000 0.000000 0.000000
0.000000 0.000000 0.000000
1.000000 1.000000 1.000000
4
0.000000 0.000000 0.000000
0.000000 0.000000 0.000000
0.000000 0.000000 0.000000
1.000000 1.000000 1.000000
4
0.000000 0.000000 0.000000
0.000000 0.000000 0.000000
0.000000 0.000000 0.000000
1.000000 1.000000 1.000000
