1
6
Philadelphia\LWO\hd_aiver.tga
Philadelphia\LWO\hd_aiver.tga
Philadelphia\LWO\hd_aiver.tga
Philadelphia\LWO\hd_aiver.tga
Philadelphia\LWO\hd_aiver.tga
Philadelphia\LWO\hd_aiver.tga
321
0 3
0.320199 0.933831 0
0.412543 0.959875 0
0.470791 0.868506 0
1 3
0.320199 0.933831 0
0.426520 0.840881 0
0.470791 0.868506 0
2 3
0.320199 0.933831 0
0.470791 0.868506 0
0.426520 0.840881 0
3 3
0.320199 0.933831 0
0.470791 0.868506 0
0.412543 0.959875 0
4 3
0.320199 0.933831 0
0.319326 0.986722 0
0.412543 0.959875 0
5 3
0.412543 0.959875 0
0.319326 0.986722 0
0.320199 0.933831 0
6 3
0.422650 0.552385 0
0.426520 0.840881 0
0.497792 0.775651 0
7 3
0.422650 0.552385 0
0.497792 0.775651 0
0.516243 0.710790 0
8 3
0.422650 0.552385 0
0.516243 0.710790 0
0.515659 0.636035 0
9 3
0.497792 0.775651 0
0.426520 0.840881 0
0.422650 0.552385 0
10 3
0.422650 0.552385 0
0.515659 0.636035 0
0.516243 0.710790 0
11 3
0.422650 0.552385 0
0.516243 0.710790 0
0.497792 0.775651 0
12 3
0.545378 0.430212 0
0.581718 0.319810 0
0.419114 0.361391 0
13 3
0.545378 0.430212 0
0.419114 0.361391 0
0.581718 0.319810 0
14 3
0.419114 0.361391 0
0.535838 0.474021 0
0.545378 0.430212 0
15 3
0.419114 0.361391 0
0.545378 0.430212 0
0.535838 0.474021 0
16 3
0.426520 0.840881 0
0.422650 0.552385 0
0.334638 0.593288 0
17 3
0.426520 0.840881 0
0.332092 0.780883 0
0.334638 0.593288 0
18 3
0.426520 0.840881 0
0.334638 0.593288 0
0.332092 0.780883 0
19 3
0.426520 0.840881 0
0.334638 0.593288 0
0.422650 0.552385 0
20 3
0.237441 0.221890 0
0.174873 0.361211 0
0.146511 0.236431 0
21 3
0.237441 0.221890 0
0.146511 0.236431 0
0.147073 0.113335 0
22 3
0.115282 0.361211 0
0.079354 0.358280 0
0.055618 0.221890 0
23 3
0.174873 0.361211 0
0.237441 0.221890 0
0.214582 0.358280 0
24 3
0.115282 0.361211 0
0.055618 0.221890 0
0.146511 0.236431 0
25 3
0.426520 0.840881 0
0.332092 0.780883 0
0.326600 0.867463 0
26 3
0.426520 0.840881 0
0.326600 0.867463 0
0.332092 0.780883 0
27 3
0.055618 0.221890 0
0.071771 0.108063 0
0.147073 0.113335 0
28 3
0.237441 0.221890 0
0.147073 0.113335 0
0.218431 0.108063 0
29 3
0.055618 0.221890 0
0.147073 0.113335 0
0.146511 0.236431 0
30 3
0.120799 0.931315 0
0.083236 0.932687 0
0.069490 0.867363 0
31 3
0.233443 0.867363 0
0.219342 0.932687 0
0.181470 0.931315 0
32 3
0.122361 0.857919 0
0.120799 0.931315 0
0.069490 0.867363 0
33 3
0.179908 0.858026 0
0.233443 0.867363 0
0.181470 0.931315 0
34 3
0.516243 0.710790 0
0.497792 0.775651 0
0.528815 0.780151 0
35 3
0.516243 0.710790 0
0.528815 0.780151 0
0.552494 0.710650 0
36 3
0.516243 0.710790 0
0.552494 0.710650 0
0.528815 0.780151 0
37 3
0.516243 0.710790 0
0.528815 0.780151 0
0.497792 0.775651 0
38 3
0.082159 0.788617 0
0.095817 0.647437 0
0.124152 0.716518 0
39 3
0.124152 0.716518 0
0.124552 0.777935 0
0.082159 0.788617 0
40 3
0.169578 0.716517 0
0.190130 0.647437 0
0.214246 0.783773 0
41 3
0.214246 0.783773 0
0.177718 0.777900 0
0.169578 0.716517 0
42 3
0.124552 0.777935 0
0.124152 0.716518 0
0.169578 0.716517 0
43 3
0.124552 0.777935 0
0.169578 0.716517 0
0.177718 0.777900 0
44 3
0.124152 0.716518 0
0.124383 0.655935 0
0.161604 0.655935 0
45 3
0.161604 0.655935 0
0.169578 0.716517 0
0.124152 0.716518 0
46 3
0.190130 0.647437 0
0.169578 0.716517 0
0.161604 0.655935 0
47 3
0.124383 0.655935 0
0.124152 0.716518 0
0.095817 0.647437 0
48 3
0.122361 0.857919 0
0.179908 0.858026 0
0.181470 0.931315 0
49 3
0.122361 0.857919 0
0.181470 0.931315 0
0.120799 0.931315 0
50 3
0.412543 0.959875 0
0.412543 0.959875 0
0.319326 0.986722 0
51 3
0.412543 0.959875 0
0.319326 0.986722 0
0.319326 0.986722 0
52 3
0.118836 0.988383 0
0.120799 0.931315 0
0.181470 0.931315 0
53 3
0.118836 0.988383 0
0.181470 0.931315 0
0.184157 0.988383 0
54 3
0.083236 0.932687 0
0.120799 0.931315 0
0.118836 0.988383 0
55 3
0.219342 0.932687 0
0.184157 0.988383 0
0.181470 0.931315 0
56 3
0.581718 0.319810 0
0.591725 0.439468 0
0.715985 0.406512 0
57 3
0.581718 0.319810 0
0.718503 0.282782 0
0.715985 0.406512 0
58 3
0.591725 0.439468 0
0.602005 0.488938 0
0.715985 0.406512 0
59 3
0.715985 0.406512 0
0.602005 0.488938 0
0.591725 0.439468 0
60 3
0.714258 0.988950 0
0.789265 0.988802 0
0.790521 0.745192 0
61 3
0.715515 0.988950 0
0.715515 0.750216 0
0.789265 0.745192 0
62 3
0.714258 0.988950 0
0.790521 0.745192 0
0.714259 0.750216 0
63 3
0.715515 0.988950 0
0.789265 0.745192 0
0.789265 0.988802 0
64 3
0.335762 0.220056 0
0.419114 0.361391 0
0.415563 0.203022 0
65 3
0.335762 0.220056 0
0.415563 0.203022 0
0.415855 0.094469 0
66 3
0.335762 0.220056 0
0.415855 0.094469 0
0.415563 0.203022 0
67 3
0.335762 0.220056 0
0.415563 0.203022 0
0.419114 0.361391 0
68 3
0.572074 0.439578 0
0.515659 0.636035 0
0.522707 0.697440 0
69 3
0.572074 0.439578 0
0.550458 0.686327 0
0.522707 0.697440 0
70 3
0.572074 0.439578 0
0.522707 0.697440 0
0.550458 0.686327 0
71 3
0.572074 0.439578 0
0.522707 0.697440 0
0.515659 0.636035 0
72 3
0.572074 0.439578 0
0.535838 0.474021 0
0.515659 0.636035 0
73 3
0.515659 0.636035 0
0.535838 0.474021 0
0.572074 0.439578 0
74 3
0.594840 0.623573 0
0.552494 0.710650 0
0.716360 0.618414 0
75 3
0.716360 0.618414 0
0.714887 0.514643 0
0.594840 0.623573 0
76 3
0.716360 0.618414 0
0.552494 0.710650 0
0.594840 0.623573 0
77 3
0.594840 0.623573 0
0.714887 0.514643 0
0.716360 0.618414 0
78 3
0.179908 0.858026 0
0.180781 0.830289 0
0.214246 0.783773 0
79 3
0.233443 0.867363 0
0.179908 0.858026 0
0.214246 0.783773 0
80 3
0.180781 0.830289 0
0.179908 0.858026 0
0.122361 0.857919 0
81 3
0.180781 0.830289 0
0.122361 0.857919 0
0.121489 0.830282 0
82 3
0.180781 0.830289 0
0.121489 0.830282 0
0.146968 0.777188 0
83 3
0.121489 0.830282 0
0.124522 0.777040 0
0.146968 0.777188 0
84 3
0.082159 0.788617 0
0.121489 0.830282 0
0.122361 0.857919 0
85 3
0.180781 0.830289 0
0.146968 0.777188 0
0.177747 0.777044 0
86 3
0.180781 0.830289 0
0.177747 0.777044 0
0.214246 0.783773 0
87 3
0.082159 0.788617 0
0.124522 0.777040 0
0.121489 0.830282 0
88 3
0.069490 0.867363 0
0.082159 0.788617 0
0.122361 0.857919 0
89 3
0.031366 0.588245 0
0.095817 0.647437 0
0.052454 0.776192 0
90 3
0.246035 0.776192 0
0.190130 0.647437 0
0.258789 0.588245 0
91 3
0.214246 0.783773 0
0.190130 0.647437 0
0.246035 0.776192 0
92 3
0.082159 0.788617 0
0.069490 0.867363 0
0.052454 0.776192 0
93 3
0.082159 0.788617 0
0.052454 0.776192 0
0.095817 0.647437 0
94 3
0.214246 0.783773 0
0.246035 0.776192 0
0.233443 0.867363 0
95 3
0.028691 0.465105 0
0.037138 0.434265 0
0.065045 0.432482 0
96 3
0.043612 0.373682 0
0.037138 0.434265 0
0.028691 0.465105 0
97 3
0.065045 0.432482 0
0.037138 0.434265 0
0.043612 0.373682 0
98 3
0.213325 0.424723 0
0.240439 0.426506 0
0.249680 0.457347 0
99 3
0.249442 0.373682 0
0.240439 0.426506 0
0.213325 0.424723 0
100 3
0.249680 0.457347 0
0.240439 0.426506 0
0.249442 0.373682 0
101 3
0.415855 0.094469 0
0.362792 0.111065 0
0.335762 0.220056 0
102 3
0.335762 0.220056 0
0.362792 0.111065 0
0.415855 0.094469 0
103 3
0.415563 0.203022 0
0.419114 0.361391 0
0.581718 0.319810 0
104 3
0.581718 0.319810 0
0.572765 0.177319 0
0.415563 0.203022 0
105 3
0.581718 0.319810 0
0.419114 0.361391 0
0.415563 0.203022 0
106 3
0.415563 0.203022 0
0.572765 0.177319 0
0.581718 0.319810 0
107 3
0.422650 0.552385 0
0.535838 0.474021 0
0.419114 0.361391 0
108 3
0.419114 0.361391 0
0.383758 0.475878 0
0.422650 0.552385 0
109 3
0.419114 0.361391 0
0.535838 0.474021 0
0.422650 0.552385 0
110 3
0.422650 0.552385 0
0.383758 0.475878 0
0.419114 0.361391 0
111 3
0.528815 0.780151 0
0.526641 0.991191 0
0.706294 0.988950 0
112 3
0.706294 0.988950 0
0.710371 0.750216 0
0.528815 0.780151 0
113 3
0.706294 0.988950 0
0.526641 0.991191 0
0.528815 0.780151 0
114 3
0.528815 0.780151 0
0.710371 0.750216 0
0.706294 0.988950 0
115 3
0.572074 0.439578 0
0.550458 0.686327 0
0.584476 0.622151 0
116 3
0.584476 0.622151 0
0.593022 0.486077 0
0.572074 0.439578 0
117 3
0.572074 0.439578 0
0.593022 0.486077 0
0.584476 0.622151 0
118 3
0.572074 0.439578 0
0.584476 0.622151 0
0.550458 0.686327 0
119 3
0.552494 0.710650 0
0.528815 0.780151 0
0.716360 0.618414 0
120 3
0.552494 0.710650 0
0.716360 0.618414 0
0.528815 0.780151 0
121 3
0.320199 0.933831 0
0.426520 0.840881 0
0.326600 0.867463 0
122 3
0.320199 0.933831 0
0.326600 0.867463 0
0.426520 0.840881 0
123 3
0.704039 0.990101 0
0.706294 0.988950 0
0.536329 0.990605 0
124 3
0.536329 0.990605 0
0.706294 0.988950 0
0.526641 0.991191 0
125 3
0.536329 0.990605 0
0.526641 0.991191 0
0.438821 0.989831 0
126 3
0.790515 0.990101 0
0.789265 0.988802 0
0.714258 0.988950 0
127 3
0.147073 0.113335 0
0.071771 0.108063 0
0.146804 0.006685 0
128 3
0.912472 0.805114 0
0.992171 0.810424 0
0.912994 0.813769 0
129 3
0.912472 0.805114 0
0.991820 0.808584 0
0.992171 0.810424 0
130 3
0.528815 0.780151 0
0.710371 0.750216 0
0.716360 0.618414 0
131 3
0.714259 0.750216 0
0.789267 0.605498 0
0.714260 0.618414 0
132 3
0.714259 0.750216 0
0.790521 0.745192 0
0.789267 0.605498 0
133 3
0.789267 0.151834 0
0.789267 0.064166 0
0.715514 0.069940 0
134 3
0.714258 0.160951 0
0.789267 0.151834 0
0.715514 0.069940 0
135 3
0.715310 0.160951 0
0.705535 0.069940 0
0.566483 0.083571 0
136 3
0.572765 0.177319 0
0.715310 0.160951 0
0.566483 0.083571 0
137 3
0.572765 0.177319 0
0.566483 0.083571 0
0.415855 0.094469 0
138 3
0.415563 0.203022 0
0.572765 0.177319 0
0.415855 0.094469 0
139 3
0.581718 0.319810 0
0.715985 0.406512 0
0.718503 0.282782 0
140 3
0.545378 0.430212 0
0.591725 0.439468 0
0.581718 0.319810 0
141 3
0.714259 0.514643 0
0.789267 0.502558 0
0.789267 0.389208 0
142 3
0.714259 0.514643 0
0.789267 0.389208 0
0.714260 0.406512 0
143 3
0.594840 0.623573 0
0.714887 0.514643 0
0.715985 0.406512 0
144 3
0.594840 0.623573 0
0.715985 0.406512 0
0.602005 0.488938 0
145 3
0.714260 0.618414 0
0.789267 0.605498 0
0.789267 0.502558 0
146 3
0.714260 0.618414 0
0.789267 0.502558 0
0.714259 0.514643 0
147 3
0.438821 0.989831 0
0.526641 0.991191 0
0.412543 0.959875 0
148 3
0.412543 0.959875 0
0.526641 0.991191 0
0.470791 0.868506 0
149 3
0.991820 0.808584 0
0.912472 0.805114 0
0.914690 0.848256 0
150 3
0.912768 0.968746 0
0.913511 0.992084 0
0.992120 0.983827 0
151 3
0.992120 0.983827 0
0.913511 0.992084 0
0.992452 0.974889 0
152 3
0.992636 0.951938 0
0.992452 0.974889 0
0.913511 0.992084 0
153 3
0.914116 0.955868 0
0.992636 0.951938 0
0.913511 0.992084 0
154 3
0.992544 0.855741 0
0.992636 0.951938 0
0.914116 0.955868 0
155 3
0.992544 0.855741 0
0.914116 0.955868 0
0.913788 0.856822 0
156 3
0.992171 0.810424 0
0.992544 0.855741 0
0.913788 0.856822 0
157 3
0.992171 0.810424 0
0.913788 0.856822 0
0.912994 0.813769 0
158 3
0.566483 0.083571 0
0.559247 0.006327 0
0.497720 0.006521 0
159 3
0.415855 0.094469 0
0.566483 0.083571 0
0.497720 0.006521 0
160 3
0.990357 0.622782 0
0.991092 0.534723 0
0.917940 0.605700 0
161 3
0.714260 0.406512 0
0.789267 0.389208 0
0.789267 0.274758 0
162 3
0.714260 0.406512 0
0.789267 0.274758 0
0.714259 0.282782 0
163 3
0.789267 0.274758 0
0.789267 0.151834 0
0.714258 0.160951 0
164 3
0.789267 0.274758 0
0.714258 0.160951 0
0.714259 0.282782 0
165 3
0.789267 0.064166 0
0.789267 0.004950 0
0.715514 0.005847 0
166 3
0.789267 0.064166 0
0.715514 0.005847 0
0.715514 0.069940 0
167 3
0.989484 0.426431 0
0.918092 0.366769 0
0.917940 0.605700 0
168 3
0.470791 0.868506 0
0.497792 0.775651 0
0.426520 0.840881 0
169 3
0.470791 0.868506 0
0.528815 0.780151 0
0.497792 0.775651 0
170 3
0.991092 0.534723 0
0.989484 0.426431 0
0.917940 0.605700 0
171 3
0.991036 0.708150 0
0.990357 0.622782 0
0.917940 0.605700 0
172 3
0.919952 0.764354 0
0.991036 0.708150 0
0.917940 0.605700 0
173 3
0.470791 0.868506 0
0.526641 0.991191 0
0.528815 0.780151 0
174 3
0.581718 0.319810 0
0.718503 0.282782 0
0.715310 0.160951 0
175 3
0.581718 0.319810 0
0.715310 0.160951 0
0.572765 0.177319 0
176 3
0.406896 0.005223 0
0.415855 0.094469 0
0.497720 0.006521 0
177 3
0.146804 0.006685 0
0.071771 0.108063 0
0.089798 0.004950 0
178 3
0.415855 0.094469 0
0.406896 0.005223 0
0.362792 0.111065 0
179 3
0.566483 0.083571 0
0.705535 0.069940 0
0.705866 0.005847 0
180 3
0.566483 0.083571 0
0.705866 0.005847 0
0.559247 0.006327 0
181 3
0.422650 0.552385 0
0.515659 0.636035 0
0.535838 0.474021 0
182 3
0.099992 0.466517 0
0.115282 0.361211 0
0.129327 0.402201 0
183 3
0.065045 0.432482 0
0.079354 0.358280 0
0.115282 0.361211 0
184 3
0.099992 0.466517 0
0.065045 0.432482 0
0.115282 0.361211 0
185 3
0.028691 0.465105 0
0.006141 0.464610 0
0.043612 0.373682 0
186 3
0.079354 0.358280 0
0.065045 0.432482 0
0.043612 0.373682 0
187 3
0.123088 0.627537 0
0.095817 0.647437 0
0.123346 0.590124 0
188 3
0.124383 0.655935 0
0.095817 0.647437 0
0.123088 0.627537 0
189 3
0.331967 0.395859 0
0.419114 0.361391 0
0.335762 0.220056 0
190 3
0.331967 0.395859 0
0.383758 0.475878 0
0.419114 0.361391 0
191 3
0.130025 0.453469 0
0.099992 0.466517 0
0.129327 0.402201 0
192 3
0.079354 0.358280 0
0.043612 0.373682 0
0.055618 0.221890 0
193 3
0.422650 0.552385 0
0.383758 0.475878 0
0.334638 0.593288 0
194 3
0.006141 0.464610 0
0.028691 0.465105 0
0.031366 0.588245 0
195 3
0.028691 0.465105 0
0.064674 0.493417 0
0.031366 0.588245 0
196 3
0.064674 0.493417 0
0.065045 0.432482 0
0.099992 0.466517 0
197 3
0.028691 0.465105 0
0.065045 0.432482 0
0.064674 0.493417 0
198 3
0.064674 0.493417 0
0.099992 0.466517 0
0.096825 0.600155 0
199 3
0.064674 0.493417 0
0.096825 0.600155 0
0.031366 0.588245 0
200 3
0.031366 0.588245 0
0.096825 0.600155 0
0.095817 0.647437 0
201 3
0.127853 0.508912 0
0.096825 0.600155 0
0.130025 0.453469 0
202 3
0.096825 0.600155 0
0.123346 0.590124 0
0.095817 0.647437 0
203 3
0.127853 0.508912 0
0.123346 0.590124 0
0.096825 0.600155 0
204 3
0.096825 0.600155 0
0.099992 0.466517 0
0.130025 0.453469 0
205 3
0.777829 0.990605 0
0.778086 0.989542 0
0.890073 0.989542 0
206 3
0.704039 0.990101 0
0.536329 0.990605 0
0.706294 0.988950 0
207 3
0.536329 0.990605 0
0.526641 0.991191 0
0.706294 0.988950 0
208 3
0.536329 0.990605 0
0.438821 0.989831 0
0.526641 0.991191 0
209 3
0.438821 0.989831 0
0.412543 0.959875 0
0.412543 0.959875 0
210 3
0.438821 0.989831 0
0.412543 0.959875 0
0.438821 0.989831 0
211 3
0.536329 0.990605 0
0.438821 0.989831 0
0.438821 0.989831 0
212 3
0.778196 0.166405 0
0.889807 0.080908 0
0.890695 0.166405 0
213 3
0.778196 0.166405 0
0.778832 0.080908 0
0.889807 0.080908 0
214 3
0.917788 0.366769 0
0.917940 0.605700 0
0.918092 0.366769 0
215 3
0.778832 0.080908 0
0.778746 0.007173 0
0.889894 0.007173 0
216 3
0.778832 0.080908 0
0.889894 0.007173 0
0.889807 0.080908 0
217 3
0.778119 0.290705 0
0.890695 0.166405 0
0.890039 0.290705 0
218 3
0.778119 0.290705 0
0.778196 0.166405 0
0.890695 0.166405 0
219 3
0.778108 0.410036 0
0.890039 0.290705 0
0.890051 0.410036 0
220 3
0.778108 0.410036 0
0.778119 0.290705 0
0.890039 0.290705 0
221 3
0.778078 0.515102 0
0.890051 0.410036 0
0.890081 0.515102 0
222 3
0.778078 0.515102 0
0.778108 0.410036 0
0.890051 0.410036 0
223 3
0.778084 0.624668 0
0.890081 0.515102 0
0.890075 0.624668 0
224 3
0.778084 0.624668 0
0.778078 0.515102 0
0.890081 0.515102 0
225 3
0.778079 0.753568 0
0.890075 0.624668 0
0.890079 0.753568 0
226 3
0.778079 0.753568 0
0.778084 0.624668 0
0.890075 0.624668 0
227 3
0.778086 0.989542 0
0.890079 0.753568 0
0.890073 0.989542 0
228 3
0.778086 0.989542 0
0.778079 0.753568 0
0.890079 0.753568 0
229 3
0.790515 0.990101 0
0.715515 0.988950 0
0.789265 0.988802 0
230 3
0.147073 0.113335 0
0.146804 0.006685 0
0.218431 0.108063 0
231 3
0.123088 0.627537 0
0.162641 0.590124 0
0.162899 0.627537 0
232 3
0.123088 0.627537 0
0.123346 0.590124 0
0.162641 0.590124 0
233 3
0.124383 0.655935 0
0.162899 0.627537 0
0.161604 0.655935 0
234 3
0.123088 0.627537 0
0.162899 0.627537 0
0.124383 0.655935 0
235 3
0.115282 0.361211 0
0.146511 0.236431 0
0.174873 0.361211 0
236 3
0.129327 0.402201 0
0.174873 0.361211 0
0.160828 0.402201 0
237 3
0.129327 0.402201 0
0.115282 0.361211 0
0.174873 0.361211 0
238 3
0.130025 0.453469 0
0.160828 0.402201 0
0.160131 0.453469 0
239 3
0.129327 0.402201 0
0.160828 0.402201 0
0.130025 0.453469 0
240 3
0.158521 0.508912 0
0.162641 0.590124 0
0.123346 0.590124 0
241 3
0.127853 0.508912 0
0.158521 0.508912 0
0.123346 0.590124 0
242 3
0.160131 0.453469 0
0.158521 0.508912 0
0.127853 0.508912 0
243 3
0.130025 0.453469 0
0.160131 0.453469 0
0.127853 0.508912 0
244 3
0.912472 0.805114 0
0.912994 0.813769 0
0.992171 0.810424 0
245 3
0.912472 0.805114 0
0.992171 0.810424 0
0.991820 0.808584 0
246 3
0.528815 0.780151 0
0.716360 0.618414 0
0.710371 0.750216 0
247 3
0.715515 0.750216 0
0.715516 0.618414 0
0.789267 0.605498 0
248 3
0.715515 0.750216 0
0.789267 0.605498 0
0.789265 0.745192 0
249 3
0.789267 0.151834 0
0.715514 0.069940 0
0.789267 0.064166 0
250 3
0.715515 0.160951 0
0.715514 0.069940 0
0.789267 0.151834 0
251 3
0.715310 0.160951 0
0.566483 0.083571 0
0.705535 0.069940 0
252 3
0.572765 0.177319 0
0.566483 0.083571 0
0.715310 0.160951 0
253 3
0.572765 0.177319 0
0.415855 0.094469 0
0.566483 0.083571 0
254 3
0.415563 0.203022 0
0.415855 0.094469 0
0.572765 0.177319 0
255 3
0.581718 0.319810 0
0.715985 0.406512 0
0.591725 0.439468 0
256 3
0.545378 0.430212 0
0.581718 0.319810 0
0.591725 0.439468 0
257 3
0.715516 0.514643 0
0.789267 0.389208 0
0.789267 0.502558 0
258 3
0.715516 0.514643 0
0.715516 0.406512 0
0.789267 0.389208 0
259 3
0.594840 0.623573 0
0.715985 0.406512 0
0.714887 0.514643 0
260 3
0.594840 0.623573 0
0.602005 0.488938 0
0.715985 0.406512 0
261 3
0.715516 0.618414 0
0.789267 0.502558 0
0.789267 0.605498 0
262 3
0.715516 0.618414 0
0.715516 0.514643 0
0.789267 0.502558 0
263 3
0.438821 0.989831 0
0.412543 0.959875 0
0.526641 0.991191 0
264 3
0.412543 0.959875 0
0.470791 0.868506 0
0.526641 0.991191 0
265 3
0.991820 0.808584 0
0.914690 0.848256 0
0.912472 0.805114 0
266 3
0.913511 0.992084 0
0.912768 0.968746 0
0.992120 0.983827 0
267 3
0.992120 0.983827 0
0.992452 0.974889 0
0.913511 0.992084 0
268 3
0.992636 0.951938 0
0.913511 0.992084 0
0.992452 0.974889 0
269 3
0.914116 0.955868 0
0.913511 0.992084 0
0.992636 0.951938 0
270 3
0.992544 0.855741 0
0.914116 0.955868 0
0.992636 0.951938 0
271 3
0.992544 0.855741 0
0.913788 0.856822 0
0.914116 0.955868 0
272 3
0.992171 0.810424 0
0.913788 0.856822 0
0.992544 0.855741 0
273 3
0.992171 0.810424 0
0.912994 0.813769 0
0.913788 0.856822 0
274 3
0.566483 0.083571 0
0.497720 0.006521 0
0.559247 0.006327 0
275 3
0.415855 0.094469 0
0.497720 0.006521 0
0.566483 0.083571 0
276 3
0.992923 0.620560 0
0.917940 0.605700 0
0.992189 0.532501 0
277 3
0.715516 0.406512 0
0.789267 0.274758 0
0.789267 0.389208 0
278 3
0.715516 0.406512 0
0.715515 0.282782 0
0.789267 0.274758 0
279 3
0.789267 0.274758 0
0.715515 0.160951 0
0.789267 0.151834 0
280 3
0.789267 0.274758 0
0.715515 0.282782 0
0.715515 0.160951 0
281 3
0.789267 0.064166 0
0.715514 0.005847 0
0.789267 0.004950 0
282 3
0.789267 0.064166 0
0.715514 0.069940 0
0.715514 0.005847 0
283 3
0.984807 0.437542 0
0.917940 0.605700 0
0.917788 0.366769 0
284 3
0.470791 0.868506 0
0.426520 0.840881 0
0.497792 0.775651 0
285 3
0.470791 0.868506 0
0.497792 0.775651 0
0.528815 0.780151 0
286 3
0.992189 0.532501 0
0.917940 0.605700 0
0.984807 0.437542 0
287 3
0.978178 0.712594 0
0.917940 0.605700 0
0.992923 0.620560 0
288 3
0.919952 0.764354 0
0.917940 0.605700 0
0.978178 0.712594 0
289 3
0.470791 0.868506 0
0.528815 0.780151 0
0.526641 0.991191 0
290 3
0.581718 0.319810 0
0.715310 0.160951 0
0.718503 0.282782 0
291 3
0.581718 0.319810 0
0.572765 0.177319 0
0.715310 0.160951 0
292 3
0.406896 0.005223 0
0.497720 0.006521 0
0.415855 0.094469 0
293 3
0.146804 0.006685 0
0.200357 0.004950 0
0.218431 0.108063 0
294 3
0.415855 0.094469 0
0.362792 0.111065 0
0.406896 0.005223 0
295 3
0.566483 0.083571 0
0.705866 0.005847 0
0.705535 0.069940 0
296 3
0.566483 0.083571 0
0.559247 0.006327 0
0.705866 0.005847 0
297 3
0.422650 0.552385 0
0.535838 0.474021 0
0.515659 0.636035 0
298 3
0.182159 0.458758 0
0.160828 0.402201 0
0.174873 0.361211 0
299 3
0.213325 0.424723 0
0.174873 0.361211 0
0.214582 0.358280 0
300 3
0.182159 0.458758 0
0.174873 0.361211 0
0.213325 0.424723 0
301 3
0.249680 0.457347 0
0.249442 0.373682 0
0.284014 0.464610 0
302 3
0.214582 0.358280 0
0.249442 0.373682 0
0.213325 0.424723 0
303 3
0.162899 0.627537 0
0.162641 0.590124 0
0.190130 0.647437 0
304 3
0.161604 0.655935 0
0.162899 0.627537 0
0.190130 0.647437 0
305 3
0.331967 0.395859 0
0.335762 0.220056 0
0.419114 0.361391 0
306 3
0.331967 0.395859 0
0.419114 0.361391 0
0.383758 0.475878 0
307 3
0.160131 0.453469 0
0.160828 0.402201 0
0.182159 0.458758 0
308 3
0.214582 0.358280 0
0.237441 0.221890 0
0.249442 0.373682 0
309 3
0.422650 0.552385 0
0.334638 0.593288 0
0.383758 0.475878 0
310 3
0.284014 0.464610 0
0.258789 0.588245 0
0.249680 0.457347 0
311 3
0.249680 0.457347 0
0.258789 0.588245 0
0.213697 0.485658 0
312 3
0.213697 0.485658 0
0.182159 0.458758 0
0.213325 0.424723 0
313 3
0.213697 0.485658 0
0.213325 0.424723 0
0.249680 0.457347 0
314 3
0.213697 0.485658 0
0.188904 0.600155 0
0.182159 0.458758 0
315 3
0.213697 0.485658 0
0.258789 0.588245 0
0.188904 0.600155 0
316 3
0.258789 0.588245 0
0.190130 0.647437 0
0.188904 0.600155 0
317 3
0.158521 0.508912 0
0.160131 0.453469 0
0.188904 0.600155 0
318 3
0.188904 0.600155 0
0.190130 0.647437 0
0.162641 0.590124 0
319 3
0.158521 0.508912 0
0.188904 0.600155 0
0.162641 0.590124 0
320 3
0.188904 0.600155 0
0.160131 0.453469 0
0.182159 0.458758 0
4
0.000000 -90.000000 0.000000
0.000000 180.000000 0.000000
0.000000 0.000000 0.000000
13.462870 25.925739 16.847895
4
0.000000 0.000000 0.000000
0.000000 0.000000 0.000000
6.392817 0.000000 0.000000
10.500591 20.363710 15.432151
4
0.000000 -90.000000 0.000000
0.000000 0.000000 0.000000
-1.670236 0.000000 0.000000
15.415156 5.199721 10.307439
4
-90.000000 0.000000 0.000000
0.000000 0.000000 0.000000
0.000000 0.000000 0.000000
5.489646 3.244823 8.584728
4
0.000000 0.000000 0.000000
0.000000 0.000000 0.000000
0.000000 0.000000 0.000000
4.753065 25.272449 15.012757
4
0.000000 0.000000 0.000000
0.000000 0.000000 0.000000
0.000000 0.000000 0.000000
1.000000 1.000000 1.000000
