2
1
hd_aelof
D:\3DBball\Objects\Heads\misc\aeloff\hd_aelof.tga
317
0 3
0.500695 0.534363 0
0.550350 0.513767 0
0.550543 0.384728 0
1 3
0.500695 0.534363 0
0.550543 0.384728 0
0.482823 0.488286 0
2 3
0.500695 0.534363 0
0.550543 0.384728 0
0.550350 0.513767 0
3 3
0.500695 0.534363 0
0.482823 0.488286 0
0.550543 0.384728 0
4 3
0.482823 0.488286 0
0.550543 0.384728 0
0.435625 0.401193 0
5 3
0.482823 0.488286 0
0.435625 0.401193 0
0.550543 0.384728 0
6 3
0.354815 0.868578 0
0.321448 0.855292 0
0.228335 0.922741 0
7 3
0.354815 0.868578 0
0.205689 0.974730 0
0.228335 0.922741 0
8 3
0.354815 0.868578 0
0.228335 0.922741 0
0.205689 0.974730 0
9 3
0.354815 0.868578 0
0.228335 0.922741 0
0.321448 0.855292 0
10 3
0.205689 0.974730 0
0.310896 0.966527 0
0.354815 0.868578 0
11 3
0.205689 0.974730 0
0.354815 0.868578 0
0.310896 0.966527 0
12 3
0.401140 0.744660 0
0.329273 0.672292 0
0.321448 0.855292 0
13 3
0.321448 0.855292 0
0.380271 0.804522 0
0.401140 0.744660 0
14 3
0.321448 0.855292 0
0.329273 0.672292 0
0.401140 0.744660 0
15 3
0.401140 0.744660 0
0.380271 0.804522 0
0.321448 0.855292 0
16 3
0.343733 0.099353 0
0.415711 0.105262 0
0.345401 0.016013 0
17 3
0.343733 0.099353 0
0.345401 0.020873 0
0.415711 0.105262 0
18 3
0.278230 0.004170 0
0.343733 0.099353 0
0.345401 0.016013 0
19 3
0.278230 0.008388 0
0.345401 0.020873 0
0.343733 0.099353 0
20 3
0.402137 0.671622 0
0.405126 0.732409 0
0.436152 0.728163 0
21 3
0.402137 0.671622 0
0.436152 0.728163 0
0.480352 0.659290 0
22 3
0.419395 0.551505 0
0.402137 0.671622 0
0.480352 0.659290 0
23 3
0.469332 0.500235 0
0.419395 0.551505 0
0.480352 0.659290 0
24 3
0.480352 0.659290 0
0.494249 0.537348 0
0.469332 0.500235 0
25 3
0.436152 0.728163 0
0.405126 0.732409 0
0.402137 0.671622 0
26 3
0.480352 0.659290 0
0.436152 0.728163 0
0.402137 0.671622 0
27 3
0.480352 0.659290 0
0.402137 0.671622 0
0.419395 0.551505 0
28 3
0.480352 0.659290 0
0.419395 0.551505 0
0.469332 0.500235 0
29 3
0.469332 0.500235 0
0.494249 0.537348 0
0.480352 0.659290 0
30 3
0.411882 0.550475 0
0.371780 0.332026 0
0.277628 0.388033 0
31 3
0.411882 0.550475 0
0.277628 0.388033 0
0.292884 0.470920 0
32 3
0.277628 0.388033 0
0.371780 0.332026 0
0.411882 0.550475 0
33 3
0.411882 0.550475 0
0.292884 0.470920 0
0.277628 0.388033 0
34 3
0.321448 0.855292 0
0.329273 0.672292 0
0.276535 0.599718 0
35 3
0.321448 0.855292 0
0.276535 0.599718 0
0.329273 0.672292 0
36 3
0.329273 0.672292 0
0.292884 0.470920 0
0.276535 0.599718 0
37 3
0.329273 0.672292 0
0.276535 0.599718 0
0.292884 0.470920 0
38 3
0.292884 0.470920 0
0.329273 0.672292 0
0.411882 0.550475 0
39 3
0.411882 0.550475 0
0.329273 0.672292 0
0.292884 0.470920 0
40 3
0.278230 0.008388 0
0.240871 0.005337 0
0.278230 0.004170 0
41 3
0.365983 0.003132 0
0.278230 0.008388 0
0.278230 0.004170 0
42 3
0.535687 0.667104 0
0.524136 0.822578 0
0.606046 0.881163 0
43 3
0.606045 0.881163 0
0.524136 0.822578 0
0.535687 0.667104 0
44 3
0.608295 0.663353 0
0.535687 0.667104 0
0.606046 0.881163 0
45 3
0.608295 0.663353 0
0.606045 0.881163 0
0.535687 0.667104 0
46 3
0.605581 0.915746 0
0.606046 0.881163 0
0.524136 0.822578 0
47 3
0.524136 0.822578 0
0.606045 0.881163 0
0.605581 0.915746 0
48 3
0.522689 0.859383 0
0.605581 0.915746 0
0.524136 0.822578 0
49 3
0.522689 0.859383 0
0.524136 0.822578 0
0.605581 0.915746 0
50 3
0.148793 0.932269 0
0.114657 0.921937 0
0.099179 0.845133 0
51 3
0.244591 0.845133 0
0.229114 0.921937 0
0.194977 0.932269 0
52 3
0.147998 0.851692 0
0.148793 0.932269 0
0.099179 0.845133 0
53 3
0.195773 0.851791 0
0.244591 0.845133 0
0.194977 0.932269 0
54 3
0.139042 0.974202 0
0.148793 0.932269 0
0.194977 0.932269 0
55 3
0.139042 0.974202 0
0.194977 0.932269 0
0.204801 0.974202 0
56 3
0.147998 0.851692 0
0.195773 0.851791 0
0.194977 0.932269 0
57 3
0.194977 0.932269 0
0.148793 0.932269 0
0.147998 0.851692 0
58 3
0.114657 0.921937 0
0.148793 0.932269 0
0.139042 0.974202 0
59 3
0.229114 0.921937 0
0.204801 0.974202 0
0.194977 0.932269 0
60 3
0.310896 0.966527 0
0.310896 0.966527 0
0.205689 0.974730 0
61 3
0.310896 0.966527 0
0.205689 0.974730 0
0.205689 0.974730 0
62 3
0.605581 0.915746 0
0.522689 0.859383 0
0.514901 0.994690 0
63 3
0.514901 0.994690 0
0.522689 0.859383 0
0.605581 0.915746 0
64 3
0.610182 0.994324 0
0.605581 0.915746 0
0.514901 0.994690 0
65 3
0.610182 0.994324 0
0.514901 0.994690 0
0.605581 0.915746 0
66 3
0.524136 0.822578 0
0.535687 0.667104 0
0.492439 0.688828 0
67 3
0.524136 0.822578 0
0.492439 0.688828 0
0.438505 0.738742 0
68 3
0.524136 0.822578 0
0.438505 0.738742 0
0.492439 0.688828 0
69 3
0.524136 0.822578 0
0.492439 0.688828 0
0.535687 0.667104 0
70 3
0.550543 0.384728 0
0.543467 0.218426 0
0.427265 0.220325 0
71 3
0.427265 0.220325 0
0.543467 0.218426 0
0.550543 0.384728 0
72 3
0.435625 0.401193 0
0.550543 0.384728 0
0.427265 0.220325 0
73 3
0.435625 0.401193 0
0.427265 0.220325 0
0.550543 0.384728 0
74 3
0.435625 0.401193 0
0.371780 0.332026 0
0.411882 0.550475 0
75 3
0.411882 0.550475 0
0.435925 0.497270 0
0.435625 0.401193 0
76 3
0.411882 0.550475 0
0.371780 0.332026 0
0.435625 0.401193 0
77 3
0.435625 0.401193 0
0.435925 0.497270 0
0.411882 0.550475 0
78 3
0.195773 0.851791 0
0.196705 0.817482 0
0.231761 0.767750 0
79 3
0.112009 0.767167 0
0.147066 0.817482 0
0.147998 0.851692 0
80 3
0.196705 0.817482 0
0.195773 0.851791 0
0.147998 0.851692 0
81 3
0.196705 0.817482 0
0.147998 0.851692 0
0.147066 0.817482 0
82 3
0.365535 0.210047 0
0.371780 0.332026 0
0.435625 0.401193 0
83 3
0.365535 0.210047 0
0.435625 0.401193 0
0.371780 0.332026 0
84 3
0.365535 0.210047 0
0.266866 0.137983 0
0.371780 0.332026 0
85 3
0.365535 0.210047 0
0.371780 0.332026 0
0.266866 0.137983 0
86 3
0.365535 0.210047 0
0.343733 0.099353 0
0.257835 0.053911 0
87 3
0.365535 0.210047 0
0.257835 0.053911 0
0.266866 0.137983 0
88 3
0.365535 0.210047 0
0.266866 0.137983 0
0.257835 0.053911 0
89 3
0.365535 0.210047 0
0.257835 0.053911 0
0.343733 0.099353 0
90 3
0.082000 0.136268 0
0.088672 0.051411 0
0.172187 0.061610 0
91 3
0.082000 0.136268 0
0.172187 0.061610 0
0.174276 0.139675 0
92 3
0.172187 0.061610 0
0.256898 0.051411 0
0.266515 0.136268 0
93 3
0.266515 0.136268 0
0.174276 0.139675 0
0.172187 0.061610 0
94 3
0.321448 0.855292 0
0.258410 0.763232 0
0.276535 0.599718 0
95 3
0.321448 0.855292 0
0.276535 0.599718 0
0.258410 0.763232 0
96 3
0.244591 0.845133 0
0.195773 0.851791 0
0.231761 0.767750 0
97 3
0.196705 0.817482 0
0.147066 0.817482 0
0.171885 0.772317 0
98 3
0.147066 0.817482 0
0.153895 0.771446 0
0.171885 0.772317 0
99 3
0.196705 0.817482 0
0.171885 0.772317 0
0.189876 0.771446 0
100 3
0.196705 0.817482 0
0.189876 0.771446 0
0.231761 0.767750 0
101 3
0.112009 0.767167 0
0.153895 0.771446 0
0.147066 0.817482 0
102 3
0.099179 0.845133 0
0.112009 0.767167 0
0.147998 0.851692 0
103 3
0.066023 0.600116 0
0.132222 0.641648 0
0.086921 0.766525 0
104 3
0.256850 0.766525 0
0.211734 0.641648 0
0.277410 0.600116 0
105 3
0.231761 0.767750 0
0.211734 0.641648 0
0.256850 0.766525 0
106 3
0.112009 0.767167 0
0.132222 0.641648 0
0.153924 0.770932 0
107 3
0.211734 0.641648 0
0.189847 0.770896 0
0.186042 0.667831 0
108 3
0.186042 0.667831 0
0.189847 0.770896 0
0.157729 0.667831 0
109 3
0.189847 0.770896 0
0.153924 0.770932 0
0.157729 0.667831 0
110 3
0.157729 0.667831 0
0.153924 0.770932 0
0.132222 0.641648 0
111 3
0.112009 0.767167 0
0.099179 0.845133 0
0.086921 0.766525 0
112 3
0.112009 0.767167 0
0.086921 0.766525 0
0.132222 0.641648 0
113 3
0.231761 0.767750 0
0.189847 0.770896 0
0.211734 0.641648 0
114 3
0.231761 0.767750 0
0.256850 0.766525 0
0.244591 0.845133 0
115 3
0.064486 0.475577 0
0.072955 0.443760 0
0.101121 0.432173 0
116 3
0.062165 0.385942 0
0.072955 0.443760 0
0.064486 0.475577 0
117 3
0.101121 0.432173 0
0.072955 0.443760 0
0.062165 0.385942 0
118 3
0.242649 0.432173 0
0.261686 0.443760 0
0.270951 0.475577 0
119 3
0.278492 0.385942 0
0.261686 0.443760 0
0.242649 0.432173 0
120 3
0.270951 0.475577 0
0.261686 0.443760 0
0.278492 0.385942 0
121 3
0.427265 0.220325 0
0.365535 0.210047 0
0.435625 0.401193 0
122 3
0.365535 0.210047 0
0.427265 0.220325 0
0.435625 0.401193 0
123 3
0.417159 0.796585 0
0.377093 0.994348 0
0.514901 0.994690 0
124 3
0.514901 0.994690 0
0.522689 0.859383 0
0.417159 0.796585 0
125 3
0.514901 0.994690 0
0.377093 0.994348 0
0.417159 0.796585 0
126 3
0.417159 0.796585 0
0.522689 0.859383 0
0.514901 0.994690 0
127 3
0.438505 0.738742 0
0.380271 0.804522 0
0.417159 0.796585 0
128 3
0.438505 0.738742 0
0.417159 0.796585 0
0.524136 0.822578 0
129 3
0.438505 0.738742 0
0.524136 0.822578 0
0.417159 0.796585 0
130 3
0.438505 0.738742 0
0.417159 0.796585 0
0.380271 0.804522 0
131 3
0.228335 0.922741 0
0.321448 0.855292 0
0.244629 0.842456 0
132 3
0.258410 0.763232 0
0.244629 0.842456 0
0.321448 0.855292 0
133 3
0.258410 0.763232 0
0.321448 0.855292 0
0.244629 0.842456 0
134 3
0.228335 0.922741 0
0.244629 0.842456 0
0.321448 0.855292 0
135 3
0.514672 0.995560 0
0.514901 0.994690 0
0.377621 0.995897 0
136 3
0.377621 0.995897 0
0.514901 0.994690 0
0.377093 0.994348 0
137 3
0.377621 0.995897 0
0.377093 0.994348 0
0.316626 0.994671 0
138 3
0.514672 0.995560 0
0.610182 0.994324 0
0.514901 0.994690 0
139 3
0.172187 0.061610 0
0.088672 0.051411 0
0.171471 0.010252 0
140 3
0.380271 0.804522 0
0.438505 0.738742 0
0.401140 0.744660 0
141 3
0.905117 0.947302 0
0.941826 0.915289 0
0.902637 0.910930 0
142 3
0.905117 0.947302 0
0.942690 0.946897 0
0.941826 0.915289 0
143 3
0.417159 0.796585 0
0.522689 0.859383 0
0.524136 0.822578 0
144 3
0.604209 0.219871 0
0.603071 0.105799 0
0.520578 0.102655 0
145 3
0.543467 0.218426 0
0.604209 0.219871 0
0.520578 0.102655 0
146 3
0.543467 0.218426 0
0.520578 0.102655 0
0.415711 0.105262 0
147 3
0.427265 0.220325 0
0.543467 0.218426 0
0.415711 0.105262 0
148 3
0.427265 0.220325 0
0.415711 0.105262 0
0.343733 0.099353 0
149 3
0.365535 0.210047 0
0.427265 0.220325 0
0.343733 0.099353 0
150 3
0.435925 0.497270 0
0.482823 0.488286 0
0.435625 0.401193 0
151 3
0.535687 0.667104 0
0.608295 0.663353 0
0.608394 0.505658 0
152 3
0.535687 0.667104 0
0.608394 0.505658 0
0.550350 0.513767 0
153 3
0.492439 0.688828 0
0.535687 0.667104 0
0.550350 0.513767 0
154 3
0.492439 0.688828 0
0.550350 0.513767 0
0.500695 0.534363 0
155 3
0.316626 0.994671 0
0.377093 0.994348 0
0.310896 0.966527 0
156 3
0.310896 0.966527 0
0.377093 0.994348 0
0.354815 0.868578 0
157 3
0.942690 0.946897 0
0.905117 0.947302 0
0.917842 0.985711 0
158 3
0.898541 0.739272 0
0.898050 0.782498 0
0.936797 0.740255 0
159 3
0.936797 0.740255 0
0.898050 0.782498 0
0.937877 0.782102 0
160 3
0.936457 0.825091 0
0.937877 0.782102 0
0.898050 0.782498 0
161 3
0.900006 0.825188 0
0.936457 0.825091 0
0.898050 0.782498 0
162 3
0.939247 0.873252 0
0.936457 0.825091 0
0.900006 0.825188 0
163 3
0.939247 0.873252 0
0.900006 0.825188 0
0.901945 0.874889 0
164 3
0.941826 0.915289 0
0.939247 0.873252 0
0.901945 0.874889 0
165 3
0.941826 0.915289 0
0.901945 0.874889 0
0.902637 0.910930 0
166 3
0.415711 0.105262 0
0.396118 0.017928 0
0.345401 0.016013 0
167 3
0.345401 0.016013 0
0.396118 0.017928 0
0.365983 0.003132 0
168 3
0.550350 0.513767 0
0.608394 0.505658 0
0.609314 0.382929 0
169 3
0.550350 0.513767 0
0.609314 0.382929 0
0.550543 0.384728 0
170 3
0.609314 0.382929 0
0.604209 0.219871 0
0.543467 0.218426 0
171 3
0.609314 0.382929 0
0.543467 0.218426 0
0.550543 0.384728 0
172 3
0.603071 0.105799 0
0.602487 0.014255 0
0.474782 0.017570 0
173 3
0.603071 0.105799 0
0.474782 0.017570 0
0.520578 0.102655 0
174 3
0.474782 0.017570 0
0.602487 0.014255 0
0.365983 0.003132 0
175 3
0.354815 0.868578 0
0.380271 0.804522 0
0.321448 0.855292 0
176 3
0.354815 0.868578 0
0.417159 0.796585 0
0.380271 0.804522 0
177 3
0.396118 0.017928 0
0.474782 0.017570 0
0.365983 0.003132 0
178 3
0.278230 0.004170 0
0.345401 0.016013 0
0.365983 0.003132 0
179 3
0.354815 0.868578 0
0.377093 0.994348 0
0.417159 0.796585 0
180 3
0.240871 0.005337 0
0.257835 0.053911 0
0.278230 0.004170 0
181 3
0.343733 0.099353 0
0.278230 0.004170 0
0.257835 0.053911 0
182 3
0.415711 0.105262 0
0.520578 0.102655 0
0.474782 0.017570 0
183 3
0.415711 0.105262 0
0.474782 0.017570 0
0.396118 0.017928 0
184 3
0.329273 0.672292 0
0.401140 0.744660 0
0.398559 0.681016 0
185 3
0.329273 0.672292 0
0.398559 0.681016 0
0.411882 0.550475 0
186 3
0.135317 0.467056 0
0.149617 0.385244 0
0.159698 0.430708 0
187 3
0.101121 0.432173 0
0.102712 0.374075 0
0.149617 0.385244 0
188 3
0.135317 0.467056 0
0.101121 0.432173 0
0.149617 0.385244 0
189 3
0.064486 0.475577 0
0.043125 0.470618 0
0.062165 0.385942 0
190 3
0.102712 0.374075 0
0.101121 0.432173 0
0.062165 0.385942 0
191 3
0.159242 0.637128 0
0.132222 0.641648 0
0.159448 0.586108 0
192 3
0.157729 0.667831 0
0.132222 0.641648 0
0.159242 0.637128 0
193 3
0.277628 0.388033 0
0.371780 0.332026 0
0.266866 0.137983 0
194 3
0.149617 0.385244 0
0.102712 0.374075 0
0.082000 0.136268 0
195 3
0.149617 0.385244 0
0.082000 0.136268 0
0.174276 0.139675 0
196 3
0.160312 0.463267 0
0.135317 0.467056 0
0.159698 0.430708 0
197 3
0.102712 0.374075 0
0.062165 0.385942 0
0.082000 0.136268 0
198 3
0.043125 0.470618 0
0.064486 0.475577 0
0.066023 0.600116 0
199 3
0.064486 0.475577 0
0.100749 0.486740 0
0.066023 0.600116 0
200 3
0.100749 0.486740 0
0.101121 0.432173 0
0.135317 0.467056 0
201 3
0.064486 0.475577 0
0.101121 0.432173 0
0.100749 0.486740 0
202 3
0.100749 0.486740 0
0.135317 0.467056 0
0.131875 0.605324 0
203 3
0.100749 0.486740 0
0.131875 0.605324 0
0.066023 0.600116 0
204 3
0.066023 0.600116 0
0.131875 0.605324 0
0.132222 0.641648 0
205 3
0.160829 0.529212 0
0.131875 0.605324 0
0.160312 0.463267 0
206 3
0.131875 0.605324 0
0.159448 0.586108 0
0.132222 0.641648 0
207 3
0.160829 0.529212 0
0.159448 0.586108 0
0.131875 0.605324 0
208 3
0.131875 0.605324 0
0.135317 0.467056 0
0.160312 0.463267 0
209 3
0.514672 0.995560 0
0.610182 0.994324 0
0.610182 0.994324 0
210 3
0.514672 0.995560 0
0.377621 0.995897 0
0.514901 0.994690 0
211 3
0.377621 0.995897 0
0.377093 0.994348 0
0.514901 0.994690 0
212 3
0.377621 0.995897 0
0.316626 0.994671 0
0.377093 0.994348 0
213 3
0.316626 0.994671 0
0.310896 0.966527 0
0.310896 0.966527 0
214 3
0.316626 0.994671 0
0.310896 0.966527 0
0.316626 0.994671 0
215 3
0.377621 0.995897 0
0.316626 0.994671 0
0.316626 0.994671 0
216 3
0.724870 0.222963 0
0.593633 0.103100 0
0.594754 0.222963 0
217 3
0.724870 0.222963 0
0.722600 0.103100 0
0.593633 0.103100 0
218 3
0.710730 0.017653 0
0.650345 0.004054 0
0.597768 0.016396 0
219 3
0.722600 0.103100 0
0.710730 0.017653 0
0.597768 0.016396 0
220 3
0.722600 0.103100 0
0.597768 0.016396 0
0.593633 0.103100 0
221 3
0.717802 0.384115 0
0.594754 0.222963 0
0.597221 0.384115 0
222 3
0.717802 0.384115 0
0.724870 0.222963 0
0.594754 0.222963 0
223 3
0.726069 0.508978 0
0.597221 0.384115 0
0.593555 0.508978 0
224 3
0.726069 0.508978 0
0.717802 0.384115 0
0.597221 0.384115 0
225 3
0.724671 0.664078 0
0.593555 0.508978 0
0.590340 0.664078 0
226 3
0.724671 0.664078 0
0.726069 0.508978 0
0.593555 0.508978 0
227 3
0.722414 0.873814 0
0.590340 0.664078 0
0.588349 0.873814 0
228 3
0.722414 0.873814 0
0.724671 0.664078 0
0.590340 0.664078 0
229 3
0.719664 0.907944 0
0.588349 0.873814 0
0.591098 0.907944 0
230 3
0.719664 0.907944 0
0.722414 0.873814 0
0.588349 0.873814 0
231 3
0.726236 0.995281 0
0.591098 0.907944 0
0.589997 0.995281 0
232 3
0.726236 0.995281 0
0.719664 0.907944 0
0.591098 0.907944 0
233 3
0.514672 0.995560 0
0.514901 0.994690 0
0.610182 0.994324 0
234 3
0.172187 0.061610 0
0.171471 0.010252 0
0.256898 0.051411 0
235 3
0.159242 0.637128 0
0.184322 0.586108 0
0.184528 0.637128 0
236 3
0.159242 0.637128 0
0.159448 0.586108 0
0.184322 0.586108 0
237 3
0.157729 0.667831 0
0.184528 0.637128 0
0.186042 0.667831 0
238 3
0.159242 0.637128 0
0.184528 0.637128 0
0.157729 0.667831 0
239 3
0.149617 0.385244 0
0.174276 0.139675 0
0.194154 0.385244 0
240 3
0.159698 0.430708 0
0.194154 0.385244 0
0.184072 0.430708 0
241 3
0.159698 0.430708 0
0.149617 0.385244 0
0.194154 0.385244 0
242 3
0.160312 0.463267 0
0.184072 0.430708 0
0.183459 0.463267 0
243 3
0.159698 0.430708 0
0.184072 0.430708 0
0.160312 0.463267 0
244 3
0.182941 0.529212 0
0.184322 0.586108 0
0.159448 0.586108 0
245 3
0.160829 0.529212 0
0.182941 0.529212 0
0.159448 0.586108 0
246 3
0.183459 0.463267 0
0.182941 0.529212 0
0.160829 0.529212 0
247 3
0.160312 0.463267 0
0.183459 0.463267 0
0.160829 0.529212 0
248 3
0.380271 0.804522 0
0.401140 0.744660 0
0.438505 0.738742 0
249 3
0.968545 0.949899 0
0.970150 0.914532 0
0.932707 0.917861 0
250 3
0.968545 0.949899 0
0.932707 0.917861 0
0.933657 0.949590 0
251 3
0.417159 0.796585 0
0.524136 0.822578 0
0.522689 0.859383 0
252 3
0.604209 0.219871 0
0.520578 0.102655 0
0.603071 0.105799 0
253 3
0.543467 0.218426 0
0.520578 0.102655 0
0.604209 0.219871 0
254 3
0.543467 0.218426 0
0.415711 0.105262 0
0.520578 0.102655 0
255 3
0.427265 0.220325 0
0.415711 0.105262 0
0.543467 0.218426 0
256 3
0.427265 0.220325 0
0.343733 0.099353 0
0.415711 0.105262 0
257 3
0.365535 0.210047 0
0.343733 0.099353 0
0.427265 0.220325 0
258 3
0.435925 0.497270 0
0.435625 0.401193 0
0.482823 0.488286 0
259 3
0.535687 0.667104 0
0.608394 0.505658 0
0.608295 0.663353 0
260 3
0.535687 0.667104 0
0.550350 0.513767 0
0.608394 0.505658 0
261 3
0.492439 0.688828 0
0.550350 0.513767 0
0.535687 0.667104 0
262 3
0.492439 0.688828 0
0.500695 0.534363 0
0.550350 0.513767 0
263 3
0.316626 0.994671 0
0.310896 0.966527 0
0.377093 0.994348 0
264 3
0.310896 0.966527 0
0.354815 0.868578 0
0.377093 0.994348 0
265 3
0.933657 0.949590 0
0.951254 0.981133 0
0.968545 0.949899 0
266 3
0.968594 0.786091 0
0.969785 0.745489 0
0.932947 0.746239 0
267 3
0.932947 0.746239 0
0.933756 0.785788 0
0.968594 0.786091 0
268 3
0.931658 0.831899 0
0.968594 0.786091 0
0.933756 0.785788 0
269 3
0.970346 0.831973 0
0.968594 0.786091 0
0.931658 0.831899 0
270 3
0.931360 0.876270 0
0.970346 0.831973 0
0.931658 0.831899 0
271 3
0.931360 0.876270 0
0.970598 0.875624 0
0.970346 0.831973 0
272 3
0.932707 0.917861 0
0.970598 0.875624 0
0.931360 0.876270 0
273 3
0.932707 0.917861 0
0.970150 0.914532 0
0.970598 0.875624 0
274 3
0.415711 0.105262 0
0.345401 0.020873 0
0.396118 0.022843 0
275 3
0.345401 0.020873 0
0.365983 0.003132 0
0.396118 0.022843 0
276 3
0.550350 0.513767 0
0.609314 0.382929 0
0.608394 0.505658 0
277 3
0.550350 0.513767 0
0.550543 0.384728 0
0.609314 0.382929 0
278 3
0.609314 0.382929 0
0.543467 0.218426 0
0.604209 0.219871 0
279 3
0.609314 0.382929 0
0.550543 0.384728 0
0.543467 0.218426 0
280 3
0.603071 0.105799 0
0.471669 0.021410 0
0.601434 0.015555 0
281 3
0.603071 0.105799 0
0.520578 0.102655 0
0.471669 0.021410 0
282 3
0.471669 0.021410 0
0.365983 0.003132 0
0.601434 0.015555 0
283 3
0.354815 0.868578 0
0.321448 0.855292 0
0.380271 0.804522 0
284 3
0.354815 0.868578 0
0.380271 0.804522 0
0.417159 0.796585 0
285 3
0.396118 0.022843 0
0.365983 0.003132 0
0.471669 0.021410 0
286 3
0.278230 0.008388 0
0.365983 0.003132 0
0.345401 0.020873 0
287 3
0.354815 0.868578 0
0.417159 0.796585 0
0.377093 0.994348 0
288 3
0.240871 0.005337 0
0.278230 0.008388 0
0.257835 0.053911 0
289 3
0.343733 0.099353 0
0.257835 0.053911 0
0.278230 0.008388 0
290 3
0.415711 0.105262 0
0.471669 0.021410 0
0.520578 0.102655 0
291 3
0.415711 0.105262 0
0.396118 0.022843 0
0.471669 0.021410 0
292 3
0.329273 0.672292 0
0.398559 0.681016 0
0.401140 0.744660 0
293 3
0.329273 0.672292 0
0.411882 0.550475 0
0.398559 0.681016 0
294 3
0.208453 0.467056 0
0.184072 0.430708 0
0.194154 0.385244 0
295 3
0.242649 0.432173 0
0.194154 0.385244 0
0.241059 0.374075 0
296 3
0.208453 0.467056 0
0.194154 0.385244 0
0.242649 0.432173 0
297 3
0.270951 0.475577 0
0.278492 0.385942 0
0.292312 0.470618 0
298 3
0.241059 0.374075 0
0.278492 0.385942 0
0.242649 0.432173 0
299 3
0.184528 0.637128 0
0.184322 0.586108 0
0.211734 0.641648 0
300 3
0.186042 0.667831 0
0.184528 0.637128 0
0.211734 0.641648 0
301 3
0.277628 0.388033 0
0.266866 0.137983 0
0.371780 0.332026 0
302 3
0.194154 0.385244 0
0.266515 0.136268 0
0.241059 0.374075 0
303 3
0.194154 0.385244 0
0.174276 0.139675 0
0.266515 0.136268 0
304 3
0.183459 0.463267 0
0.184072 0.430708 0
0.208453 0.467056 0
305 3
0.241059 0.374075 0
0.266515 0.136268 0
0.278492 0.385942 0
306 3
0.292312 0.470618 0
0.277410 0.600116 0
0.270951 0.475577 0
307 3
0.270951 0.475577 0
0.277410 0.600116 0
0.243022 0.486740 0
308 3
0.243022 0.486740 0
0.208453 0.467056 0
0.242649 0.432173 0
309 3
0.243022 0.486740 0
0.242649 0.432173 0
0.270951 0.475577 0
310 3
0.243022 0.486740 0
0.211895 0.605324 0
0.208453 0.467056 0
311 3
0.243022 0.486740 0
0.277410 0.600116 0
0.211895 0.605324 0
312 3
0.277410 0.600116 0
0.211734 0.641648 0
0.211895 0.605324 0
313 3
0.182941 0.529212 0
0.183459 0.463267 0
0.211895 0.605324 0
314 3
0.211895 0.605324 0
0.211734 0.641648 0
0.184322 0.586108 0
315 3
0.182941 0.529212 0
0.211895 0.605324 0
0.184322 0.586108 0
316 3
0.211895 0.605324 0
0.183459 0.463267 0
0.208453 0.467056 0
4
0.000000 0.000000 0.000000
0.000000 0.000000 0.000000
0.000000 0.000000 0.000000
1.000000 1.000000 1.000000
