1
8
Orlando\LWO\hd_ahard.TGA
Orlando\LWO\hd_ahard.TGA
Orlando\LWO\hd_ahard.TGA
Orlando\LWO\hd_ahard.TGA
Orlando\LWO\hd_ahard.TGA
Orlando\LWO\hd_ahard.TGA
Orlando\LWO\hd_ahard.TGA
Orlando\LWO\hd_ahard.TGA
321
0 3
0.445297 0.551342 0
0.479454 0.873509 0
0.529238 0.773636 0
1 3
0.445297 0.551342 0
0.529238 0.773636 0
0.538235 0.704968 0
2 3
0.445297 0.551342 0
0.538235 0.704968 0
0.539688 0.648747 0
3 3
0.529238 0.773636 0
0.479454 0.873509 0
0.445297 0.551342 0
4 3
0.445297 0.551342 0
0.539688 0.648747 0
0.538235 0.704968 0
5 3
0.445297 0.551342 0
0.538235 0.704968 0
0.529238 0.773636 0
6 3
0.446609 0.976318 0
0.479454 0.873509 0
0.345321 0.940340 0
7 3
0.345321 0.940340 0
0.346463 0.989490 0
0.446609 0.976318 0
8 3
0.345321 0.940340 0
0.479454 0.873509 0
0.446609 0.976318 0
9 3
0.446609 0.976318 0
0.346463 0.989490 0
0.345321 0.940340 0
10 3
0.595823 0.428013 0
0.594454 0.312444 0
0.441483 0.347606 0
11 3
0.595823 0.428013 0
0.441483 0.347606 0
0.594454 0.312444 0
12 3
0.441483 0.347606 0
0.576538 0.464388 0
0.595823 0.428013 0
13 3
0.441483 0.347606 0
0.595823 0.428013 0
0.576538 0.464388 0
14 3
0.446609 0.976318 0
0.518803 0.883919 0
0.479454 0.873509 0
15 3
0.479454 0.873509 0
0.518803 0.883919 0
0.446609 0.976318 0
16 3
0.479454 0.873509 0
0.445297 0.551342 0
0.357077 0.566856 0
17 3
0.479454 0.873509 0
0.348472 0.770193 0
0.357077 0.566856 0
18 3
0.479454 0.873509 0
0.357077 0.566856 0
0.348472 0.770193 0
19 3
0.479454 0.873509 0
0.357077 0.566856 0
0.445297 0.551342 0
20 3
0.260612 0.180342 0
0.191009 0.357610 0
0.161811 0.194770 0
21 3
0.260612 0.180342 0
0.161811 0.194770 0
0.162225 0.068756 0
22 3
0.129498 0.357610 0
0.092412 0.349652 0
0.063050 0.180342 0
23 3
0.191009 0.357610 0
0.260612 0.180342 0
0.231998 0.349652 0
24 3
0.129498 0.357610 0
0.063050 0.180342 0
0.161811 0.194770 0
25 3
0.479454 0.873509 0
0.348472 0.770193 0
0.346755 0.879462 0
26 3
0.479454 0.873509 0
0.346755 0.879462 0
0.348472 0.770193 0
27 3
0.063050 0.180342 0
0.091983 0.063524 0
0.162225 0.068756 0
28 3
0.260612 0.180342 0
0.162225 0.068756 0
0.228567 0.063524 0
29 3
0.063050 0.180342 0
0.162225 0.068756 0
0.161811 0.194770 0
30 3
0.135192 0.941197 0
0.100059 0.942558 0
0.082093 0.876625 0
31 3
0.244864 0.876625 0
0.224429 0.942558 0
0.189217 0.941197 0
32 3
0.136805 0.851857 0
0.135192 0.941197 0
0.082093 0.876625 0
33 3
0.187604 0.851963 0
0.244864 0.876625 0
0.189217 0.941197 0
34 3
0.538235 0.704968 0
0.529238 0.773636 0
0.571047 0.761252 0
35 3
0.538235 0.704968 0
0.571047 0.761252 0
0.589520 0.691859 0
36 3
0.538235 0.704968 0
0.589520 0.691859 0
0.571047 0.761252 0
37 3
0.538235 0.704968 0
0.571047 0.761252 0
0.529238 0.773636 0
38 3
0.095307 0.776886 0
0.113567 0.617500 0
0.138654 0.719253 0
39 3
0.138654 0.719253 0
0.139066 0.772796 0
0.095307 0.776886 0
40 3
0.185543 0.719252 0
0.206955 0.617500 0
0.225200 0.777572 0
41 3
0.225200 0.777572 0
0.185344 0.772762 0
0.185543 0.719252 0
42 3
0.139066 0.772796 0
0.138654 0.719253 0
0.185543 0.719252 0
43 3
0.139066 0.772796 0
0.185543 0.719252 0
0.185344 0.772762 0
44 3
0.138654 0.719253 0
0.138892 0.637043 0
0.177312 0.637043 0
45 3
0.177312 0.637043 0
0.185543 0.719252 0
0.138654 0.719253 0
46 3
0.206955 0.617500 0
0.185543 0.719252 0
0.177312 0.637043 0
47 3
0.138892 0.637043 0
0.138654 0.719253 0
0.113567 0.617500 0
48 3
0.136805 0.851857 0
0.187604 0.851963 0
0.189217 0.941197 0
49 3
0.136805 0.851857 0
0.189217 0.941197 0
0.135192 0.941197 0
50 3
0.446609 0.976318 0
0.446609 0.976318 0
0.346463 0.989490 0
51 3
0.446609 0.976318 0
0.346463 0.989490 0
0.346463 0.989490 0
52 3
0.133166 0.988383 0
0.135192 0.941197 0
0.189217 0.941197 0
53 3
0.133166 0.988383 0
0.189217 0.941197 0
0.191990 0.988383 0
54 3
0.100059 0.942558 0
0.135192 0.941197 0
0.133166 0.988383 0
55 3
0.224429 0.942558 0
0.191990 0.988383 0
0.189217 0.941197 0
56 3
0.594454 0.312444 0
0.623434 0.426608 0
0.706968 0.410208 0
57 3
0.594454 0.312444 0
0.705262 0.300941 0
0.706968 0.410208 0
58 3
0.623434 0.426608 0
0.658020 0.487085 0
0.706968 0.410208 0
59 3
0.706968 0.410208 0
0.658020 0.487085 0
0.623434 0.426608 0
60 3
0.679609 0.989094 0
0.753738 0.990965 0
0.752425 0.735939 0
61 3
0.679609 0.989094 0
0.670327 0.740187 0
0.752425 0.735939 0
62 3
0.679609 0.989094 0
0.752425 0.735939 0
0.670327 0.740187 0
63 3
0.679609 0.989094 0
0.752425 0.735939 0
0.753738 0.990965 0
64 3
0.350654 0.178540 0
0.441483 0.347606 0
0.436939 0.161241 0
65 3
0.350654 0.178540 0
0.436939 0.161241 0
0.437255 0.056782 0
66 3
0.350654 0.178540 0
0.437255 0.056782 0
0.436939 0.161241 0
67 3
0.350654 0.178540 0
0.436939 0.161241 0
0.441483 0.347606 0
68 3
0.617884 0.439020 0
0.539688 0.648747 0
0.551459 0.690935 0
69 3
0.617884 0.439020 0
0.581403 0.668203 0
0.551459 0.690935 0
70 3
0.617884 0.439020 0
0.551459 0.690935 0
0.581403 0.668203 0
71 3
0.617884 0.439020 0
0.551459 0.690935 0
0.539688 0.648747 0
72 3
0.617884 0.439020 0
0.576538 0.464388 0
0.539688 0.648747 0
73 3
0.539688 0.648747 0
0.576538 0.464388 0
0.617884 0.439020 0
74 3
0.639049 0.607097 0
0.589520 0.691859 0
0.681581 0.600512 0
75 3
0.681581 0.600512 0
0.697777 0.508315 0
0.639049 0.607097 0
76 3
0.681581 0.600512 0
0.589520 0.691859 0
0.639049 0.607097 0
77 3
0.639049 0.607097 0
0.697777 0.508315 0
0.681581 0.600512 0
78 3
0.187604 0.851963 0
0.188506 0.813490 0
0.225200 0.777572 0
79 3
0.244864 0.876625 0
0.187604 0.851963 0
0.225200 0.777572 0
80 3
0.188506 0.813490 0
0.187604 0.851963 0
0.136805 0.851857 0
81 3
0.188506 0.813490 0
0.136805 0.851857 0
0.135905 0.813483 0
82 3
0.188506 0.813490 0
0.135905 0.813483 0
0.162205 0.772056 0
83 3
0.135905 0.813483 0
0.139035 0.771909 0
0.162205 0.772056 0
84 3
0.095307 0.776886 0
0.135905 0.813483 0
0.136805 0.851857 0
85 3
0.188506 0.813490 0
0.162205 0.772056 0
0.185374 0.771913 0
86 3
0.188506 0.813490 0
0.185374 0.771913 0
0.225200 0.777572 0
87 3
0.095307 0.776886 0
0.139035 0.771909 0
0.135905 0.813483 0
88 3
0.082093 0.876625 0
0.095307 0.776886 0
0.136805 0.851857 0
89 3
0.042877 0.563213 0
0.113567 0.617500 0
0.066001 0.774566 0
90 3
0.256758 0.774566 0
0.206955 0.617500 0
0.277630 0.563213 0
91 3
0.225200 0.777572 0
0.206955 0.617500 0
0.256758 0.774566 0
92 3
0.095307 0.776886 0
0.082093 0.876625 0
0.066001 0.774566 0
93 3
0.095307 0.776886 0
0.066001 0.774566 0
0.113567 0.617500 0
94 3
0.225200 0.777572 0
0.256758 0.774566 0
0.244864 0.876625 0
95 3
0.040116 0.449032 0
0.048835 0.409542 0
0.077642 0.407773 0
96 3
0.042615 0.356933 0
0.048835 0.409542 0
0.040116 0.449032 0
97 3
0.077642 0.407773 0
0.048835 0.409542 0
0.042615 0.356933 0
98 3
0.235060 0.407773 0
0.263047 0.409542 0
0.272586 0.449032 0
99 3
0.278734 0.356933 0
0.263047 0.409542 0
0.235060 0.407773 0
100 3
0.272586 0.449032 0
0.263047 0.409542 0
0.278734 0.356933 0
101 3
0.437255 0.056782 0
0.379881 0.073637 0
0.350654 0.178540 0
102 3
0.350654 0.178540 0
0.379881 0.073637 0
0.437255 0.056782 0
103 3
0.436939 0.161241 0
0.441483 0.347606 0
0.594454 0.312444 0
104 3
0.594454 0.312444 0
0.584388 0.135138 0
0.436939 0.161241 0
105 3
0.594454 0.312444 0
0.441483 0.347606 0
0.436939 0.161241 0
106 3
0.436939 0.161241 0
0.584388 0.135138 0
0.594454 0.312444 0
107 3
0.445297 0.551342 0
0.576538 0.464388 0
0.441483 0.347606 0
108 3
0.441483 0.347606 0
0.405008 0.451822 0
0.445297 0.551342 0
109 3
0.441483 0.347606 0
0.576538 0.464388 0
0.445297 0.551342 0
110 3
0.445297 0.551342 0
0.405008 0.451822 0
0.441483 0.347606 0
111 3
0.571047 0.761252 0
0.535025 0.990009 0
0.679609 0.989094 0
112 3
0.679609 0.989094 0
0.670327 0.740187 0
0.571047 0.761252 0
113 3
0.679609 0.989094 0
0.535025 0.990009 0
0.571047 0.761252 0
114 3
0.571047 0.761252 0
0.670327 0.740187 0
0.679609 0.989094 0
115 3
0.617884 0.439020 0
0.581403 0.668203 0
0.625016 0.603673 0
116 3
0.625016 0.603673 0
0.645477 0.489452 0
0.617884 0.439020 0
117 3
0.617884 0.439020 0
0.645477 0.489452 0
0.625016 0.603673 0
118 3
0.617884 0.439020 0
0.625016 0.603673 0
0.581403 0.668203 0
119 3
0.589520 0.691859 0
0.571047 0.761252 0
0.681581 0.600512 0
120 3
0.589520 0.691859 0
0.681581 0.600512 0
0.571047 0.761252 0
121 3
0.345321 0.940340 0
0.479454 0.873509 0
0.346755 0.879462 0
122 3
0.345321 0.940340 0
0.346755 0.879462 0
0.479454 0.873509 0
123 3
0.677175 0.989541 0
0.679609 0.989094 0
0.540006 0.990605 0
124 3
0.540006 0.990605 0
0.679609 0.989094 0
0.535025 0.990009 0
125 3
0.540006 0.990605 0
0.535025 0.990009 0
0.462746 0.989167 0
126 3
0.677175 0.989541 0
0.753738 0.990965 0
0.679609 0.989094 0
127 3
0.798470 0.094904 0
0.727543 0.088483 0
0.798442 0.026819 0
128 3
0.917523 0.596963 0
0.949221 0.591719 0
0.915477 0.588380 0
129 3
0.917523 0.596963 0
0.950129 0.593544 0
0.949221 0.591719 0
130 3
0.571047 0.761252 0
0.670327 0.740187 0
0.681581 0.600512 0
131 3
0.670327 0.740187 0
0.766915 0.589590 0
0.681581 0.600512 0
132 3
0.670327 0.740187 0
0.752425 0.735939 0
0.766915 0.589590 0
133 3
0.778046 0.109257 0
0.723999 0.007953 0
0.649273 0.013817 0
134 3
0.687565 0.118516 0
0.778046 0.109257 0
0.649273 0.013817 0
135 3
0.687565 0.118516 0
0.649273 0.013817 0
0.570838 0.027660 0
136 3
0.584388 0.135138 0
0.687565 0.118516 0
0.570838 0.027660 0
137 3
0.584388 0.135138 0
0.570838 0.027660 0
0.437255 0.056782 0
138 3
0.436939 0.161241 0
0.584388 0.135138 0
0.437255 0.056782 0
139 3
0.594454 0.312444 0
0.706968 0.410208 0
0.705262 0.300941 0
140 3
0.595823 0.428013 0
0.623434 0.426608 0
0.594454 0.312444 0
141 3
0.697777 0.508315 0
0.793170 0.498095 0
0.802664 0.395574 0
142 3
0.697777 0.508315 0
0.802664 0.395574 0
0.706968 0.410208 0
143 3
0.639049 0.607097 0
0.697777 0.508315 0
0.706968 0.410208 0
144 3
0.639049 0.607097 0
0.706968 0.410208 0
0.658020 0.487085 0
145 3
0.681581 0.600512 0
0.766915 0.589590 0
0.793170 0.498095 0
146 3
0.681581 0.600512 0
0.793170 0.498095 0
0.697777 0.508315 0
147 3
0.462746 0.989167 0
0.535025 0.990009 0
0.446609 0.976318 0
148 3
0.446609 0.976318 0
0.535025 0.990009 0
0.518803 0.883919 0
149 3
0.950129 0.593544 0
0.917523 0.596963 0
0.915048 0.556406 0
150 3
0.918608 0.434718 0
0.917695 0.411551 0
0.944922 0.419763 0
151 3
0.944922 0.419763 0
0.917695 0.411551 0
0.948608 0.428627 0
152 3
0.949252 0.451387 0
0.948608 0.428627 0
0.917695 0.411551 0
153 3
0.917676 0.447461 0
0.949252 0.451387 0
0.917695 0.411551 0
154 3
0.949809 0.546781 0
0.949252 0.451387 0
0.917676 0.447461 0
155 3
0.949809 0.546781 0
0.917676 0.447461 0
0.916363 0.545684 0
156 3
0.949221 0.591719 0
0.949809 0.546781 0
0.916363 0.545684 0
157 3
0.949221 0.591719 0
0.916363 0.545684 0
0.915477 0.588380 0
158 3
0.722535 0.075821 0
0.723561 0.011225 0
0.666510 0.009357 0
159 3
0.584331 0.075718 0
0.722535 0.075821 0
0.666510 0.009357 0
160 3
0.978077 0.826848 0
0.978749 0.746913 0
0.914882 0.834039 0
161 3
0.706968 0.410208 0
0.802664 0.395574 0
0.802594 0.294155 0
162 3
0.706968 0.410208 0
0.802594 0.294155 0
0.705262 0.300941 0
163 3
0.802594 0.294155 0
0.778046 0.109257 0
0.687565 0.118516 0
164 3
0.802594 0.294155 0
0.687565 0.118516 0
0.705262 0.300941 0
165 3
0.884802 0.075011 0
0.883023 0.010865 0
0.796341 0.009441 0
166 3
0.884802 0.075011 0
0.796341 0.009441 0
0.796185 0.075031 0
167 3
0.979033 0.636110 0
0.915081 0.638249 0
0.914882 0.834039 0
168 3
0.518803 0.883919 0
0.529238 0.773636 0
0.479454 0.873509 0
169 3
0.518803 0.883919 0
0.571047 0.761252 0
0.529238 0.773636 0
170 3
0.978749 0.746913 0
0.979033 0.636110 0
0.914882 0.834039 0
171 3
0.978657 0.987709 0
0.978077 0.826848 0
0.914882 0.834039 0
172 3
0.915143 0.986327 0
0.978657 0.987709 0
0.914882 0.834039 0
173 3
0.518803 0.883919 0
0.535025 0.990009 0
0.571047 0.761252 0
174 3
0.594454 0.312444 0
0.705262 0.300941 0
0.687565 0.118516 0
175 3
0.594454 0.312444 0
0.687565 0.118516 0
0.584388 0.135138 0
176 3
0.584184 0.009931 0
0.584331 0.075718 0
0.666510 0.009357 0
177 3
0.798442 0.026819 0
0.727543 0.088483 0
0.729693 0.016586 0
178 3
0.584331 0.075718 0
0.584184 0.009931 0
0.524095 0.075680 0
179 3
0.722535 0.075821 0
0.796185 0.075031 0
0.796341 0.009441 0
180 3
0.722535 0.075821 0
0.796341 0.009441 0
0.723561 0.011225 0
181 3
0.445297 0.551342 0
0.539688 0.648747 0
0.576538 0.464388 0
182 3
0.113715 0.450432 0
0.129498 0.357610 0
0.143995 0.398282 0
183 3
0.077642 0.407773 0
0.092412 0.349652 0
0.129498 0.357610 0
184 3
0.113715 0.450432 0
0.077642 0.407773 0
0.129498 0.357610 0
185 3
0.040116 0.449032 0
0.016839 0.448540 0
0.042615 0.356933 0
186 3
0.092412 0.349652 0
0.077642 0.407773 0
0.042615 0.356933 0
187 3
0.137555 0.605453 0
0.113567 0.617500 0
0.137821 0.562674 0
188 3
0.138892 0.637043 0
0.113567 0.617500 0
0.137555 0.605453 0
189 3
0.343117 0.366568 0
0.441483 0.347606 0
0.350654 0.178540 0
190 3
0.343117 0.366568 0
0.405008 0.451822 0
0.441483 0.347606 0
191 3
0.144715 0.430089 0
0.113715 0.450432 0
0.143995 0.398282 0
192 3
0.092412 0.349652 0
0.042615 0.356933 0
0.063050 0.180342 0
193 3
0.445297 0.551342 0
0.405008 0.451822 0
0.357077 0.566856 0
194 3
0.016839 0.448540 0
0.040116 0.449032 0
0.042877 0.563213 0
195 3
0.040116 0.449032 0
0.077258 0.477123 0
0.042877 0.563213 0
196 3
0.077258 0.477123 0
0.077642 0.407773 0
0.113715 0.450432 0
197 3
0.040116 0.449032 0
0.077642 0.407773 0
0.077258 0.477123 0
198 3
0.077258 0.477123 0
0.113715 0.450432 0
0.114607 0.575030 0
199 3
0.077258 0.477123 0
0.114607 0.575030 0
0.042877 0.563213 0
200 3
0.042877 0.563213 0
0.114607 0.575030 0
0.113567 0.617500 0
201 3
0.142474 0.500801 0
0.114607 0.575030 0
0.144715 0.430089 0
202 3
0.114607 0.575030 0
0.137821 0.562674 0
0.113567 0.617500 0
203 3
0.142474 0.500801 0
0.137821 0.562674 0
0.114607 0.575030 0
204 3
0.114607 0.575030 0
0.113715 0.450432 0
0.144715 0.430089 0
205 3
0.813178 0.990605 0
0.870911 0.989951 0
0.755445 0.989951 0
206 3
0.677175 0.989541 0
0.540006 0.990605 0
0.679609 0.989094 0
207 3
0.540006 0.990605 0
0.535025 0.990009 0
0.679609 0.989094 0
208 3
0.540006 0.990605 0
0.462746 0.989167 0
0.535025 0.990009 0
209 3
0.462746 0.989167 0
0.446609 0.976318 0
0.446609 0.976318 0
210 3
0.462746 0.989167 0
0.446609 0.976318 0
0.462746 0.989167 0
211 3
0.540006 0.990605 0
0.462746 0.989167 0
0.462746 0.989167 0
212 3
0.876310 0.109504 0
0.771581 0.011808 0
0.750046 0.109504 0
213 3
0.876310 0.109504 0
0.854775 0.011808 0
0.771581 0.011808 0
214 3
0.990530 0.638249 0
0.914882 0.834039 0
0.915081 0.638249 0
215 3
0.873576 0.089397 0
0.840582 0.019917 0
0.779959 0.019917 0
216 3
0.873576 0.089397 0
0.779959 0.019917 0
0.746965 0.089397 0
217 3
0.880455 0.289517 0
0.750046 0.109504 0
0.745902 0.289517 0
218 3
0.880455 0.289517 0
0.876310 0.109504 0
0.750046 0.109504 0
219 3
0.877816 0.393324 0
0.745902 0.289517 0
0.748541 0.393324 0
220 3
0.877816 0.393324 0
0.880455 0.289517 0
0.745902 0.289517 0
221 3
0.870892 0.498379 0
0.748541 0.393324 0
0.755464 0.498379 0
222 3
0.870892 0.498379 0
0.877816 0.393324 0
0.748541 0.393324 0
223 3
0.870512 0.592176 0
0.755464 0.498379 0
0.755844 0.592176 0
224 3
0.870512 0.592176 0
0.870892 0.498379 0
0.755464 0.498379 0
225 3
0.869455 0.736658 0
0.755844 0.592176 0
0.756902 0.736658 0
226 3
0.869455 0.736658 0
0.870512 0.592176 0
0.755844 0.592176 0
227 3
0.870911 0.989951 0
0.756902 0.736658 0
0.755445 0.989951 0
228 3
0.870911 0.989951 0
0.869455 0.736658 0
0.756902 0.736658 0
229 3
0.677175 0.989541 0
0.679609 0.989094 0
0.753738 0.990965 0
230 3
0.798470 0.094904 0
0.798442 0.026819 0
0.865459 0.088483 0
231 3
0.137555 0.605453 0
0.178383 0.562674 0
0.178649 0.605453 0
232 3
0.137555 0.605453 0
0.137821 0.562674 0
0.178383 0.562674 0
233 3
0.138892 0.637043 0
0.178649 0.605453 0
0.177312 0.637043 0
234 3
0.137555 0.605453 0
0.178649 0.605453 0
0.138892 0.637043 0
235 3
0.129498 0.357610 0
0.161811 0.194770 0
0.191009 0.357610 0
236 3
0.143995 0.398282 0
0.191009 0.357610 0
0.176512 0.398282 0
237 3
0.143995 0.398282 0
0.129498 0.357610 0
0.191009 0.357610 0
238 3
0.144715 0.430089 0
0.176512 0.398282 0
0.175792 0.430089 0
239 3
0.143995 0.398282 0
0.176512 0.398282 0
0.144715 0.430089 0
240 3
0.174130 0.500801 0
0.178383 0.562674 0
0.137821 0.562674 0
241 3
0.142474 0.500801 0
0.174130 0.500801 0
0.137821 0.562674 0
242 3
0.175792 0.430089 0
0.174130 0.500801 0
0.142474 0.500801 0
243 3
0.144715 0.430089 0
0.175792 0.430089 0
0.142474 0.500801 0
244 3
0.991234 0.596963 0
0.993280 0.588380 0
0.961070 0.591719 0
245 3
0.991234 0.596963 0
0.961070 0.591719 0
0.960162 0.593544 0
246 3
0.571047 0.761252 0
0.681581 0.600512 0
0.670327 0.740187 0
247 3
0.670327 0.740187 0
0.681581 0.600512 0
0.766915 0.589590 0
248 3
0.670327 0.740187 0
0.766915 0.589590 0
0.752425 0.735939 0
249 3
0.778046 0.109257 0
0.649273 0.013817 0
0.723999 0.007953 0
250 3
0.687565 0.118516 0
0.649273 0.013817 0
0.778046 0.109257 0
251 3
0.687565 0.118516 0
0.570838 0.027660 0
0.649273 0.013817 0
252 3
0.584388 0.135138 0
0.570838 0.027660 0
0.687565 0.118516 0
253 3
0.584388 0.135138 0
0.437255 0.056782 0
0.570838 0.027660 0
254 3
0.436939 0.161241 0
0.437255 0.056782 0
0.584388 0.135138 0
255 3
0.594454 0.312444 0
0.706968 0.410208 0
0.623434 0.426608 0
256 3
0.595823 0.428013 0
0.594454 0.312444 0
0.623434 0.426608 0
257 3
0.697777 0.508315 0
0.802664 0.395574 0
0.793170 0.498095 0
258 3
0.697777 0.508315 0
0.706968 0.410208 0
0.802664 0.395574 0
259 3
0.639049 0.607097 0
0.706968 0.410208 0
0.697777 0.508315 0
260 3
0.639049 0.607097 0
0.658020 0.487085 0
0.706968 0.410208 0
261 3
0.681581 0.600512 0
0.793170 0.498095 0
0.766915 0.589590 0
262 3
0.681581 0.600512 0
0.697777 0.508315 0
0.793170 0.498095 0
263 3
0.462746 0.989167 0
0.446609 0.976318 0
0.535025 0.990009 0
264 3
0.446609 0.976318 0
0.518803 0.883919 0
0.535025 0.990009 0
265 3
0.960162 0.593544 0
0.990641 0.556406 0
0.991234 0.596963 0
266 3
0.992596 0.411551 0
0.993217 0.434718 0
0.965368 0.419763 0
267 3
0.965368 0.419763 0
0.960149 0.428627 0
0.992596 0.411551 0
268 3
0.961039 0.451387 0
0.992596 0.411551 0
0.960149 0.428627 0
269 3
0.992615 0.447461 0
0.992596 0.411551 0
0.961039 0.451387 0
270 3
0.960481 0.546781 0
0.992615 0.447461 0
0.961039 0.451387 0
271 3
0.960481 0.546781 0
0.992393 0.545684 0
0.992615 0.447461 0
272 3
0.961070 0.591719 0
0.992393 0.545684 0
0.960481 0.546781 0
273 3
0.961070 0.591719 0
0.993280 0.588380 0
0.992393 0.545684 0
274 3
0.722535 0.075821 0
0.666510 0.009357 0
0.723561 0.011225 0
275 3
0.584331 0.075717 0
0.666510 0.009357 0
0.722535 0.075821 0
276 3
0.989159 0.901497 0
0.914882 0.834039 0
0.990067 0.824228 0
277 3
0.706968 0.410208 0
0.802594 0.294155 0
0.802664 0.395574 0
278 3
0.706968 0.410208 0
0.705262 0.300941 0
0.802594 0.294155 0
279 3
0.802594 0.294155 0
0.687565 0.118516 0
0.778046 0.109257 0
280 3
0.802594 0.294155 0
0.705262 0.300941 0
0.687565 0.118516 0
281 3
0.884802 0.075011 0
0.796341 0.009441 0
0.883023 0.010865 0
282 3
0.884802 0.075011 0
0.796185 0.075031 0
0.796341 0.009441 0
283 3
0.989362 0.750750 0
0.914882 0.834039 0
0.990530 0.638249 0
284 3
0.518803 0.883919 0
0.479454 0.873509 0
0.529238 0.773636 0
285 3
0.518803 0.883919 0
0.529238 0.773636 0
0.571047 0.761252 0
286 3
0.990067 0.824228 0
0.914882 0.834039 0
0.989362 0.750750 0
287 3
0.990159 0.987709 0
0.914882 0.834039 0
0.989159 0.901497 0
288 3
0.915143 0.986327 0
0.914882 0.834039 0
0.990159 0.987709 0
289 3
0.518803 0.883919 0
0.571047 0.761252 0
0.535025 0.990009 0
290 3
0.594454 0.312444 0
0.687565 0.118516 0
0.705262 0.300941 0
291 3
0.594454 0.312444 0
0.584388 0.135138 0
0.687565 0.118516 0
292 3
0.584184 0.009931 0
0.666510 0.009357 0
0.584331 0.075717 0
293 3
0.798442 0.026819 0
0.863266 0.016586 0
0.865459 0.088483 0
294 3
0.584331 0.075717 0
0.524095 0.075680 0
0.584184 0.009931 0
295 3
0.722535 0.075821 0
0.796341 0.009441 0
0.796185 0.075031 0
296 3
0.722535 0.075821 0
0.723561 0.011225 0
0.796341 0.009441 0
297 3
0.445297 0.551342 0
0.576538 0.464388 0
0.539688 0.648747 0
298 3
0.202889 0.450432 0
0.176512 0.398282 0
0.191009 0.357610 0
299 3
0.235060 0.407773 0
0.191009 0.357610 0
0.231998 0.349652 0
300 3
0.202889 0.450432 0
0.191009 0.357610 0
0.235060 0.407773 0
301 3
0.272586 0.449032 0
0.278734 0.356933 0
0.303668 0.448540 0
302 3
0.231998 0.349652 0
0.278734 0.356933 0
0.235060 0.407773 0
303 3
0.178649 0.605453 0
0.178383 0.562674 0
0.206955 0.617500 0
304 3
0.177312 0.637043 0
0.178649 0.605453 0
0.206955 0.617500 0
305 3
0.343117 0.366568 0
0.350654 0.178540 0
0.441483 0.347606 0
306 3
0.343117 0.366568 0
0.441483 0.347606 0
0.405008 0.451822 0
307 3
0.175792 0.430089 0
0.176512 0.398282 0
0.202889 0.450432 0
308 3
0.231998 0.349652 0
0.260612 0.180342 0
0.278734 0.356933 0
309 3
0.445297 0.551342 0
0.357077 0.566856 0
0.405008 0.451822 0
310 3
0.303668 0.448540 0
0.277630 0.563213 0
0.272586 0.449032 0
311 3
0.272586 0.449032 0
0.277630 0.563213 0
0.235444 0.477123 0
312 3
0.235444 0.477123 0
0.202889 0.450432 0
0.235060 0.407773 0
313 3
0.235444 0.477123 0
0.235060 0.407773 0
0.272586 0.449032 0
314 3
0.235444 0.477123 0
0.205690 0.575030 0
0.202889 0.450432 0
315 3
0.235444 0.477123 0
0.277630 0.563213 0
0.205690 0.575030 0
316 3
0.277630 0.563213 0
0.206955 0.617500 0
0.205690 0.575030 0
317 3
0.174130 0.500801 0
0.175792 0.430089 0
0.205690 0.575030 0
318 3
0.205690 0.575030 0
0.206955 0.617500 0
0.178383 0.562674 0
319 3
0.174130 0.500801 0
0.205690 0.575030 0
0.178383 0.562674 0
320 3
0.205690 0.575030 0
0.175792 0.430089 0
0.202889 0.450432 0
4
0.000000 -90.000000 0.000000
0.000000 180.000000 0.000000
0.000000 0.000000 0.000000
16.182129 31.364260 20.762085
4
0.000000 0.000000 0.000000
0.000000 0.000000 0.000000
0.000000 0.000000 0.000000
13.617563 25.384823 19.501194
4
0.000000 0.000000 0.000000
0.000000 0.000000 0.000000
0.000000 0.000000 0.000000
20.029615 6.431422 13.230518
4
-90.000000 0.000000 0.000000
0.000000 0.000000 0.000000
0.000000 0.000000 0.000000
7.764415 4.382208 10.901389
4
0.000000 0.000000 0.000000
0.000000 0.000000 0.000000
0.000000 0.000000 0.000000
6.354592 30.556219 18.455406
4
0.000000 0.000000 0.000000
0.000000 0.000000 0.000000
0.000000 0.000000 0.000000
1.000000 1.000000 1.000000
4
0.000000 0.000000 0.000000
0.000000 0.000000 0.000000
0.000000 0.000000 0.000000
1.000000 1.000000 1.000000
4
0.000000 0.000000 0.000000
0.000000 0.000000 0.000000
0.000000 0.000000 0.000000
1.000000 1.000000 1.000000
