2
1
hd_bwarn
D:\NBAonNBC\HEADS\Design_Team\lwo\hd_bwarn.tga
336
0 3
0.136096 0.918847 0
0.136924 0.969062 0
0.075728 0.953530 0
1 3
0.137613 0.995049 0
0.075728 0.953530 0
0.136924 0.969062 0
2 3
0.203541 0.995049 0
0.205164 0.969062 0
0.269087 0.953530 0
3 3
0.207112 0.918847 0
0.269087 0.953530 0
0.205164 0.969062 0
4 3
0.199481 0.745901 0
0.245980 0.752762 0
0.202163 0.777638 0
5 3
0.205836 0.804820 0
0.202163 0.777638 0
0.245980 0.752762 0
6 3
0.146208 0.745895 0
0.144690 0.777629 0
0.105391 0.751719 0
7 3
0.142611 0.804811 0
0.105391 0.751719 0
0.144690 0.777629 0
8 3
0.146245 0.747864 0
0.105391 0.751719 0
0.146129 0.717607 0
9 3
0.146027 0.674521 0
0.146129 0.717607 0
0.105391 0.751719 0
10 3
0.199444 0.747834 0
0.201184 0.717608 0
0.245980 0.752762 0
11 3
0.202715 0.674520 0
0.245980 0.752762 0
0.201184 0.717608 0
12 3
0.146129 0.717607 0
0.201184 0.717608 0
0.199444 0.747834 0
13 3
0.146129 0.717607 0
0.199444 0.747834 0
0.146245 0.747864 0
14 3
0.146027 0.674521 0
0.202715 0.674520 0
0.201184 0.717608 0
15 3
0.201184 0.717608 0
0.146129 0.717607 0
0.146027 0.674521 0
16 3
0.509241 0.400801 0
0.488306 0.644814 0
0.497728 0.627159 0
17 3
0.497728 0.627159 0
0.488306 0.644814 0
0.509241 0.400801 0
18 3
0.551056 0.381895 0
0.509241 0.400801 0
0.497728 0.627159 0
19 3
0.551055 0.381895 0
0.497728 0.627159 0
0.509241 0.400801 0
20 3
0.488306 0.644814 0
0.401404 0.498395 0
0.406229 0.682527 0
21 3
0.406229 0.682527 0
0.401404 0.498395 0
0.488306 0.644814 0
22 3
0.308849 0.531426 0
0.282128 0.750056 0
0.406229 0.682527 0
23 3
0.406229 0.682527 0
0.401404 0.498395 0
0.308849 0.531426 0
24 3
0.406229 0.682527 0
0.282128 0.750056 0
0.308849 0.531426 0
25 3
0.308849 0.531426 0
0.401404 0.498395 0
0.406229 0.682527 0
26 3
0.406229 0.682527 0
0.406047 0.793970 0
0.489002 0.765211 0
27 3
0.406229 0.682527 0
0.489002 0.765211 0
0.488306 0.644814 0
28 3
0.406047 0.793970 0
0.404491 0.880946 0
0.489002 0.765211 0
29 3
0.406047 0.793970 0
0.489002 0.765211 0
0.404491 0.880946 0
30 3
0.406229 0.682527 0
0.488306 0.644814 0
0.489002 0.765211 0
31 3
0.406229 0.682527 0
0.489002 0.765211 0
0.406047 0.793970 0
32 3
0.406047 0.793970 0
0.406229 0.682527 0
0.282128 0.750056 0
33 3
0.406047 0.793970 0
0.282128 0.750056 0
0.270871 0.857626 0
34 3
0.404491 0.880946 0
0.406047 0.793970 0
0.270871 0.857626 0
35 3
0.404491 0.880946 0
0.270871 0.857626 0
0.269183 0.954064 0
36 3
0.406047 0.793970 0
0.270871 0.857626 0
0.282128 0.750056 0
37 3
0.406047 0.793970 0
0.282128 0.750056 0
0.406229 0.682527 0
38 3
0.404491 0.880946 0
0.269183 0.954064 0
0.270871 0.857626 0
39 3
0.404491 0.880946 0
0.270871 0.857626 0
0.406047 0.793970 0
40 3
0.404491 0.880946 0
0.269183 0.954064 0
0.406233 0.989219 0
41 3
0.406233 0.989219 0
0.476677 0.888911 0
0.404491 0.880946 0
42 3
0.406233 0.989219 0
0.269183 0.954064 0
0.404491 0.880946 0
43 3
0.404491 0.880946 0
0.476677 0.888911 0
0.406233 0.989219 0
44 3
0.551056 0.381895 0
0.529781 0.617777 0
0.572596 0.526375 0
45 3
0.551055 0.381895 0
0.583849 0.426416 0
0.572596 0.526375 0
46 3
0.572596 0.526375 0
0.583849 0.426416 0
0.551056 0.381895 0
47 3
0.551055 0.381895 0
0.572596 0.526375 0
0.529781 0.617777 0
48 3
0.269183 0.954064 0
0.203734 0.994926 0
0.406233 0.989219 0
49 3
0.406233 0.989219 0
0.203734 0.994926 0
0.269183 0.954064 0
50 3
0.534023 0.368938 0
0.535534 0.296769 0
0.382530 0.328258 0
51 3
0.534023 0.368938 0
0.382530 0.328258 0
0.535534 0.296769 0
52 3
0.382530 0.328258 0
0.509241 0.400801 0
0.534023 0.368938 0
53 3
0.382530 0.328258 0
0.534023 0.368938 0
0.509241 0.400801 0
54 3
0.295457 0.183486 0
0.207941 0.363064 0
0.172646 0.198251 0
55 3
0.295457 0.183486 0
0.172646 0.198251 0
0.173440 0.007666 0
56 3
0.143277 0.363064 0
0.075057 0.335244 0
0.049187 0.183486 0
57 3
0.207941 0.363064 0
0.295457 0.183486 0
0.268360 0.335244 0
58 3
0.143277 0.363064 0
0.049187 0.183486 0
0.172646 0.198251 0
59 3
0.049187 0.183486 0
0.074169 0.007195 0
0.173440 0.007666 0
60 3
0.295457 0.183486 0
0.173440 0.007666 0
0.271546 0.007195 0
61 3
0.049187 0.183486 0
0.173440 0.007666 0
0.172646 0.198251 0
62 3
0.136096 0.918847 0
0.075728 0.953530 0
0.076519 0.857799 0
63 3
0.271545 0.857799 0
0.269087 0.953530 0
0.207112 0.918847 0
64 3
0.141059 0.848186 0
0.136096 0.918847 0
0.076519 0.857799 0
65 3
0.204906 0.848289 0
0.271545 0.857799 0
0.207112 0.918847 0
66 3
0.488306 0.644814 0
0.489002 0.765211 0
0.534411 0.759957 0
67 3
0.488306 0.644814 0
0.534411 0.759957 0
0.531582 0.644800 0
68 3
0.488306 0.644814 0
0.531582 0.644800 0
0.534411 0.759957 0
69 3
0.488306 0.644814 0
0.534411 0.759957 0
0.489002 0.765211 0
70 3
0.105391 0.751719 0
0.127543 0.602315 0
0.146027 0.674521 0
71 3
0.202715 0.674520 0
0.223110 0.602315 0
0.245980 0.752762 0
72 3
0.146027 0.674521 0
0.161800 0.604585 0
0.187203 0.604585 0
73 3
0.187203 0.604585 0
0.202715 0.674520 0
0.146027 0.674521 0
74 3
0.223110 0.602315 0
0.202715 0.674520 0
0.187203 0.604585 0
75 3
0.161800 0.604585 0
0.146027 0.674521 0
0.127543 0.602315 0
76 3
0.141059 0.848186 0
0.204906 0.848289 0
0.207112 0.918847 0
77 3
0.141059 0.848186 0
0.207112 0.918847 0
0.136096 0.918847 0
78 3
0.406233 0.989219 0
0.406233 0.989219 0
0.203734 0.994926 0
79 3
0.406233 0.989219 0
0.203734 0.994926 0
0.203734 0.994926 0
80 3
0.535534 0.296769 0
0.567726 0.366920 0
0.660069 0.376525 0
81 3
0.535534 0.296769 0
0.657752 0.270956 0
0.660069 0.376525 0
82 3
0.567726 0.366920 0
0.592370 0.427217 0
0.660069 0.376525 0
83 3
0.660069 0.376525 0
0.592370 0.427217 0
0.567726 0.366920 0
84 3
0.643303 0.990153 0
0.753586 0.990093 0
0.753533 0.713503 0
85 3
0.643303 0.990153 0
0.638185 0.736572 0
0.753533 0.713503 0
86 3
0.643303 0.990153 0
0.753533 0.713503 0
0.638185 0.736572 0
87 3
0.643303 0.990153 0
0.753533 0.713503 0
0.753586 0.990093 0
88 3
0.296049 0.184955 0
0.382530 0.328258 0
0.377196 0.165538 0
89 3
0.296049 0.184955 0
0.377196 0.165538 0
0.375370 0.007062 0
90 3
0.296049 0.184955 0
0.375370 0.007062 0
0.377196 0.165538 0
91 3
0.296049 0.184955 0
0.377196 0.165538 0
0.382530 0.328258 0
92 3
0.551055 0.381895 0
0.529781 0.617777 0
0.497728 0.627159 0
93 3
0.551056 0.381895 0
0.497728 0.627159 0
0.529781 0.617777 0
94 3
0.580076 0.528180 0
0.531582 0.644800 0
0.642215 0.625898 0
95 3
0.642215 0.625898 0
0.654802 0.513648 0
0.580076 0.528180 0
96 3
0.642215 0.625898 0
0.531582 0.644800 0
0.580076 0.528180 0
97 3
0.580076 0.528180 0
0.654802 0.513648 0
0.642215 0.625898 0
98 3
0.204906 0.848289 0
0.205836 0.804820 0
0.245980 0.752762 0
99 3
0.271545 0.857799 0
0.204906 0.848289 0
0.245980 0.752762 0
100 3
0.205836 0.804820 0
0.204906 0.848289 0
0.141059 0.848186 0
101 3
0.205836 0.804820 0
0.141059 0.848186 0
0.142611 0.804811 0
102 3
0.105391 0.751719 0
0.142611 0.804811 0
0.141059 0.848186 0
103 3
0.076519 0.857799 0
0.105391 0.751719 0
0.141059 0.848186 0
104 3
0.032345 0.531262 0
0.127543 0.602315 0
0.064694 0.750086 0
105 3
0.282686 0.750086 0
0.223110 0.602315 0
0.308593 0.531262 0
106 3
0.245980 0.752762 0
0.223110 0.602315 0
0.282686 0.750086 0
107 3
0.105391 0.751719 0
0.076519 0.857799 0
0.064694 0.750086 0
108 3
0.105391 0.751719 0
0.064694 0.750086 0
0.127543 0.602315 0
109 3
0.245980 0.752762 0
0.282686 0.750086 0
0.271545 0.857799 0
110 3
0.035473 0.430238 0
0.054870 0.388062 0
0.088181 0.395561 0
111 3
0.036724 0.332748 0
0.054870 0.388062 0
0.035473 0.430238 0
112 3
0.088181 0.395561 0
0.054870 0.388062 0
0.036724 0.332748 0
113 3
0.265285 0.406672 0
0.291012 0.399173 0
0.309487 0.434683 0
114 3
0.306602 0.332748 0
0.291012 0.399173 0
0.265285 0.406672 0
115 3
0.309487 0.434683 0
0.291012 0.399173 0
0.306602 0.332748 0
116 3
0.375370 0.007062 0
0.271921 0.007092 0
0.296049 0.184955 0
117 3
0.296049 0.184955 0
0.271921 0.007092 0
0.375370 0.007062 0
118 3
0.377196 0.165538 0
0.382530 0.328258 0
0.535534 0.296769 0
119 3
0.535534 0.296769 0
0.517768 0.146996 0
0.377196 0.165538 0
120 3
0.535534 0.296769 0
0.382530 0.328258 0
0.377196 0.165538 0
121 3
0.377196 0.165538 0
0.517768 0.146996 0
0.535534 0.296769 0
122 3
0.401404 0.498395 0
0.509241 0.400801 0
0.382530 0.328258 0
123 3
0.382530 0.328258 0
0.340349 0.425094 0
0.401404 0.498395 0
124 3
0.382530 0.328258 0
0.509241 0.400801 0
0.401404 0.498395 0
125 3
0.401404 0.498395 0
0.340349 0.425094 0
0.382530 0.328258 0
126 3
0.534411 0.759957 0
0.531223 0.990276 0
0.643303 0.990153 0
127 3
0.643303 0.990153 0
0.638185 0.736572 0
0.534411 0.759957 0
128 3
0.643303 0.990153 0
0.531223 0.990276 0
0.534411 0.759957 0
129 3
0.534411 0.759957 0
0.638185 0.736572 0
0.643303 0.990153 0
130 3
0.531582 0.644800 0
0.534411 0.759957 0
0.642215 0.625898 0
131 3
0.531582 0.644800 0
0.642215 0.625898 0
0.534411 0.759957 0
132 3
0.653426 0.990531 0
0.643303 0.990153 0
0.560943 0.990691 0
133 3
0.560943 0.990691 0
0.643303 0.990153 0
0.531223 0.990276 0
134 3
0.560943 0.990691 0
0.531223 0.990276 0
0.473091 0.990362 0
135 3
0.653426 0.990531 0
0.753586 0.990093 0
0.643303 0.990153 0
136 3
0.916203 0.440946 0
0.992312 0.397367 0
0.915856 0.137309 0
137 3
0.932371 0.892784 0
0.978926 0.892685 0
0.932491 0.889225 0
138 3
0.932371 0.892784 0
0.977637 0.889492 0
0.978926 0.892685 0
139 3
0.534411 0.759957 0
0.638185 0.736572 0
0.642215 0.625898 0
140 3
0.638185 0.736572 0
0.753609 0.619566 0
0.642215 0.625898 0
141 3
0.638185 0.736572 0
0.753533 0.713503 0
0.753609 0.619566 0
142 3
0.753563 0.116615 0
0.753377 0.006999 0
0.620231 0.007005 0
143 3
0.644826 0.127305 0
0.753563 0.116615 0
0.620231 0.007005 0
144 3
0.644826 0.127305 0
0.620231 0.007005 0
0.504336 0.007022 0
145 3
0.517768 0.146996 0
0.644826 0.127305 0
0.504336 0.007022 0
146 3
0.517768 0.146996 0
0.504336 0.007022 0
0.375370 0.007062 0
147 3
0.377196 0.165538 0
0.517768 0.146996 0
0.375370 0.007062 0
148 3
0.535534 0.296769 0
0.660069 0.376525 0
0.657752 0.270956 0
149 3
0.534023 0.368938 0
0.567726 0.366920 0
0.535534 0.296769 0
150 3
0.654802 0.513648 0
0.753655 0.498253 0
0.753652 0.375123 0
151 3
0.654802 0.513648 0
0.753652 0.375123 0
0.660069 0.376525 0
152 3
0.580076 0.528180 0
0.654802 0.513648 0
0.660069 0.376525 0
153 3
0.580076 0.528180 0
0.660069 0.376525 0
0.592370 0.427217 0
154 3
0.642215 0.625898 0
0.753609 0.619566 0
0.753655 0.498253 0
155 3
0.642215 0.625898 0
0.753655 0.498253 0
0.654802 0.513648 0
156 3
0.473091 0.990362 0
0.531223 0.990276 0
0.445817 0.935886 0
157 3
0.445817 0.935886 0
0.531223 0.990276 0
0.476677 0.888911 0
158 3
0.932297 0.733369 0
0.932590 0.708182 0
0.978999 0.710741 0
159 3
0.978999 0.710741 0
0.932590 0.708182 0
0.980003 0.715320 0
160 3
0.980551 0.745456 0
0.980003 0.715320 0
0.932590 0.708182 0
161 3
0.932673 0.744878 0
0.980551 0.745456 0
0.932590 0.708182 0
162 3
0.980185 0.818233 0
0.980551 0.745456 0
0.932673 0.744878 0
163 3
0.980185 0.818233 0
0.932673 0.744878 0
0.932638 0.816932 0
164 3
0.978926 0.892685 0
0.980185 0.818233 0
0.932638 0.816932 0
165 3
0.978926 0.892685 0
0.932638 0.816932 0
0.932491 0.889225 0
166 3
0.918583 0.336360 0
0.997817 0.210036 0
0.917748 0.153223 0
167 3
0.990509 0.343249 0
0.989682 0.135188 0
0.916459 0.232777 0
168 3
0.982765 0.405206 0
0.913172 0.335300 0
0.981695 0.138364 0
169 3
0.660069 0.376525 0
0.753652 0.375123 0
0.753681 0.263034 0
170 3
0.660069 0.376525 0
0.753681 0.263034 0
0.657752 0.270956 0
171 3
0.753681 0.263034 0
0.753563 0.116615 0
0.644826 0.127305 0
172 3
0.753681 0.263034 0
0.644826 0.127305 0
0.657752 0.270956 0
173 3
0.927540 0.497039 0
0.991360 0.262591 0
0.920387 0.210938 0
174 3
0.988911 0.390344 0
0.988640 0.154240 0
0.915543 0.317063 0
175 3
0.919402 0.334453 0
0.986277 0.267054 0
0.985318 0.576518 0
176 3
0.476677 0.888911 0
0.489002 0.765211 0
0.404491 0.880946 0
177 3
0.476677 0.888911 0
0.534411 0.759957 0
0.489002 0.765211 0
178 3
0.909779 0.424902 0
0.987632 0.322833 0
0.988575 0.597922 0
179 3
0.988913 0.576098 0
0.915763 0.523131 0
0.989953 0.323452 0
180 3
0.995014 0.455826 0
0.909281 0.364649 0
0.994041 0.153718 0
181 3
0.476677 0.888911 0
0.531223 0.990276 0
0.534411 0.759957 0
182 3
0.535534 0.296769 0
0.657752 0.270956 0
0.644826 0.127305 0
183 3
0.535534 0.296769 0
0.644826 0.127305 0
0.517768 0.146996 0
184 3
0.929849 0.205823 0
0.989476 0.332500 0
0.988910 0.139943 0
185 3
0.912927 0.293633 0
0.997037 0.436676 0
0.993392 0.233841 0
186 3
0.990581 0.491666 0
0.915366 0.373560 0
0.916026 0.576876 0
187 3
0.923735 0.606893 0
0.996328 0.511367 0
0.924007 0.417866 0
188 3
0.990318 0.546147 0
0.989603 0.358436 0
0.920619 0.431727 0
189 3
0.401404 0.498395 0
0.488306 0.644814 0
0.509241 0.400801 0
190 3
0.125245 0.432597 0
0.143277 0.363064 0
0.157254 0.399181 0
191 3
0.088181 0.395561 0
0.075057 0.335244 0
0.143277 0.363064 0
192 3
0.125245 0.432597 0
0.088181 0.395561 0
0.143277 0.363064 0
193 3
0.035473 0.430238 0
0.004433 0.425334 0
0.036724 0.332748 0
194 3
0.075057 0.335244 0
0.088181 0.395561 0
0.036724 0.332748 0
195 3
0.157719 0.577793 0
0.127543 0.602315 0
0.158038 0.531971 0
196 3
0.161800 0.604585 0
0.127543 0.602315 0
0.157719 0.577793 0
197 3
0.306210 0.333840 0
0.382530 0.328258 0
0.296049 0.184955 0
198 3
0.306210 0.333840 0
0.340349 0.425094 0
0.382530 0.328258 0
199 3
0.158392 0.429111 0
0.125245 0.432597 0
0.157254 0.399181 0
200 3
0.075057 0.335244 0
0.036724 0.332748 0
0.049187 0.183486 0
201 3
0.401404 0.498395 0
0.340349 0.425094 0
0.308849 0.531426 0
202 3
0.004433 0.425334 0
0.035473 0.430238 0
0.032345 0.531262 0
203 3
0.035473 0.430238 0
0.087742 0.449310 0
0.032345 0.531262 0
204 3
0.087742 0.449310 0
0.088181 0.395561 0
0.125245 0.432597 0
205 3
0.035473 0.430238 0
0.088181 0.395561 0
0.087742 0.449310 0
206 3
0.087742 0.449310 0
0.125245 0.432597 0
0.126031 0.536124 0
207 3
0.087742 0.449310 0
0.126031 0.536124 0
0.032345 0.531262 0
208 3
0.032345 0.531262 0
0.126031 0.536124 0
0.127543 0.602315 0
209 3
0.158369 0.474826 0
0.126031 0.536124 0
0.158392 0.429111 0
210 3
0.126031 0.536124 0
0.158038 0.531971 0
0.127543 0.602315 0
211 3
0.158369 0.474826 0
0.158038 0.531971 0
0.126031 0.536124 0
212 3
0.126031 0.536124 0
0.125245 0.432597 0
0.158392 0.429111 0
213 3
0.653426 0.990531 0
0.753586 0.990093 0
0.753586 0.990093 0
214 3
0.653426 0.990531 0
0.560943 0.990691 0
0.643303 0.990153 0
215 3
0.560943 0.990691 0
0.531223 0.990276 0
0.643303 0.990153 0
216 3
0.560943 0.990691 0
0.473091 0.990362 0
0.531223 0.990276 0
217 3
0.473091 0.990362 0
0.445817 0.935886 0
0.445817 0.935886 0
218 3
0.473091 0.990362 0
0.445817 0.935886 0
0.473091 0.990362 0
219 3
0.560943 0.990691 0
0.473091 0.990362 0
0.473091 0.990362 0
220 3
0.899481 0.116579 0
0.754130 0.007173 0
0.753984 0.116579 0
221 3
0.899481 0.116579 0
0.899350 0.007173 0
0.754130 0.007173 0
222 3
0.992813 0.154286 0
0.954634 0.397279 0
0.916455 0.154286 0
223 3
0.977143 0.433040 0
0.923539 0.318712 0
0.975477 0.304668 0
224 3
0.917943 0.530040 0
0.922580 0.287518 0
0.991857 0.510887 0
225 3
0.899545 0.263420 0
0.753984 0.116579 0
0.753919 0.263420 0
226 3
0.899545 0.263420 0
0.899481 0.116579 0
0.753984 0.116579 0
227 3
0.899550 0.373724 0
0.753919 0.263420 0
0.753916 0.373724 0
228 3
0.899550 0.373724 0
0.899545 0.263420 0
0.753919 0.263420 0
229 3
0.899537 0.498276 0
0.753916 0.373724 0
0.753934 0.498276 0
230 3
0.899537 0.498276 0
0.899550 0.373724 0
0.753916 0.373724 0
231 3
0.899560 0.619263 0
0.753934 0.498276 0
0.753909 0.619263 0
232 3
0.899560 0.619263 0
0.899537 0.498276 0
0.753934 0.498276 0
233 3
0.899552 0.714226 0
0.753909 0.619263 0
0.753918 0.714226 0
234 3
0.899552 0.714226 0
0.899560 0.619263 0
0.753909 0.619263 0
235 3
0.899538 0.990605 0
0.753918 0.714226 0
0.753933 0.990605 0
236 3
0.899538 0.990605 0
0.899552 0.714226 0
0.753918 0.714226 0
237 3
0.653426 0.990531 0
0.643303 0.990153 0
0.753586 0.990093 0
238 3
0.921729 0.453463 0
0.921048 0.165969 0
0.995476 0.412155 0
239 3
0.157719 0.577793 0
0.196753 0.531971 0
0.194316 0.577793 0
240 3
0.157719 0.577793 0
0.158038 0.531971 0
0.196753 0.531971 0
241 3
0.161800 0.604585 0
0.194316 0.577793 0
0.187203 0.604585 0
242 3
0.157719 0.577793 0
0.194316 0.577793 0
0.161800 0.604585 0
243 3
0.143277 0.363064 0
0.172646 0.198251 0
0.207941 0.363064 0
244 3
0.157254 0.399181 0
0.207941 0.363064 0
0.191758 0.399181 0
245 3
0.157254 0.399181 0
0.143277 0.363064 0
0.207941 0.363064 0
246 3
0.158392 0.429111 0
0.191758 0.399181 0
0.190896 0.429111 0
247 3
0.157254 0.399181 0
0.191758 0.399181 0
0.158392 0.429111 0
248 3
0.191389 0.474826 0
0.196753 0.531971 0
0.158038 0.531971 0
249 3
0.158369 0.474826 0
0.191389 0.474826 0
0.158038 0.531971 0
250 3
0.190896 0.429111 0
0.191389 0.474826 0
0.158369 0.474826 0
251 3
0.158392 0.429111 0
0.190896 0.429111 0
0.158369 0.474826 0
252 3
0.932371 0.892784 0
0.932491 0.889225 0
0.978926 0.892685 0
253 3
0.932371 0.892784 0
0.978926 0.892685 0
0.977637 0.889492 0
254 3
0.534411 0.759957 0
0.642215 0.625898 0
0.638185 0.736572 0
255 3
0.638185 0.736572 0
0.642215 0.625898 0
0.753609 0.619566 0
256 3
0.638185 0.736572 0
0.753609 0.619566 0
0.753533 0.713503 0
257 3
0.753563 0.116615 0
0.620230 0.007005 0
0.753377 0.006999 0
258 3
0.644826 0.127305 0
0.620230 0.007005 0
0.753563 0.116615 0
259 3
0.644826 0.127305 0
0.504336 0.007022 0
0.620230 0.007005 0
260 3
0.517768 0.146996 0
0.504336 0.007022 0
0.644826 0.127305 0
261 3
0.517768 0.146996 0
0.375370 0.007062 0
0.504336 0.007022 0
262 3
0.377196 0.165538 0
0.375370 0.007062 0
0.517768 0.146996 0
263 3
0.535534 0.296769 0
0.660069 0.376525 0
0.567726 0.366920 0
264 3
0.534023 0.368938 0
0.535534 0.296769 0
0.567726 0.366920 0
265 3
0.654802 0.513648 0
0.753652 0.375123 0
0.753655 0.498253 0
266 3
0.654802 0.513648 0
0.660069 0.376525 0
0.753652 0.375123 0
267 3
0.580076 0.528180 0
0.660069 0.376525 0
0.654802 0.513648 0
268 3
0.580076 0.528180 0
0.592370 0.427217 0
0.660069 0.376525 0
269 3
0.642215 0.625898 0
0.753655 0.498253 0
0.753609 0.619566 0
270 3
0.642215 0.625898 0
0.654802 0.513648 0
0.753655 0.498253 0
271 3
0.473091 0.990362 0
0.445817 0.935886 0
0.531223 0.990276 0
272 3
0.445817 0.935886 0
0.476677 0.888911 0
0.531223 0.990276 0
273 3
0.932590 0.708182 0
0.932297 0.733369 0
0.978999 0.710741 0
274 3
0.978999 0.710741 0
0.980003 0.715320 0
0.932590 0.708182 0
275 3
0.980551 0.745456 0
0.932590 0.708182 0
0.980003 0.715320 0
276 3
0.932673 0.744878 0
0.932590 0.708182 0
0.980551 0.745456 0
277 3
0.980185 0.818233 0
0.932673 0.744878 0
0.980551 0.745456 0
278 3
0.980185 0.818233 0
0.932638 0.816932 0
0.932673 0.744878 0
279 3
0.978926 0.892685 0
0.932638 0.816932 0
0.980185 0.818233 0
280 3
0.978926 0.892685 0
0.932491 0.889225 0
0.932638 0.816932 0
281 3
0.918583 0.336360 0
0.917748 0.153223 0
0.997817 0.210036 0
282 3
0.990509 0.343249 0
0.916459 0.232777 0
0.989682 0.135188 0
283 3
0.992692 0.269241 0
0.917610 0.370739 0
0.916149 0.187281 0
284 3
0.660069 0.376525 0
0.753681 0.263034 0
0.753652 0.375123 0
285 3
0.660069 0.376525 0
0.657752 0.270956 0
0.753681 0.263034 0
286 3
0.753681 0.263034 0
0.644826 0.127305 0
0.753563 0.116615 0
287 3
0.753681 0.263034 0
0.657752 0.270956 0
0.644826 0.127305 0
288 3
0.927540 0.497039 0
0.920387 0.210938 0
0.991360 0.262591 0
289 3
0.988911 0.390344 0
0.915543 0.317063 0
0.988640 0.154240 0
290 3
0.996263 0.206438 0
0.918080 0.372576 0
0.914890 0.150775 0
291 3
0.476677 0.888911 0
0.404491 0.880946 0
0.489002 0.765211 0
292 3
0.476677 0.888911 0
0.489002 0.765211 0
0.534411 0.759957 0
293 3
0.993424 0.269506 0
0.916417 0.371444 0
0.916640 0.138251 0
294 3
0.917803 0.520616 0
0.916459 0.307597 0
0.996977 0.406250 0
295 3
0.919340 0.595170 0
0.918452 0.372897 0
0.996261 0.528087 0
296 3
0.476677 0.888911 0
0.534411 0.759957 0
0.531223 0.990276 0
297 3
0.535534 0.296769 0
0.644826 0.127305 0
0.657752 0.270956 0
298 3
0.535534 0.296769 0
0.517768 0.146996 0
0.644826 0.127305 0
299 3
0.929849 0.205823 0
0.988910 0.139943 0
0.989476 0.332500 0
300 3
0.912927 0.293633 0
0.993392 0.233841 0
0.997037 0.436676 0
301 3
0.990581 0.491666 0
0.916026 0.576876 0
0.915366 0.373560 0
302 3
0.923735 0.606893 0
0.924007 0.417866 0
0.996328 0.511367 0
303 3
0.990318 0.546147 0
0.920619 0.431727 0
0.989603 0.358436 0
304 3
0.401404 0.498395 0
0.509241 0.400801 0
0.488306 0.644814 0
305 3
0.228824 0.439264 0
0.191758 0.399181 0
0.207941 0.363064 0
306 3
0.265285 0.406672 0
0.207941 0.363064 0
0.268360 0.335244 0
307 3
0.228824 0.439264 0
0.207941 0.363064 0
0.265285 0.406672 0
308 3
0.309487 0.434683 0
0.306602 0.332748 0
0.340720 0.425334 0
309 3
0.268360 0.335244 0
0.306602 0.332748 0
0.265285 0.406672 0
310 3
0.194316 0.577793 0
0.196753 0.531971 0
0.223110 0.602315 0
311 3
0.187203 0.604585 0
0.194316 0.577793 0
0.223110 0.602315 0
312 3
0.306210 0.333840 0
0.296049 0.184955 0
0.382530 0.328258 0
313 3
0.306210 0.333840 0
0.382530 0.328258 0
0.340349 0.425094 0
314 3
0.190896 0.429111 0
0.191758 0.399181 0
0.228824 0.439264 0
315 3
0.268360 0.335244 0
0.295457 0.183486 0
0.306602 0.332748 0
316 3
0.401404 0.498395 0
0.308849 0.531426 0
0.340349 0.425094 0
317 3
0.340720 0.425334 0
0.308593 0.531262 0
0.309487 0.434683 0
318 3
0.309487 0.434683 0
0.308593 0.531262 0
0.265746 0.455977 0
319 3
0.265746 0.455977 0
0.228824 0.439264 0
0.265285 0.406672 0
320 3
0.265746 0.455977 0
0.265285 0.406672 0
0.309487 0.434683 0
321 3
0.265746 0.455977 0
0.224352 0.536124 0
0.228824 0.439264 0
322 3
0.265746 0.455977 0
0.308593 0.531262 0
0.224352 0.536124 0
323 3
0.308593 0.531262 0
0.223110 0.602315 0
0.224352 0.536124 0
324 3
0.191389 0.474826 0
0.190896 0.429111 0
0.224352 0.536124 0
325 3
0.224352 0.536124 0
0.223110 0.602315 0
0.196753 0.531971 0
326 3
0.191389 0.474826 0
0.224352 0.536124 0
0.196753 0.531971 0
327 3
0.224352 0.536124 0
0.190896 0.429111 0
0.228824 0.439264 0
328 3
0.136924 0.969062 0
0.205164 0.969062 0
0.203541 0.995049 0
329 3
0.136924 0.969062 0
0.203541 0.995049 0
0.137613 0.995049 0
330 3
0.207112 0.918847 0
0.205164 0.969062 0
0.136924 0.969062 0
331 3
0.207112 0.918847 0
0.136924 0.969062 0
0.136096 0.918847 0
332 3
0.202163 0.777638 0
0.144690 0.777629 0
0.146208 0.745895 0
333 3
0.202163 0.777638 0
0.146208 0.745895 0
0.199481 0.745901 0
334 3
0.142611 0.804811 0
0.144690 0.777629 0
0.202163 0.777638 0
335 3
0.142611 0.804811 0
0.202163 0.777638 0
0.205836 0.804820 0
4
0.000000 0.000000 0.000000
0.000000 0.000000 0.000000
0.000000 0.000000 0.000000
1.000000 1.000000 1.000000
