1
1
Miami_Heat\LWO\hd_bbarr.TGA
319
0 3
0.700610 0.759943 0
0.576002 0.758405 0
0.578116 0.988764 0
1 3
0.578116 0.988764 0
0.576002 0.758405 0
0.700610 0.759943 0
2 3
0.700610 0.990090 0
0.700610 0.759943 0
0.578116 0.988764 0
3 3
0.700610 0.990090 0
0.578116 0.988764 0
0.700610 0.759943 0
4 3
0.580715 0.666476 0
0.592174 0.563774 0
0.524539 0.580345 0
5 3
0.580715 0.666476 0
0.524539 0.580345 0
0.472882 0.681042 0
6 3
0.580715 0.666476 0
0.472881 0.681042 0
0.524539 0.580345 0
7 3
0.580715 0.666476 0
0.524539 0.580345 0
0.592174 0.563774 0
8 3
0.591468 0.301472 0
0.589688 0.201290 0
0.456520 0.207304 0
9 3
0.456520 0.207304 0
0.589688 0.201290 0
0.591468 0.301472 0
10 3
0.456954 0.322564 0
0.591468 0.301472 0
0.456520 0.207304 0
11 3
0.456954 0.322564 0
0.456520 0.207304 0
0.591468 0.301472 0
12 3
0.456954 0.322564 0
0.358753 0.252886 0
0.438648 0.456881 0
13 3
0.438648 0.456881 0
0.457371 0.409264 0
0.456954 0.322564 0
14 3
0.438648 0.456881 0
0.358753 0.252886 0
0.456954 0.322564 0
15 3
0.456954 0.322564 0
0.457371 0.409264 0
0.438648 0.456881 0
16 3
0.353573 0.599887 0
0.438648 0.456881 0
0.358753 0.252886 0
17 3
0.358753 0.252886 0
0.438648 0.456881 0
0.353573 0.599887 0
18 3
0.358753 0.252886 0
0.291638 0.468733 0
0.353573 0.599887 0
19 3
0.353573 0.599887 0
0.291638 0.468733 0
0.358753 0.252886 0
20 3
0.275762 0.389652 0
0.291638 0.468733 0
0.358753 0.252886 0
21 3
0.275762 0.389652 0
0.358753 0.252886 0
0.291638 0.468733 0
22 3
0.175730 0.856867 0
0.176766 0.829950 0
0.215707 0.795698 0
23 3
0.082683 0.786205 0
0.121625 0.829950 0
0.122660 0.856764 0
24 3
0.176766 0.829950 0
0.175730 0.856867 0
0.122660 0.856764 0
25 3
0.176766 0.829950 0
0.122660 0.856764 0
0.121625 0.829950 0
26 3
0.373643 0.213690 0
0.358753 0.252886 0
0.456954 0.322564 0
27 3
0.373643 0.213690 0
0.456954 0.322564 0
0.358753 0.252886 0
28 3
0.373643 0.213690 0
0.262617 0.233367 0
0.358753 0.252886 0
29 3
0.373643 0.213690 0
0.358753 0.252886 0
0.262617 0.233367 0
30 3
0.529103 0.455940 0
0.596770 0.447194 0
0.591468 0.301472 0
31 3
0.529103 0.455940 0
0.591468 0.301472 0
0.510113 0.406880 0
32 3
0.529103 0.455940 0
0.591468 0.301472 0
0.596770 0.447194 0
33 3
0.529103 0.455940 0
0.510113 0.406880 0
0.591468 0.301472 0
34 3
0.510113 0.406880 0
0.591468 0.301472 0
0.456954 0.322564 0
35 3
0.510113 0.406880 0
0.456954 0.322564 0
0.591468 0.301472 0
36 3
0.373643 0.213690 0
0.353967 0.085604 0
0.230388 0.066723 0
37 3
0.373643 0.213690 0
0.230388 0.066723 0
0.262617 0.233367 0
38 3
0.373643 0.213690 0
0.262617 0.233367 0
0.230388 0.066723 0
39 3
0.373643 0.213690 0
0.230388 0.066723 0
0.353967 0.085604 0
40 3
0.037042 0.229300 0
0.067656 0.067703 0
0.149548 0.086359 0
41 3
0.037042 0.229300 0
0.149548 0.086359 0
0.149548 0.234950 0
42 3
0.149548 0.086359 0
0.230498 0.067703 0
0.262054 0.229300 0
43 3
0.262054 0.229300 0
0.149548 0.234950 0
0.149548 0.086359 0
44 3
0.360560 0.853478 0
0.353573 0.599887 0
0.270630 0.612425 0
45 3
0.360560 0.853478 0
0.247046 0.794130 0
0.270630 0.612425 0
46 3
0.360560 0.853478 0
0.270630 0.612425 0
0.247046 0.794130 0
47 3
0.360560 0.853478 0
0.270630 0.612425 0
0.353573 0.599887 0
48 3
0.225401 0.875936 0
0.175730 0.856867 0
0.215707 0.795698 0
49 3
0.176766 0.829950 0
0.121625 0.829950 0
0.149195 0.783118 0
50 3
0.121625 0.829950 0
0.129211 0.782214 0
0.149195 0.783118 0
51 3
0.176766 0.829950 0
0.149195 0.783118 0
0.169179 0.786659 0
52 3
0.176766 0.829950 0
0.169179 0.786659 0
0.215707 0.795698 0
53 3
0.082683 0.786205 0
0.129211 0.782214 0
0.121625 0.829950 0
54 3
0.062573 0.875936 0
0.082683 0.786205 0
0.122660 0.856764 0
55 3
0.175730 0.856867 0
0.203650 0.949824 0
0.149195 0.924019 0
56 3
0.122660 0.856764 0
0.175730 0.856867 0
0.149195 0.924019 0
57 3
0.062573 0.875936 0
0.122660 0.856764 0
0.088491 0.949824 0
58 3
0.088491 0.949824 0
0.122660 0.856764 0
0.149195 0.924019 0
59 3
0.225401 0.875936 0
0.203650 0.949824 0
0.175730 0.856867 0
60 3
0.026750 0.614251 0
0.111386 0.664778 0
0.042314 0.794427 0
61 3
0.247744 0.794427 0
0.189294 0.664778 0
0.271249 0.614251 0
62 3
0.215707 0.795698 0
0.189294 0.664778 0
0.247744 0.794427 0
63 3
0.082683 0.786205 0
0.111386 0.664778 0
0.129243 0.781682 0
64 3
0.189294 0.664778 0
0.169147 0.786089 0
0.164921 0.696373 0
65 3
0.164921 0.696373 0
0.169147 0.786089 0
0.133469 0.696373 0
66 3
0.169147 0.786089 0
0.129243 0.781682 0
0.133469 0.696373 0
67 3
0.133469 0.696373 0
0.129243 0.781682 0
0.111386 0.664778 0
68 3
0.082683 0.786205 0
0.062573 0.875936 0
0.042314 0.794427 0
69 3
0.082683 0.786205 0
0.042314 0.794427 0
0.111386 0.664778 0
70 3
0.215707 0.795698 0
0.169147 0.786089 0
0.189294 0.664778 0
71 3
0.215707 0.795698 0
0.247744 0.794427 0
0.225401 0.875936 0
72 3
0.039240 0.474274 0
0.048748 0.441283 0
0.073913 0.438187 0
73 3
0.019856 0.389752 0
0.048748 0.441283 0
0.039240 0.474274 0
74 3
0.073913 0.438187 0
0.048748 0.441283 0
0.019856 0.389752 0
75 3
0.218227 0.438187 0
0.244582 0.441283 0
0.254984 0.474274 0
76 3
0.274998 0.389752 0
0.244582 0.441283 0
0.218227 0.438187 0
77 3
0.254984 0.474274 0
0.244582 0.441283 0
0.274998 0.389752 0
78 3
0.287940 0.975181 0
0.338628 0.962809 0
0.404468 0.905232 0
79 3
0.404468 0.905232 0
0.338628 0.962809 0
0.287940 0.975181 0
80 3
0.360560 0.853478 0
0.287940 0.975181 0
0.404468 0.905232 0
81 3
0.360560 0.853478 0
0.404468 0.905232 0
0.287940 0.975181 0
82 3
0.360560 0.853478 0
0.203042 0.948638 0
0.203774 0.989470 0
83 3
0.360560 0.853478 0
0.287940 0.975181 0
0.203774 0.989470 0
84 3
0.360560 0.853478 0
0.203774 0.989470 0
0.287940 0.975181 0
85 3
0.360560 0.853478 0
0.203774 0.989470 0
0.203042 0.948638 0
86 3
0.456520 0.207304 0
0.373643 0.213690 0
0.456954 0.322564 0
87 3
0.373643 0.213690 0
0.456520 0.207304 0
0.456954 0.322564 0
88 3
0.470057 0.784826 0
0.401320 0.989757 0
0.578116 0.988764 0
89 3
0.578116 0.988764 0
0.576002 0.758405 0
0.470057 0.784826 0
90 3
0.578116 0.988764 0
0.401320 0.989757 0
0.470057 0.784826 0
91 3
0.470057 0.784826 0
0.576002 0.758405 0
0.578116 0.988764 0
92 3
0.482263 0.429749 0
0.466696 0.659973 0
0.505590 0.579706 0
93 3
0.505590 0.579706 0
0.514236 0.457888 0
0.482263 0.429749 0
94 3
0.482263 0.429749 0
0.514236 0.457888 0
0.505590 0.579706 0
95 3
0.482263 0.429749 0
0.505590 0.579706 0
0.466696 0.659973 0
96 3
0.466696 0.659973 0
0.482263 0.429749 0
0.438648 0.456881 0
97 3
0.466696 0.659973 0
0.438648 0.456881 0
0.420569 0.599994 0
98 3
0.420569 0.599994 0
0.429326 0.665772 0
0.466696 0.659973 0
99 3
0.438648 0.456881 0
0.482263 0.429749 0
0.466696 0.659973 0
100 3
0.420569 0.599994 0
0.438648 0.456881 0
0.466696 0.659973 0
101 3
0.466696 0.659973 0
0.429326 0.665772 0
0.420569 0.599994 0
102 3
0.472882 0.681042 0
0.420952 0.793078 0
0.470057 0.784826 0
103 3
0.472882 0.681042 0
0.470057 0.784826 0
0.580715 0.666476 0
104 3
0.472881 0.681042 0
0.580715 0.666476 0
0.470057 0.784826 0
105 3
0.472881 0.681042 0
0.470057 0.784826 0
0.420952 0.793078 0
106 3
0.203042 0.948638 0
0.360560 0.853478 0
0.226606 0.876389 0
107 3
0.247046 0.794130 0
0.226606 0.876389 0
0.360560 0.853478 0
108 3
0.247046 0.794130 0
0.360560 0.853478 0
0.226606 0.876389 0
109 3
0.203042 0.948638 0
0.226606 0.876389 0
0.360560 0.853478 0
110 3
0.578212 0.992164 0
0.578116 0.988764 0
0.408812 0.991287 0
111 3
0.408812 0.991287 0
0.578116 0.988764 0
0.401320 0.989757 0
112 3
0.408812 0.991287 0
0.401320 0.989757 0
0.351540 0.990899 0
113 3
0.578212 0.992164 0
0.700610 0.990090 0
0.578116 0.988764 0
114 3
0.149548 0.086359 0
0.067656 0.067703 0
0.150620 0.013971 0
115 3
0.420952 0.793078 0
0.472882 0.681042 0
0.423276 0.686161 0
116 3
0.916883 0.990118 0
0.948585 0.983063 0
0.918601 0.980532 0
117 3
0.916883 0.990118 0
0.943176 0.987000 0
0.948585 0.983063 0
118 3
0.470057 0.784826 0
0.576002 0.758405 0
0.580715 0.666476 0
119 3
0.576002 0.758405 0
0.700610 0.667158 0
0.580715 0.666476 0
120 3
0.576002 0.758405 0
0.700610 0.759943 0
0.700610 0.667158 0
121 3
0.149195 0.924019 0
0.089795 0.990452 0
0.088491 0.949824 0
122 3
0.700610 0.204307 0
0.700606 0.078000 0
0.577566 0.078462 0
123 3
0.589688 0.201290 0
0.700610 0.204307 0
0.577566 0.078462 0
124 3
0.589688 0.201290 0
0.577566 0.078462 0
0.450652 0.080964 0
125 3
0.456520 0.207304 0
0.589688 0.201290 0
0.450652 0.080964 0
126 3
0.456520 0.207304 0
0.450652 0.080964 0
0.353967 0.085604 0
127 3
0.373643 0.213690 0
0.456520 0.207304 0
0.353967 0.085604 0
128 3
0.457371 0.409264 0
0.510113 0.406880 0
0.456954 0.322564 0
129 3
0.592174 0.563774 0
0.700610 0.562751 0
0.700610 0.440180 0
130 3
0.592174 0.563774 0
0.700610 0.440180 0
0.596770 0.447194 0
131 3
0.524539 0.580345 0
0.592174 0.563774 0
0.596770 0.447194 0
132 3
0.524539 0.580345 0
0.596770 0.447194 0
0.529103 0.455940 0
133 3
0.580715 0.666476 0
0.700610 0.667158 0
0.700610 0.562751 0
134 3
0.580715 0.666476 0
0.700610 0.562751 0
0.592174 0.563774 0
135 3
0.351540 0.990899 0
0.401320 0.989757 0
0.338628 0.962809 0
136 3
0.338628 0.962809 0
0.401320 0.989757 0
0.404468 0.905232 0
137 3
0.943176 0.987000 0
0.916883 0.990118 0
0.915454 0.944663 0
138 3
0.915619 0.836526 0
0.916098 0.813751 0
0.944430 0.815087 0
139 3
0.944430 0.815087 0
0.916098 0.813751 0
0.945388 0.814963 0
140 3
0.946022 0.835599 0
0.945388 0.814963 0
0.916098 0.813751 0
141 3
0.914715 0.837098 0
0.946022 0.835599 0
0.916098 0.813751 0
142 3
0.948915 0.931263 0
0.946022 0.835599 0
0.914715 0.837098 0
143 3
0.948915 0.931263 0
0.914715 0.837098 0
0.915722 0.930772 0
144 3
0.948585 0.983063 0
0.948915 0.931263 0
0.915722 0.930772 0
145 3
0.948585 0.983063 0
0.915722 0.930772 0
0.918601 0.980532 0
146 3
0.450652 0.080964 0
0.441516 0.013036 0
0.371314 0.013050 0
147 3
0.353967 0.085604 0
0.450652 0.080964 0
0.371314 0.013050 0
148 3
0.916608 0.610583 0
0.916193 0.505157 0
0.957986 0.536155 0
149 3
0.596770 0.447194 0
0.700610 0.440180 0
0.700610 0.301776 0
150 3
0.596770 0.447194 0
0.700610 0.301776 0
0.591468 0.301472 0
151 3
0.700610 0.301776 0
0.700610 0.204307 0
0.589688 0.201290 0
152 3
0.700610 0.301776 0
0.589688 0.201290 0
0.591468 0.301472 0
153 3
0.700606 0.078000 0
0.700604 0.016690 0
0.560128 0.012984 0
154 3
0.700606 0.078000 0
0.560128 0.012984 0
0.577566 0.078462 0
155 3
0.916022 0.398553 0
0.927531 0.282611 0
0.957986 0.536155 0
156 3
0.404468 0.905232 0
0.420952 0.793078 0
0.360560 0.853478 0
157 3
0.404468 0.905232 0
0.470057 0.784826 0
0.420952 0.793078 0
158 3
0.916193 0.505157 0
0.916022 0.398553 0
0.957986 0.536155 0
159 3
0.915276 0.771919 0
0.916608 0.610583 0
0.957986 0.536155 0
160 3
0.960587 0.776911 0
0.915276 0.771919 0
0.957986 0.536155 0
161 3
0.404468 0.905232 0
0.401320 0.989757 0
0.470057 0.784826 0
162 3
0.332483 0.015640 0
0.353967 0.085604 0
0.371314 0.013050 0
163 3
0.151348 0.015327 0
0.230388 0.066723 0
0.332483 0.015640 0
164 3
0.353967 0.085604 0
0.332483 0.015640 0
0.230388 0.066723 0
165 3
0.450652 0.080964 0
0.577566 0.078462 0
0.560128 0.012984 0
166 3
0.450652 0.080964 0
0.560128 0.012984 0
0.441516 0.013036 0
167 3
0.353573 0.599887 0
0.360560 0.853478 0
0.420952 0.793078 0
168 3
0.353573 0.599887 0
0.423276 0.686161 0
0.420569 0.599994 0
169 3
0.423276 0.686161 0
0.353573 0.599887 0
0.420952 0.793078 0
170 3
0.353573 0.599887 0
0.420569 0.599994 0
0.438648 0.456881 0
171 3
0.112608 0.465700 0
0.124459 0.397455 0
0.135658 0.428011 0
172 3
0.073913 0.438187 0
0.071532 0.386104 0
0.124459 0.397455 0
173 3
0.112608 0.465700 0
0.073913 0.438187 0
0.124459 0.397455 0
174 3
0.039240 0.474274 0
0.007665 0.469132 0
0.019856 0.389752 0
175 3
0.071532 0.386104 0
0.073913 0.438187 0
0.019856 0.389752 0
176 3
0.132068 0.668761 0
0.111386 0.664778 0
0.132347 0.620827 0
177 3
0.133469 0.696373 0
0.111386 0.664778 0
0.132068 0.668761 0
178 3
0.275762 0.389652 0
0.358753 0.252886 0
0.262617 0.233367 0
179 3
0.124459 0.397455 0
0.071532 0.386104 0
0.037042 0.229300 0
180 3
0.124459 0.397455 0
0.037042 0.229300 0
0.149548 0.234950 0
181 3
0.136339 0.470428 0
0.112608 0.465700 0
0.135658 0.428011 0
182 3
0.071532 0.386104 0
0.019856 0.389752 0
0.037042 0.229300 0
183 3
0.353573 0.599887 0
0.291638 0.468733 0
0.270630 0.612425 0
184 3
0.007665 0.469132 0
0.039240 0.474274 0
0.026750 0.614251 0
185 3
0.039240 0.474274 0
0.073494 0.490323 0
0.026750 0.614251 0
186 3
0.073494 0.490323 0
0.073913 0.438187 0
0.112608 0.465700 0
187 3
0.039240 0.474274 0
0.073913 0.438187 0
0.073494 0.490323 0
188 3
0.073494 0.490323 0
0.112608 0.465700 0
0.111392 0.631559 0
189 3
0.073494 0.490323 0
0.111392 0.631559 0
0.026750 0.614251 0
190 3
0.026750 0.614251 0
0.111392 0.631559 0
0.111386 0.664778 0
191 3
0.134218 0.558202 0
0.111392 0.631559 0
0.136339 0.470428 0
192 3
0.111392 0.631559 0
0.132347 0.620827 0
0.111386 0.664778 0
193 3
0.134218 0.558202 0
0.132347 0.620827 0
0.111392 0.631559 0
194 3
0.111392 0.631559 0
0.112608 0.465700 0
0.136339 0.470428 0
195 3
0.814245 0.991079 0
0.891085 0.990166 0
0.700622 0.990166 0
196 3
0.578212 0.992164 0
0.408812 0.991287 0
0.578116 0.988764 0
197 3
0.408812 0.991287 0
0.401320 0.989757 0
0.578116 0.988764 0
198 3
0.408812 0.991287 0
0.351540 0.990899 0
0.401320 0.989757 0
199 3
0.203774 0.989470 0
0.203774 0.989470 0
0.287940 0.975181 0
200 3
0.089795 0.990452 0
0.149195 0.924019 0
0.202426 0.990452 0
201 3
0.287940 0.975181 0
0.203774 0.989470 0
0.287940 0.975181 0
202 3
0.287940 0.975181 0
0.287940 0.975181 0
0.338628 0.962809 0
203 3
0.287940 0.975181 0
0.338628 0.962809 0
0.338628 0.962809 0
204 3
0.351540 0.990899 0
0.338628 0.962809 0
0.338628 0.962809 0
205 3
0.351540 0.990899 0
0.338628 0.962809 0
0.351540 0.990899 0
206 3
0.408812 0.991287 0
0.351540 0.990899 0
0.351540 0.990899 0
207 3
0.891087 0.202290 0
0.700625 0.078909 0
0.700622 0.202290 0
208 3
0.891087 0.202290 0
0.891025 0.078909 0
0.700625 0.078909 0
209 3
0.981932 0.280359 0
0.957986 0.536155 0
0.927531 0.282611 0
210 3
0.891025 0.078909 0
0.890952 0.016759 0
0.700629 0.016759 0
211 3
0.891025 0.078909 0
0.700629 0.016759 0
0.700625 0.078909 0
212 3
0.891086 0.301057 0
0.700622 0.202290 0
0.700622 0.301057 0
213 3
0.891086 0.301057 0
0.891087 0.202290 0
0.700622 0.202290 0
214 3
0.891086 0.440351 0
0.700622 0.301057 0
0.700622 0.440351 0
215 3
0.891086 0.440351 0
0.891086 0.301057 0
0.700622 0.301057 0
216 3
0.891090 0.562648 0
0.700622 0.440351 0
0.700622 0.562648 0
217 3
0.891090 0.562648 0
0.891086 0.440351 0
0.700622 0.440351 0
218 3
0.891089 0.666956 0
0.700622 0.562648 0
0.700622 0.666956 0
219 3
0.891089 0.666956 0
0.891090 0.562648 0
0.700622 0.562648 0
220 3
0.891089 0.757800 0
0.700622 0.666956 0
0.700622 0.757800 0
221 3
0.891089 0.757800 0
0.891089 0.666956 0
0.700622 0.666956 0
222 3
0.891085 0.990166 0
0.700622 0.757800 0
0.700622 0.990166 0
223 3
0.891085 0.990166 0
0.891089 0.757800 0
0.700622 0.757800 0
224 3
0.578212 0.992164 0
0.578116 0.988764 0
0.700610 0.990090 0
225 3
0.149548 0.086359 0
0.150620 0.013971 0
0.230498 0.067703 0
226 3
0.132068 0.668761 0
0.166043 0.620827 0
0.166323 0.668761 0
227 3
0.132068 0.668761 0
0.132347 0.620827 0
0.166043 0.620827 0
228 3
0.133469 0.696373 0
0.166323 0.668761 0
0.164921 0.696373 0
229 3
0.132068 0.668761 0
0.166323 0.668761 0
0.133469 0.696373 0
230 3
0.124459 0.397455 0
0.149548 0.234950 0
0.173932 0.397455 0
231 3
0.135658 0.428011 0
0.173932 0.397455 0
0.162733 0.428011 0
232 3
0.135658 0.428011 0
0.124459 0.397455 0
0.173932 0.397455 0
233 3
0.136339 0.470428 0
0.162733 0.428011 0
0.162052 0.470428 0
234 3
0.135658 0.428011 0
0.162733 0.428011 0
0.136339 0.470428 0
235 3
0.164172 0.558202 0
0.166043 0.620827 0
0.132347 0.620827 0
236 3
0.134218 0.558202 0
0.164172 0.558202 0
0.132347 0.620827 0
237 3
0.162052 0.470428 0
0.164172 0.558202 0
0.134218 0.558202 0
238 3
0.136339 0.470428 0
0.162052 0.470428 0
0.134218 0.558202 0
239 3
0.420952 0.793078 0
0.423276 0.686161 0
0.472881 0.681042 0
240 3
0.988130 0.992030 0
0.988256 0.982444 0
0.956428 0.984975 0
241 3
0.988130 0.992030 0
0.956428 0.984975 0
0.961837 0.988912 0
242 3
0.470057 0.784826 0
0.580715 0.666476 0
0.576002 0.758405 0
243 3
0.576002 0.758405 0
0.580715 0.666476 0
0.700610 0.667158 0
244 3
0.576002 0.758405 0
0.700610 0.667158 0
0.700610 0.759943 0
245 3
0.149195 0.924019 0
0.203650 0.949824 0
0.202426 0.990452 0
246 3
0.700610 0.204307 0
0.577566 0.078462 0
0.700606 0.078000 0
247 3
0.589688 0.201290 0
0.577566 0.078462 0
0.700610 0.204307 0
248 3
0.589688 0.201290 0
0.450652 0.080964 0
0.577566 0.078462 0
249 3
0.456520 0.207304 0
0.450652 0.080964 0
0.589688 0.201290 0
250 3
0.456520 0.207304 0
0.353967 0.085604 0
0.450652 0.080964 0
251 3
0.373643 0.213690 0
0.353967 0.085604 0
0.456520 0.207304 0
252 3
0.457371 0.409264 0
0.456954 0.322564 0
0.510113 0.406880 0
253 3
0.592174 0.563774 0
0.700610 0.440180 0
0.700610 0.562751 0
254 3
0.592174 0.563774 0
0.596770 0.447194 0
0.700610 0.440180 0
255 3
0.524539 0.580345 0
0.596770 0.447194 0
0.592174 0.563774 0
256 3
0.524539 0.580345 0
0.529103 0.455940 0
0.596770 0.447194 0
257 3
0.580715 0.666476 0
0.700610 0.562751 0
0.700610 0.667158 0
258 3
0.580715 0.666476 0
0.592174 0.563774 0
0.700610 0.562751 0
259 3
0.351540 0.990899 0
0.338628 0.962809 0
0.401320 0.989757 0
260 3
0.338628 0.962809 0
0.404468 0.905232 0
0.401320 0.989757 0
261 3
0.961837 0.988912 0
0.987715 0.946575 0
0.988130 0.992030 0
262 3
0.987071 0.813751 0
0.989394 0.834614 0
0.960583 0.815087 0
263 3
0.960583 0.815087 0
0.959625 0.814963 0
0.987071 0.813751 0
264 3
0.958991 0.835599 0
0.987071 0.813751 0
0.959625 0.814963 0
265 3
0.990298 0.837098 0
0.987071 0.813751 0
0.958991 0.835599 0
266 3
0.957942 0.933175 0
0.990298 0.837098 0
0.958991 0.835599 0
267 3
0.957942 0.933175 0
0.991134 0.932684 0
0.990298 0.837098 0
268 3
0.956428 0.984975 0
0.991134 0.932684 0
0.957942 0.933175 0
269 3
0.956428 0.984975 0
0.988256 0.982444 0
0.991134 0.932684 0
270 3
0.450652 0.080964 0
0.371314 0.013050 0
0.441516 0.013036 0
271 3
0.353967 0.085604 0
0.371314 0.013050 0
0.450652 0.080964 0
272 3
0.991030 0.610583 0
0.957986 0.536155 0
0.991445 0.505157 0
273 3
0.596770 0.447194 0
0.700610 0.301776 0
0.700610 0.440180 0
274 3
0.596770 0.447194 0
0.591468 0.301472 0
0.700610 0.301776 0
275 3
0.700610 0.301776 0
0.589688 0.201290 0
0.700610 0.204307 0
276 3
0.700610 0.301776 0
0.591468 0.301472 0
0.589688 0.201290 0
277 3
0.700606 0.078000 0
0.560128 0.012984 0
0.700604 0.016690 0
278 3
0.700606 0.078000 0
0.577566 0.078462 0
0.560128 0.012984 0
279 3
0.993097 0.398553 0
0.957986 0.536155 0
0.981932 0.280359 0
280 3
0.404468 0.905232 0
0.360560 0.853478 0
0.420952 0.793078 0
281 3
0.404468 0.905232 0
0.420952 0.793078 0
0.470057 0.784826 0
282 3
0.991445 0.505157 0
0.957986 0.536155 0
0.993097 0.398553 0
283 3
0.990279 0.771919 0
0.957986 0.536155 0
0.991030 0.610583 0
284 3
0.960587 0.776911 0
0.957986 0.536155 0
0.990279 0.771919 0
285 3
0.404468 0.905232 0
0.470057 0.784826 0
0.401320 0.989757 0
286 3
0.332483 0.015640 0
0.371314 0.013050 0
0.353967 0.085604 0
287 3
0.151348 0.015327 0
0.332483 0.015640 0
0.230388 0.066723 0
288 3
0.353967 0.085604 0
0.230388 0.066723 0
0.332483 0.015640 0
289 3
0.450652 0.080964 0
0.560128 0.012984 0
0.577566 0.078462 0
290 3
0.450652 0.080964 0
0.441516 0.013036 0
0.560128 0.012984 0
291 3
0.353573 0.599887 0
0.420952 0.793078 0
0.360560 0.853478 0
292 3
0.353573 0.599887 0
0.420569 0.599994 0
0.423276 0.686161 0
293 3
0.423276 0.686161 0
0.420952 0.793078 0
0.353573 0.599887 0
294 3
0.353573 0.599887 0
0.438648 0.456881 0
0.420569 0.599994 0
295 3
0.185782 0.465700 0
0.162733 0.428011 0
0.173932 0.397455 0
296 3
0.218227 0.438187 0
0.173932 0.397455 0
0.226859 0.386104 0
297 3
0.185782 0.465700 0
0.173932 0.397455 0
0.218227 0.438187 0
298 3
0.254984 0.474274 0
0.274998 0.389752 0
0.290725 0.469132 0
299 3
0.226859 0.386104 0
0.274998 0.389752 0
0.218227 0.438187 0
300 3
0.166323 0.668761 0
0.166043 0.620827 0
0.189294 0.664778 0
301 3
0.164921 0.696373 0
0.166323 0.668761 0
0.189294 0.664778 0
302 3
0.275762 0.389652 0
0.262617 0.233367 0
0.358753 0.252886 0
303 3
0.173932 0.397455 0
0.262054 0.229300 0
0.226859 0.386104 0
304 3
0.173932 0.397455 0
0.149548 0.234950 0
0.262054 0.229300 0
305 3
0.162052 0.470428 0
0.162733 0.428011 0
0.185782 0.465700 0
306 3
0.226859 0.386104 0
0.262054 0.229300 0
0.274998 0.389752 0
307 3
0.353573 0.599887 0
0.270630 0.612425 0
0.291638 0.468733 0
308 3
0.290725 0.469132 0
0.271249 0.614251 0
0.254984 0.474274 0
309 3
0.254984 0.474274 0
0.271249 0.614251 0
0.218646 0.490323 0
310 3
0.218646 0.490323 0
0.185782 0.465700 0
0.218227 0.438187 0
311 3
0.218646 0.490323 0
0.218227 0.438187 0
0.254984 0.474274 0
312 3
0.218646 0.490323 0
0.189081 0.631559 0
0.185782 0.465700 0
313 3
0.218646 0.490323 0
0.271249 0.614251 0
0.189081 0.631559 0
314 3
0.271249 0.614251 0
0.189294 0.664778 0
0.189081 0.631559 0
315 3
0.164172 0.558202 0
0.162052 0.470428 0
0.189081 0.631559 0
316 3
0.189081 0.631559 0
0.189294 0.664778 0
0.166043 0.620827 0
317 3
0.164172 0.558202 0
0.189081 0.631559 0
0.166043 0.620827 0
318 3
0.189081 0.631559 0
0.162052 0.470428 0
0.185782 0.465700 0
4
0.000000 0.000000 0.000000
0.000000 0.000000 0.000000
0.000000 0.000000 0.000000
1.000000 1.000000 1.000000
