2
1
hd_bride
D:\3DBball\Objects\U_TheBride\Bride_LoRes\hd_bride.TGA
266
0 3
0.535825 0.519070 0
0.623333 0.576947 0
0.847020 0.356936 0
1 3
0.535825 0.519070 0
0.847020 0.356936 0
0.539288 0.458219 0
2 3
0.510564 0.395993 0
0.539288 0.458219 0
0.849771 0.354993 0
3 3
0.535825 0.519070 0
0.847020 0.356936 0
0.623333 0.576947 0
4 3
0.535825 0.519070 0
0.539288 0.458219 0
0.847020 0.356936 0
5 3
0.510564 0.395993 0
0.849771 0.354993 0
0.539288 0.458219 0
6 3
0.351184 0.320532 0
0.346837 0.073073 0
0.270337 0.105533 0
7 3
0.270598 0.107172 0
0.188981 0.255744 0
0.165373 0.109196 0
8 3
0.136561 0.255744 0
0.129814 0.390930 0
0.081485 0.379661 0
9 3
0.081485 0.379661 0
0.073633 0.255744 0
0.136561 0.255744 0
10 3
0.060087 0.107172 0
0.136561 0.255744 0
0.073633 0.255744 0
11 3
0.270598 0.107172 0
0.250909 0.255744 0
0.188981 0.255744 0
12 3
0.238349 0.378214 0
0.198604 0.394884 0
0.188981 0.255744 0
13 3
0.188981 0.255744 0
0.250909 0.255744 0
0.238349 0.378214 0
14 3
0.060087 0.107172 0
0.165373 0.109196 0
0.136561 0.255744 0
15 3
0.056814 0.376224 0
0.073633 0.255744 0
0.081485 0.379661 0
16 3
0.060087 0.107172 0
0.073633 0.255744 0
0.056814 0.376224 0
17 3
0.270598 0.107172 0
0.290033 0.379822 0
0.250909 0.255744 0
18 3
0.238349 0.378214 0
0.250909 0.255744 0
0.290033 0.379822 0
19 3
0.165373 0.109196 0
0.188981 0.255744 0
0.136561 0.255744 0
20 3
0.198604 0.394884 0
0.129814 0.390930 0
0.136561 0.255744 0
21 3
0.136561 0.255744 0
0.188981 0.255744 0
0.198604 0.394884 0
22 3
0.268739 0.105533 0
0.347405 0.070299 0
0.350740 0.322395 0
23 3
0.353455 0.584258 0
0.388063 0.804741 0
0.425334 0.713829 0
24 3
0.353455 0.584258 0
0.425334 0.713829 0
0.414930 0.588952 0
25 3
0.353455 0.584258 0
0.414930 0.588952 0
0.425334 0.713829 0
26 3
0.353455 0.584258 0
0.425334 0.713829 0
0.388063 0.804741 0
27 3
0.353455 0.584258 0
0.414930 0.588952 0
0.422241 0.503685 0
28 3
0.353455 0.584258 0
0.422241 0.503685 0
0.414930 0.588952 0
29 3
0.353455 0.584258 0
0.347400 0.903252 0
0.388063 0.804741 0
30 3
0.388063 0.804741 0
0.347400 0.903252 0
0.353455 0.584258 0
31 3
0.367987 0.975822 0
0.347400 0.903252 0
0.234613 0.965186 0
32 3
0.234613 0.965186 0
0.194581 0.996031 0
0.367987 0.975822 0
33 3
0.234613 0.965186 0
0.347400 0.903252 0
0.367987 0.975822 0
34 3
0.367987 0.975822 0
0.194581 0.996031 0
0.234613 0.965186 0
35 3
0.440937 0.467346 0
0.850363 0.354318 0
0.349276 0.323200 0
36 3
0.440937 0.467346 0
0.349276 0.323200 0
0.850363 0.354318 0
37 3
0.349276 0.323200 0
0.424120 0.505551 0
0.440937 0.467346 0
38 3
0.349276 0.323200 0
0.440937 0.467346 0
0.424120 0.505551 0
39 3
0.367987 0.975822 0
0.394805 0.924724 0
0.347400 0.903252 0
40 3
0.347400 0.903252 0
0.394805 0.924724 0
0.367987 0.975822 0
41 3
0.347400 0.903252 0
0.353455 0.584258 0
0.292657 0.594851 0
42 3
0.347400 0.903252 0
0.270906 0.783265 0
0.292657 0.596207 0
43 3
0.347400 0.903252 0
0.292657 0.594851 0
0.270906 0.783265 0
44 3
0.347400 0.903252 0
0.292657 0.596207 0
0.353455 0.584258 0
45 3
0.347400 0.903252 0
0.270906 0.783265 0
0.250265 0.888305 0
46 3
0.347400 0.903252 0
0.250265 0.888305 0
0.270906 0.783265 0
47 3
0.140031 0.953851 0
0.102749 0.968177 0
0.082477 0.886149 0
48 3
0.251817 0.886149 0
0.233283 0.968177 0
0.191285 0.953851 0
49 3
0.142528 0.873318 0
0.140031 0.953851 0
0.082477 0.886149 0
50 3
0.188926 0.871987 0
0.251817 0.886149 0
0.191285 0.953851 0
51 3
0.425334 0.713829 0
0.388063 0.804741 0
0.428762 0.801424 0
52 3
0.425334 0.713829 0
0.428762 0.801424 0
0.446315 0.719090 0
53 3
0.425334 0.713829 0
0.446315 0.719090 0
0.428762 0.801424 0
54 3
0.425334 0.713829 0
0.428762 0.801424 0
0.388063 0.804741 0
55 3
0.098300 0.802564 0
0.121028 0.693252 0
0.140442 0.755263 0
56 3
0.140442 0.755263 0
0.144629 0.837430 0
0.098300 0.802564 0
57 3
0.189507 0.755263 0
0.208140 0.693252 0
0.231498 0.800481 0
58 3
0.231498 0.800481 0
0.184785 0.837397 0
0.189507 0.755263 0
59 3
0.144629 0.837430 0
0.140442 0.755263 0
0.189507 0.755263 0
60 3
0.144629 0.837430 0
0.189507 0.755263 0
0.184785 0.837397 0
61 3
0.140442 0.755263 0
0.153472 0.699116 0
0.176361 0.699116 0
62 3
0.176361 0.699116 0
0.189507 0.755263 0
0.140442 0.755263 0
63 3
0.208140 0.693252 0
0.189507 0.755263 0
0.176361 0.699116 0
64 3
0.153472 0.699116 0
0.140442 0.755263 0
0.121028 0.693252 0
65 3
0.142528 0.873318 0
0.188926 0.871987 0
0.191285 0.953851 0
66 3
0.142528 0.873318 0
0.191285 0.953851 0
0.140031 0.953851 0
67 3
0.367987 0.975822 0
0.367987 0.975822 0
0.194581 0.996031 0
68 3
0.367987 0.975822 0
0.194581 0.996031 0
0.194581 0.996031 0
69 3
0.139533 0.996364 0
0.140031 0.953851 0
0.191285 0.953851 0
70 3
0.139533 0.996364 0
0.191285 0.953851 0
0.190524 0.996364 0
71 3
0.102749 0.968177 0
0.140031 0.953851 0
0.139533 0.996364 0
72 3
0.233283 0.968177 0
0.190524 0.996364 0
0.191285 0.953851 0
73 3
0.552040 0.998148 0
0.613969 0.996692 0
0.617948 0.869001 0
74 3
0.552040 0.998148 0
0.553735 0.791664 0
0.617948 0.869001 0
75 3
0.552040 0.998148 0
0.617948 0.869001 0
0.553735 0.791664 0
76 3
0.552040 0.998148 0
0.617948 0.869001 0
0.613969 0.996692 0
77 3
0.479203 0.448321 0
0.415234 0.589550 0
0.424331 0.695314 0
78 3
0.479203 0.448321 0
0.454764 0.685804 0
0.424331 0.695314 0
79 3
0.479203 0.448321 0
0.424331 0.695314 0
0.454764 0.685804 0
80 3
0.479203 0.448321 0
0.424331 0.695314 0
0.415234 0.589550 0
81 3
0.479203 0.448321 0
0.422028 0.505521 0
0.415234 0.589550 0
82 3
0.415234 0.589550 0
0.422028 0.505521 0
0.479203 0.448321 0
83 3
0.535825 0.519070 0
0.550489 0.580089 0
0.623333 0.576947 0
84 3
0.623333 0.576947 0
0.550489 0.580089 0
0.535825 0.519070 0
85 3
0.188926 0.871987 0
0.187040 0.836611 0
0.231498 0.800481 0
86 3
0.251817 0.886149 0
0.188926 0.871987 0
0.231498 0.800481 0
87 3
0.187040 0.836611 0
0.188926 0.871987 0
0.142528 0.873318 0
88 3
0.187040 0.836611 0
0.142528 0.873318 0
0.143122 0.836599 0
89 3
0.098300 0.802564 0
0.143122 0.836599 0
0.142528 0.873318 0
90 3
0.082477 0.886149 0
0.098300 0.802564 0
0.142528 0.873318 0
91 3
0.030352 0.595131 0
0.121028 0.693252 0
0.060317 0.785550 0
92 3
0.271282 0.785550 0
0.208140 0.693252 0
0.291609 0.596577 0
93 3
0.231498 0.800481 0
0.208140 0.693252 0
0.271282 0.785550 0
94 3
0.098300 0.802564 0
0.082477 0.886149 0
0.060317 0.785550 0
95 3
0.098300 0.802564 0
0.060317 0.785550 0
0.121028 0.693252 0
96 3
0.231498 0.800481 0
0.271282 0.785550 0
0.251817 0.886149 0
97 3
0.087548 0.435595 0
0.044062 0.473109 0
0.056814 0.376224 0
98 3
0.290033 0.379822 0
0.280770 0.473109 0
0.244488 0.435595 0
99 3
0.850363 0.354318 0
0.885860 0.269400 0
0.352864 0.320717 0
100 3
0.351711 0.321483 0
0.885860 0.269400 0
0.850363 0.354318 0
101 3
0.353455 0.584258 0
0.422241 0.503685 0
0.347027 0.318012 0
102 3
0.347027 0.318012 0
0.312630 0.468781 0
0.353455 0.584258 0
103 3
0.347027 0.318012 0
0.422241 0.503685 0
0.353455 0.584258 0
104 3
0.353455 0.584258 0
0.312630 0.468781 0
0.347027 0.318012 0
105 3
0.428762 0.801424 0
0.413161 0.993095 0
0.552040 0.998148 0
106 3
0.552040 0.998148 0
0.553735 0.791664 0
0.428762 0.801424 0
107 3
0.552040 0.998148 0
0.413161 0.993095 0
0.428762 0.801424 0
108 3
0.428762 0.801424 0
0.553735 0.791664 0
0.552040 0.998148 0
109 3
0.479203 0.448321 0
0.454764 0.685804 0
0.495934 0.614042 0
110 3
0.495934 0.614042 0
0.502082 0.488043 0
0.479203 0.448321 0
111 3
0.479203 0.448321 0
0.502082 0.488043 0
0.495934 0.614042 0
112 3
0.479203 0.448321 0
0.495934 0.614042 0
0.454764 0.685804 0
113 3
0.550489 0.580089 0
0.560290 0.650162 0
0.623333 0.576947 0
114 3
0.550489 0.580089 0
0.623333 0.576947 0
0.560290 0.650162 0
115 3
0.234613 0.965186 0
0.347400 0.903252 0
0.250265 0.888305 0
116 3
0.234613 0.965186 0
0.250265 0.888305 0
0.347400 0.903252 0
117 3
0.552425 0.998427 0
0.552040 0.998148 0
0.413086 0.995558 0
118 3
0.413086 0.995558 0
0.552040 0.998148 0
0.413161 0.993095 0
119 3
0.413086 0.995558 0
0.413161 0.993095 0
0.382887 0.993998 0
120 3
0.552425 0.998427 0
0.613969 0.996692 0
0.552040 0.998148 0
121 3
0.163786 0.105775 0
0.060577 0.107536 0
0.159270 0.015208 0
122 3
0.855530 0.976093 0
0.933632 0.954802 0
0.858714 0.953420 0
123 3
0.855530 0.976093 0
0.934338 0.976313 0
0.933632 0.954802 0
124 3
0.560290 0.650162 0
0.619878 0.630632 0
0.623333 0.576947 0
125 3
0.849114 0.812995 0
0.986759 0.749015 0
0.850278 0.733826 0
126 3
0.849114 0.812995 0
0.988973 0.813297 0
0.986759 0.749015 0
127 3
0.977115 0.293084 0
0.987334 0.127942 0
0.849743 0.131700 0
128 3
0.841613 0.294473 0
0.977115 0.293084 0
0.849743 0.131700 0
129 3
0.885860 0.269400 0
0.844673 0.093252 0
0.345797 0.070705 0
130 3
0.352864 0.320717 0
0.885860 0.269400 0
0.345797 0.070705 0
131 3
0.440937 0.467346 0
0.511931 0.395497 0
0.850363 0.354318 0
132 3
0.850278 0.733826 0
0.986759 0.749015 0
0.973497 0.574352 0
133 3
0.850278 0.733826 0
0.973497 0.574352 0
0.836632 0.524243 0
134 3
0.382887 0.993998 0
0.413161 0.993095 0
0.367987 0.975822 0
135 3
0.367987 0.975822 0
0.413161 0.993095 0
0.394805 0.924724 0
136 3
0.934338 0.976313 0
0.855530 0.976093 0
0.894625 0.992391 0
137 3
0.857299 0.856936 0
0.856290 0.880708 0
0.931588 0.856398 0
138 3
0.931588 0.856398 0
0.856290 0.880708 0
0.932848 0.880247 0
139 3
0.934244 0.902914 0
0.932848 0.880247 0
0.856290 0.880708 0
140 3
0.857361 0.902836 0
0.934244 0.902914 0
0.856290 0.880708 0
141 3
0.931860 0.929600 0
0.934244 0.902914 0
0.857361 0.902836 0
142 3
0.931860 0.929600 0
0.857361 0.902836 0
0.855361 0.931528 0
143 3
0.933632 0.954802 0
0.931860 0.929600 0
0.855361 0.931528 0
144 3
0.933632 0.954802 0
0.855361 0.931528 0
0.858714 0.953420 0
145 3
0.345797 0.070705 0
0.844673 0.093252 0
0.711030 0.005525 0
146 3
0.843911 0.499806 0
0.981054 0.540452 0
0.981522 0.281333 0
147 3
0.843911 0.499806 0
0.981522 0.281333 0
0.845611 0.270973 0
148 3
0.987334 0.127942 0
0.990763 0.010941 0
0.849341 0.002747 0
149 3
0.987334 0.127942 0
0.849341 0.002747 0
0.849743 0.131700 0
150 3
0.394805 0.924724 0
0.388063 0.804741 0
0.347400 0.903252 0
151 3
0.394805 0.924724 0
0.428762 0.801424 0
0.388063 0.804741 0
152 3
0.954054 0.002420 0
0.966306 0.512124 0
0.910415 0.513267 0
153 3
0.915354 0.007961 0
0.954054 0.002420 0
0.910415 0.513267 0
154 3
0.394805 0.924724 0
0.413161 0.993095 0
0.428762 0.801424 0
155 3
0.954054 0.002420 0
0.989981 0.006594 0
0.966306 0.512124 0
156 3
0.163323 0.016378 0
0.270337 0.105533 0
0.335735 0.010060 0
157 3
0.346837 0.073073 0
0.335735 0.010060 0
0.270337 0.105533 0
158 3
0.121747 0.474848 0
0.129814 0.390930 0
0.143785 0.439375 0
159 3
0.087548 0.435595 0
0.081485 0.379661 0
0.129814 0.390930 0
160 3
0.121747 0.474848 0
0.087548 0.435595 0
0.129814 0.390930 0
161 3
0.043688 0.473860 0
0.017923 0.456750 0
0.056814 0.376224 0
162 3
0.081485 0.379661 0
0.087548 0.435595 0
0.056814 0.376224 0
163 3
0.150055 0.662919 0
0.121028 0.693252 0
0.150401 0.612199 0
164 3
0.153472 0.699116 0
0.121028 0.693252 0
0.150055 0.662919 0
165 3
0.289166 0.382023 0
0.347027 0.318012 0
0.270988 0.105253 0
166 3
0.289166 0.382023 0
0.312630 0.468781 0
0.347027 0.318012 0
167 3
0.149314 0.476641 0
0.121747 0.474848 0
0.143785 0.439375 0
168 3
0.353455 0.584258 0
0.312630 0.468781 0
0.292657 0.594851 0
169 3
0.017923 0.456750 0
0.043688 0.473860 0
0.030352 0.595131 0
170 3
0.043688 0.473860 0
0.087164 0.511314 0
0.030352 0.595131 0
171 3
0.087164 0.511314 0
0.087548 0.435595 0
0.121747 0.474848 0
172 3
0.043688 0.473860 0
0.087548 0.435595 0
0.087164 0.511314 0
173 3
0.087164 0.511314 0
0.121747 0.474848 0
0.122653 0.646224 0
174 3
0.087164 0.511314 0
0.122653 0.646224 0
0.030352 0.595131 0
175 3
0.030352 0.595131 0
0.122653 0.646224 0
0.121028 0.693252 0
176 3
0.151257 0.611337 0
0.122653 0.646224 0
0.149314 0.476641 0
177 3
0.122653 0.646224 0
0.150401 0.612199 0
0.121028 0.693252 0
178 3
0.122653 0.646224 0
0.121747 0.474848 0
0.149314 0.476641 0
179 3
0.552425 0.998427 0
0.613969 0.996692 0
0.613969 0.996692 0
180 3
0.552425 0.998427 0
0.413086 0.995558 0
0.552040 0.998148 0
181 3
0.413086 0.995558 0
0.413161 0.993095 0
0.552040 0.998148 0
182 3
0.413086 0.995558 0
0.382887 0.993998 0
0.413161 0.993095 0
183 3
0.382887 0.993998 0
0.367987 0.975822 0
0.367987 0.975822 0
184 3
0.382887 0.993998 0
0.367987 0.975822 0
0.382887 0.993998 0
185 3
0.413086 0.995558 0
0.382887 0.993998 0
0.382887 0.993998 0
186 3
0.983549 0.271669 0
0.857440 0.103164 0
0.827038 0.271669 0
187 3
0.983549 0.271669 0
0.985850 0.103164 0
0.857440 0.103164 0
188 3
0.985850 0.103164 0
0.862311 0.016862 0
0.857440 0.103164 0
189 3
0.982406 0.587111 0
0.836259 0.284353 0
0.828910 0.587111 0
190 3
0.982406 0.587111 0
0.980312 0.284353 0
0.836259 0.284353 0
191 3
0.951763 0.769032 0
0.842601 0.585752 0
0.862129 0.769032 0
192 3
0.951763 0.769032 0
0.973611 0.585752 0
0.842601 0.585752 0
193 3
0.934801 0.807059 0
0.862129 0.769032 0
0.877422 0.807059 0
194 3
0.934801 0.807059 0
0.951763 0.769032 0
0.862129 0.769032 0
195 3
0.833881 0.993951 0
0.618209 0.867989 0
0.614143 0.993951 0
196 3
0.833881 0.993951 0
0.833981 0.867989 0
0.618209 0.867989 0
197 3
0.552425 0.998427 0
0.552040 0.998148 0
0.613969 0.996692 0
198 3
0.163786 0.105775 0
0.159270 0.015208 0
0.268506 0.107536 0
199 3
0.150055 0.662919 0
0.176190 0.612199 0
0.175566 0.662919 0
200 3
0.150055 0.662919 0
0.150401 0.612199 0
0.176190 0.612199 0
201 3
0.153472 0.699116 0
0.175566 0.662919 0
0.176361 0.699116 0
202 3
0.150055 0.662919 0
0.175566 0.662919 0
0.153472 0.699116 0
203 3
0.143785 0.439375 0
0.198604 0.394884 0
0.183990 0.439375 0
204 3
0.143785 0.439375 0
0.129814 0.390930 0
0.198604 0.394884 0
205 3
0.149314 0.476641 0
0.183990 0.439375 0
0.179432 0.476641 0
206 3
0.143785 0.439375 0
0.183990 0.439375 0
0.149314 0.476641 0
207 3
0.179432 0.476641 0
0.177276 0.611337 0
0.151257 0.611337 0
208 3
0.149314 0.476641 0
0.179432 0.476641 0
0.151257 0.611337 0
209 3
0.994415 0.976076 0
0.995022 0.948157 0
0.924199 0.949335 0
210 3
0.994415 0.976076 0
0.924199 0.949335 0
0.923531 0.976264 0
211 3
0.560290 0.650162 0
0.623333 0.576947 0
0.619878 0.630632 0
212 3
0.967872 0.813785 0
0.975106 0.693651 0
0.852429 0.730913 0
213 3
0.967872 0.813785 0
0.852429 0.730913 0
0.868690 0.811858 0
214 3
0.849704 0.255499 0
0.986589 0.154000 0
0.849980 0.113458 0
215 3
0.990102 0.285605 0
0.986589 0.154000 0
0.849704 0.255499 0
216 3
0.885860 0.269400 0
0.347317 0.069520 0
0.844673 0.093252 0
217 3
0.351711 0.321483 0
0.347317 0.069520 0
0.885860 0.269400 0
218 3
0.440937 0.467346 0
0.850363 0.354318 0
0.511931 0.395497 0
219 3
0.975106 0.693651 0
0.837667 0.557992 0
0.852429 0.730913 0
220 3
0.975106 0.693651 0
0.979979 0.535097 0
0.837667 0.557992 0
221 3
0.382887 0.993998 0
0.367987 0.975822 0
0.413161 0.993095 0
222 3
0.367987 0.975822 0
0.394805 0.924724 0
0.413161 0.993095 0
223 3
0.923531 0.976264 0
0.968561 0.993868 0
0.994415 0.976076 0
224 3
0.993850 0.884674 0
0.996273 0.855820 0
0.922125 0.856145 0
225 3
0.922125 0.856145 0
0.921317 0.885065 0
0.993850 0.884674 0
226 3
0.923620 0.905149 0
0.993850 0.884674 0
0.921317 0.885065 0
227 3
0.996461 0.904300 0
0.993850 0.884674 0
0.923620 0.905149 0
228 3
0.922253 0.927874 0
0.996461 0.904300 0
0.923620 0.905149 0
229 3
0.922253 0.927874 0
0.994575 0.929516 0
0.996461 0.904300 0
230 3
0.924199 0.949335 0
0.994575 0.929516 0
0.922253 0.927874 0
231 3
0.924199 0.949335 0
0.995022 0.948157 0
0.994575 0.929516 0
232 3
0.347317 0.069520 0
0.714457 0.005243 0
0.844673 0.093252 0
233 3
0.987623 0.506245 0
0.842264 0.286820 0
0.842208 0.527369 0
234 3
0.987623 0.506245 0
0.982102 0.292366 0
0.842264 0.286820 0
235 3
0.849980 0.113458 0
0.985153 0.014387 0
0.850863 0.015012 0
236 3
0.849980 0.113458 0
0.986589 0.154000 0
0.985153 0.014387 0
237 3
0.394805 0.924724 0
0.347400 0.903252 0
0.388063 0.804741 0
238 3
0.394805 0.924724 0
0.388063 0.804741 0
0.428762 0.801424 0
239 3
0.877219 0.008200 0
0.910415 0.513267 0
0.851316 0.514054 0
240 3
0.915354 0.007961 0
0.910415 0.513267 0
0.877219 0.008200 0
241 3
0.394805 0.924724 0
0.428762 0.801424 0
0.413161 0.993095 0
242 3
0.877219 0.008200 0
0.851316 0.514054 0
0.850647 0.010351 0
243 3
0.163323 0.016378 0
0.337528 0.010060 0
0.268739 0.105533 0
244 3
0.347405 0.070299 0
0.268739 0.105533 0
0.337528 0.010060 0
245 3
0.211881 0.474848 0
0.183990 0.439375 0
0.198604 0.394884 0
246 3
0.244488 0.435595 0
0.198604 0.394884 0
0.238349 0.378214 0
247 3
0.211881 0.474848 0
0.198604 0.394884 0
0.244488 0.435595 0
248 3
0.281963 0.473860 0
0.290033 0.379822 0
0.311942 0.467502 0
249 3
0.238349 0.378214 0
0.290033 0.379822 0
0.244488 0.435595 0
250 3
0.175566 0.662919 0
0.176190 0.612199 0
0.208140 0.693252 0
251 3
0.176361 0.699116 0
0.175566 0.662919 0
0.208140 0.693252 0
252 3
0.289166 0.383380 0
0.270988 0.105253 0
0.347027 0.318012 0
253 3
0.289166 0.383380 0
0.347027 0.318012 0
0.312630 0.468781 0
254 3
0.179432 0.476641 0
0.183990 0.439375 0
0.211881 0.474848 0
255 3
0.353455 0.584258 0
0.292657 0.596207 0
0.312630 0.468781 0
256 3
0.311942 0.467502 0
0.291609 0.596577 0
0.281963 0.473860 0
257 3
0.281963 0.473860 0
0.291609 0.596577 0
0.244871 0.511314 0
258 3
0.244871 0.511314 0
0.211881 0.474848 0
0.244488 0.435595 0
259 3
0.244871 0.511314 0
0.244488 0.435595 0
0.281963 0.473860 0
260 3
0.244871 0.511314 0
0.206261 0.644776 0
0.211881 0.474848 0
261 3
0.244871 0.511314 0
0.291609 0.596577 0
0.206261 0.644776 0
262 3
0.291609 0.596577 0
0.208140 0.693252 0
0.206261 0.644776 0
263 3
0.177276 0.611337 0
0.179432 0.476641 0
0.206261 0.644776 0
264 3
0.206261 0.644776 0
0.208140 0.693252 0
0.176190 0.612199 0
265 3
0.206261 0.644776 0
0.179432 0.476641 0
0.211881 0.474848 0
4
0.000000 0.000000 0.000000
0.000000 0.000000 0.000000
0.000000 0.000000 0.000000
1.000000 1.000000 1.000000
