1
7
Vancouver\LWO\hd_bhurl.tga
Vancouver\LWO\hd_bhurl.tga
Vancouver\LWO\hd_bhurl.tga
Vancouver\LWO\hd_bhurl.tga
Vancouver\LWO\hd_bhurl.tga
Vancouver\LWO\hd_bhurl.tga
Vancouver\LWO\hd_bhurl.tga
317
0 3
0.714007 0.320369 0
0.604756 0.346309 0
0.640060 0.412081 0
1 3
0.714007 0.320369 0
0.640060 0.412081 0
0.716293 0.448485 0
2 3
0.714007 0.320369 0
0.716293 0.448485 0
0.640060 0.412081 0
3 3
0.714007 0.320369 0
0.640060 0.412081 0
0.604756 0.346309 0
4 3
0.600820 0.128389 0
0.604756 0.346309 0
0.714007 0.320369 0
5 3
0.714007 0.320369 0
0.714741 0.128616 0
0.600820 0.128389 0
6 3
0.714007 0.320369 0
0.604756 0.346309 0
0.600820 0.128389 0
7 3
0.600820 0.128389 0
0.714741 0.128616 0
0.714007 0.320369 0
8 3
0.360629 0.051098 0
0.366104 0.128569 0
0.474531 0.128450 0
9 3
0.474531 0.128450 0
0.366104 0.128569 0
0.360629 0.051098 0
10 3
0.463204 0.048906 0
0.360629 0.051098 0
0.474531 0.128450 0
11 3
0.463204 0.048906 0
0.474531 0.128450 0
0.360629 0.051098 0
12 3
0.503290 0.944052 0
0.388472 0.984706 0
0.491557 0.833236 0
13 3
0.491557 0.833236 0
0.529124 0.868501 0
0.503290 0.944052 0
14 3
0.491557 0.833236 0
0.388472 0.984706 0
0.503290 0.944052 0
15 3
0.503290 0.944052 0
0.529124 0.868501 0
0.491557 0.833236 0
16 3
0.122229 0.943735 0
0.089958 0.925728 0
0.127264 0.870176 0
17 3
0.176439 0.870283 0
0.222715 0.925728 0
0.191935 0.943735 0
18 3
0.078754 0.852982 0
0.127264 0.870176 0
0.089958 0.925728 0
19 3
0.233752 0.852982 0
0.222715 0.925728 0
0.176439 0.870283 0
20 3
0.914942 0.814687 0
0.989702 0.852892 0
0.990067 0.791139 0
21 3
0.990067 0.791139 0
0.915077 0.775566 0
0.914942 0.814687 0
22 3
0.990067 0.791139 0
0.989702 0.852892 0
0.914942 0.814687 0
23 3
0.914942 0.814687 0
0.915077 0.775566 0
0.990067 0.791139 0
24 3
0.153782 0.153612 0
0.243025 0.129624 0
0.237245 0.390410 0
25 3
0.153782 0.153612 0
0.124854 0.404869 0
0.079166 0.390410 0
26 3
0.153782 0.153612 0
0.079166 0.390410 0
0.064538 0.129624 0
27 3
0.153782 0.153612 0
0.237245 0.390410 0
0.187642 0.404869 0
28 3
0.243025 0.129624 0
0.153782 0.153612 0
0.154146 0.073266 0
29 3
0.064538 0.129624 0
0.081842 0.055652 0
0.154146 0.073266 0
30 3
0.243025 0.129624 0
0.154146 0.073266 0
0.223350 0.055652 0
31 3
0.488377 0.389985 0
0.480502 0.532618 0
0.556136 0.476992 0
32 3
0.488377 0.389985 0
0.556136 0.476992 0
0.575165 0.412886 0
33 3
0.436706 0.477597 0
0.480502 0.532618 0
0.488377 0.389985 0
34 3
0.488377 0.389985 0
0.575165 0.412886 0
0.556136 0.476992 0
35 3
0.488377 0.389985 0
0.556136 0.476992 0
0.481412 0.533151 0
36 3
0.436706 0.477597 0
0.488377 0.389985 0
0.481412 0.533151 0
37 3
0.488377 0.389985 0
0.604756 0.346309 0
0.575165 0.412886 0
38 3
0.488377 0.389985 0
0.575165 0.412886 0
0.604756 0.346309 0
39 3
0.621985 0.426937 0
0.582711 0.423710 0
0.640372 0.468060 0
40 3
0.556136 0.476992 0
0.640372 0.468060 0
0.582711 0.423710 0
41 3
0.640372 0.468060 0
0.582711 0.423710 0
0.621985 0.426937 0
42 3
0.556136 0.476992 0
0.582711 0.423710 0
0.640372 0.468060 0
43 3
0.915077 0.775566 0
0.991121 0.785562 0
0.915327 0.774611 0
44 3
0.915462 0.827411 0
0.915327 0.774611 0
0.991121 0.785562 0
45 3
0.915462 0.827411 0
0.991121 0.785562 0
0.915327 0.774611 0
46 3
0.915077 0.775566 0
0.915327 0.774611 0
0.991121 0.785562 0
47 3
0.649017 0.505885 0
0.637343 0.575535 0
0.707564 0.583222 0
48 3
0.716293 0.448485 0
0.640060 0.412081 0
0.649017 0.505885 0
49 3
0.716293 0.448485 0
0.649017 0.505885 0
0.707564 0.583222 0
50 3
0.707564 0.583222 0
0.637343 0.575535 0
0.649017 0.505885 0
51 3
0.716293 0.448485 0
0.707564 0.583222 0
0.649017 0.505885 0
52 3
0.716293 0.448485 0
0.649017 0.505885 0
0.640060 0.412081 0
53 3
0.716293 0.448485 0
0.707564 0.583222 0
0.801208 0.564680 0
54 3
0.716293 0.448485 0
0.801208 0.564680 0
0.801356 0.439520 0
55 3
0.789622 0.570209 0
0.886193 0.570209 0
0.886250 0.437968 0
56 3
0.886250 0.437968 0
0.789550 0.437968 0
0.789622 0.570209 0
57 3
0.716293 0.448485 0
0.801356 0.439520 0
0.801208 0.564680 0
58 3
0.716293 0.448485 0
0.801208 0.564680 0
0.707564 0.583222 0
59 3
0.630398 0.568352 0
0.640372 0.468060 0
0.556136 0.476992 0
60 3
0.585928 0.647783 0
0.630398 0.568352 0
0.556136 0.476992 0
61 3
0.585928 0.647783 0
0.556136 0.476992 0
0.541069 0.624189 0
62 3
0.541069 0.624189 0
0.558830 0.662569 0
0.585928 0.647783 0
63 3
0.556136 0.476992 0
0.640372 0.468060 0
0.630398 0.568352 0
64 3
0.556136 0.476992 0
0.630398 0.568352 0
0.585928 0.647783 0
65 3
0.541069 0.624189 0
0.556136 0.476992 0
0.585928 0.647783 0
66 3
0.585928 0.647783 0
0.558830 0.662569 0
0.541069 0.624189 0
67 3
0.087668 0.781644 0
0.111241 0.689493 0
0.129207 0.772315 0
68 3
0.129207 0.772315 0
0.129455 0.799512 0
0.087668 0.781644 0
69 3
0.174274 0.772313 0
0.191742 0.689493 0
0.215637 0.782282 0
70 3
0.215637 0.782282 0
0.174249 0.799473 0
0.174274 0.772313 0
71 3
0.129455 0.799512 0
0.129207 0.772315 0
0.174274 0.772313 0
72 3
0.129455 0.799512 0
0.174274 0.772313 0
0.174249 0.799473 0
73 3
0.129207 0.772315 0
0.137544 0.715865 0
0.164413 0.715865 0
74 3
0.164413 0.715865 0
0.174274 0.772313 0
0.129207 0.772315 0
75 3
0.191742 0.689493 0
0.174274 0.772313 0
0.164413 0.715865 0
76 3
0.137544 0.715865 0
0.129207 0.772315 0
0.111241 0.689493 0
77 3
0.127264 0.870176 0
0.176439 0.870283 0
0.191935 0.943735 0
78 3
0.127264 0.870176 0
0.191935 0.943735 0
0.122229 0.943735 0
79 3
0.503290 0.944052 0
0.503290 0.944052 0
0.388472 0.984706 0
80 3
0.503290 0.944052 0
0.388472 0.984706 0
0.388472 0.984706 0
81 3
0.118276 0.986160 0
0.122229 0.943735 0
0.191935 0.943735 0
82 3
0.118276 0.986160 0
0.191935 0.943735 0
0.196640 0.986160 0
83 3
0.089958 0.925728 0
0.122229 0.943735 0
0.118276 0.986160 0
84 3
0.222715 0.925728 0
0.196640 0.986160 0
0.191935 0.943735 0
85 3
0.680995 0.991525 0
0.788858 0.991353 0
0.798854 0.730399 0
86 3
0.680995 0.991525 0
0.694805 0.733691 0
0.798854 0.730399 0
87 3
0.680995 0.991525 0
0.798854 0.730399 0
0.694805 0.733691 0
88 3
0.680995 0.991525 0
0.798854 0.730399 0
0.788858 0.991353 0
89 3
0.366104 0.128569 0
0.488377 0.389985 0
0.474531 0.128450 0
90 3
0.366104 0.128569 0
0.474531 0.128450 0
0.488377 0.389985 0
91 3
0.637343 0.575535 0
0.593634 0.674063 0
0.707564 0.583222 0
92 3
0.707564 0.583222 0
0.593634 0.674063 0
0.637343 0.575535 0
93 3
0.491557 0.833236 0
0.480502 0.532618 0
0.386533 0.596854 0
94 3
0.491557 0.833236 0
0.390032 0.782473 0
0.386533 0.596854 0
95 3
0.491557 0.833236 0
0.386533 0.596854 0
0.390032 0.782473 0
96 3
0.491557 0.833236 0
0.386533 0.596854 0
0.481412 0.533151 0
97 3
0.176439 0.870283 0
0.173286 0.848827 0
0.215637 0.782282 0
98 3
0.233752 0.852982 0
0.176439 0.870283 0
0.215637 0.782282 0
99 3
0.173286 0.848827 0
0.176439 0.870283 0
0.127264 0.870176 0
100 3
0.173286 0.848827 0
0.127264 0.870176 0
0.130419 0.848828 0
101 3
0.173286 0.848827 0
0.130419 0.848828 0
0.149894 0.799450 0
102 3
0.130419 0.848828 0
0.129423 0.799368 0
0.149894 0.799450 0
103 3
0.087668 0.781644 0
0.130419 0.848828 0
0.127264 0.870176 0
104 3
0.173286 0.848827 0
0.149894 0.799450 0
0.174281 0.799368 0
105 3
0.173286 0.848827 0
0.174281 0.799368 0
0.215637 0.782282 0
106 3
0.087668 0.781644 0
0.129423 0.799368 0
0.130419 0.848828 0
107 3
0.078754 0.852982 0
0.087668 0.781644 0
0.127264 0.870176 0
108 3
0.039187 0.590368 0
0.111241 0.689493 0
0.069644 0.787939 0
109 3
0.242688 0.787939 0
0.191742 0.689493 0
0.273146 0.590368 0
110 3
0.215637 0.782282 0
0.191742 0.689493 0
0.242688 0.787939 0
111 3
0.087668 0.781644 0
0.078754 0.852982 0
0.069644 0.787939 0
112 3
0.087668 0.781644 0
0.069644 0.787939 0
0.111241 0.689493 0
113 3
0.215637 0.782282 0
0.242688 0.787939 0
0.233752 0.852982 0
114 3
0.043092 0.478243 0
0.066267 0.441800 0
0.086327 0.439071 0
115 3
0.033489 0.400378 0
0.066267 0.441800 0
0.043092 0.478243 0
116 3
0.086327 0.439071 0
0.066267 0.441800 0
0.033489 0.400378 0
117 3
0.226084 0.439363 0
0.249881 0.442091 0
0.265532 0.478535 0
118 3
0.275699 0.400378 0
0.249881 0.442091 0
0.226084 0.439363 0
119 3
0.265532 0.478535 0
0.249881 0.442091 0
0.275699 0.400378 0
120 3
0.491557 0.833236 0
0.386010 0.925570 0
0.388472 0.984706 0
121 3
0.491557 0.833236 0
0.388472 0.984706 0
0.386010 0.925570 0
122 3
0.474531 0.128450 0
0.488377 0.389985 0
0.604756 0.346309 0
123 3
0.604756 0.346309 0
0.600820 0.128389 0
0.474531 0.128450 0
124 3
0.604756 0.346309 0
0.488377 0.389985 0
0.474531 0.128450 0
125 3
0.474531 0.128450 0
0.600820 0.128389 0
0.604756 0.346309 0
126 3
0.595071 0.745872 0
0.569013 0.992483 0
0.680995 0.991525 0
127 3
0.680995 0.991525 0
0.694805 0.733691 0
0.595071 0.745872 0
128 3
0.680995 0.991525 0
0.569013 0.992483 0
0.595071 0.745872 0
129 3
0.595071 0.745872 0
0.694805 0.733691 0
0.680995 0.991525 0
130 3
0.593634 0.674063 0
0.534667 0.755111 0
0.595071 0.745872 0
131 3
0.593634 0.674063 0
0.595071 0.745872 0
0.707564 0.583222 0
132 3
0.593634 0.674063 0
0.707564 0.583222 0
0.595071 0.745872 0
133 3
0.593634 0.674063 0
0.595071 0.745872 0
0.534667 0.755111 0
134 3
0.386010 0.925570 0
0.491557 0.833236 0
0.388422 0.861506 0
135 3
0.390032 0.782473 0
0.388422 0.861506 0
0.491557 0.833236 0
136 3
0.390032 0.782473 0
0.491557 0.833236 0
0.388422 0.861506 0
137 3
0.386010 0.925570 0
0.388422 0.861506 0
0.491557 0.833236 0
138 3
0.679242 0.992167 0
0.680995 0.991525 0
0.586170 0.992827 0
139 3
0.586170 0.992827 0
0.680995 0.991525 0
0.569013 0.992483 0
140 3
0.586170 0.992827 0
0.569013 0.992483 0
0.518776 0.991183 0
141 3
0.679242 0.992167 0
0.788858 0.991353 0
0.680995 0.991525 0
142 3
0.431583 0.127134 0
0.360089 0.097817 0
0.431589 0.028035 0
143 3
0.534667 0.755111 0
0.593634 0.674063 0
0.544944 0.675305 0
144 3
0.915546 0.988145 0
0.993836 0.982506 0
0.915291 0.970371 0
145 3
0.915546 0.988145 0
0.992485 0.981599 0
0.993836 0.982506 0
146 3
0.595071 0.745872 0
0.694805 0.733691 0
0.707564 0.583222 0
147 3
0.694805 0.733691 0
0.801208 0.564680 0
0.707564 0.583222 0
148 3
0.694805 0.733691 0
0.798854 0.730399 0
0.801208 0.564680 0
149 3
0.803552 0.127183 0
0.803362 0.049149 0
0.715457 0.050406 0
150 3
0.714741 0.128616 0
0.803552 0.127183 0
0.715457 0.050406 0
151 3
0.714741 0.128616 0
0.715457 0.050406 0
0.601077 0.049556 0
152 3
0.600820 0.128389 0
0.714741 0.128616 0
0.601077 0.049556 0
153 3
0.600820 0.128389 0
0.601077 0.049556 0
0.463204 0.048906 0
154 3
0.474531 0.128450 0
0.600820 0.128389 0
0.463204 0.048906 0
155 3
0.575165 0.412886 0
0.640060 0.412081 0
0.604756 0.346309 0
156 3
0.518776 0.991183 0
0.569013 0.992483 0
0.503290 0.944052 0
157 3
0.503290 0.944052 0
0.569013 0.992483 0
0.529124 0.868501 0
158 3
0.992485 0.981599 0
0.915546 0.988145 0
0.915615 0.946511 0
159 3
0.991121 0.785562 0
0.915077 0.775566 0
0.990067 0.791139 0
160 3
0.989911 0.919149 0
0.989702 0.852892 0
0.914942 0.814687 0
161 3
0.989911 0.919149 0
0.914942 0.814687 0
0.914989 0.910094 0
162 3
0.993836 0.982506 0
0.989911 0.919149 0
0.914989 0.910094 0
163 3
0.993836 0.982506 0
0.914989 0.910094 0
0.915291 0.970371 0
164 3
0.601077 0.049556 0
0.600825 0.005108 0
0.526713 0.006201 0
165 3
0.463204 0.048906 0
0.601077 0.049556 0
0.526713 0.006201 0
166 3
0.624524 0.008177 0
0.730662 0.008571 0
0.672551 0.085001 0
167 3
0.716293 0.448485 0
0.801356 0.439520 0
0.803593 0.309186 0
168 3
0.716293 0.448485 0
0.803593 0.309186 0
0.714007 0.320369 0
169 3
0.803593 0.309186 0
0.803552 0.127183 0
0.714741 0.128616 0
170 3
0.803593 0.309186 0
0.714741 0.128616 0
0.714007 0.320369 0
171 3
0.803362 0.049149 0
0.802228 0.004951 0
0.715533 0.004686 0
172 3
0.803362 0.049149 0
0.715533 0.004686 0
0.715457 0.050406 0
173 3
0.821472 0.007048 0
0.874856 0.086488 0
0.672551 0.085001 0
174 3
0.529124 0.868501 0
0.534667 0.755111 0
0.491557 0.833236 0
175 3
0.529124 0.868501 0
0.595071 0.745872 0
0.534667 0.755111 0
176 3
0.730662 0.008571 0
0.821472 0.007048 0
0.672551 0.085001 0
177 3
0.511369 0.007518 0
0.624524 0.008177 0
0.672551 0.085001 0
178 3
0.404895 0.084748 0
0.511369 0.007518 0
0.672551 0.085001 0
179 3
0.064538 0.129624 0
0.154146 0.073266 0
0.153782 0.153612 0
180 3
0.529124 0.868501 0
0.569013 0.992483 0
0.595071 0.745872 0
181 3
0.465621 0.004752 0
0.463204 0.048906 0
0.526713 0.006201 0
182 3
0.431589 0.028035 0
0.360089 0.097817 0
0.376287 0.026758 0
183 3
0.463204 0.048906 0
0.465621 0.004752 0
0.360629 0.051098 0
184 3
0.601077 0.049556 0
0.715457 0.050406 0
0.715533 0.004686 0
185 3
0.601077 0.049556 0
0.715533 0.004686 0
0.600825 0.005108 0
186 3
0.480502 0.532618 0
0.491557 0.833236 0
0.534667 0.755111 0
187 3
0.480502 0.532618 0
0.544944 0.675305 0
0.541069 0.624189 0
188 3
0.544944 0.675305 0
0.480502 0.532618 0
0.534667 0.755111 0
189 3
0.480502 0.532618 0
0.541069 0.624189 0
0.556136 0.476992 0
190 3
0.121940 0.477450 0
0.124854 0.404869 0
0.144187 0.442714 0
191 3
0.086327 0.439071 0
0.079166 0.390410 0
0.124854 0.404869 0
192 3
0.121940 0.477450 0
0.086327 0.439071 0
0.124854 0.404869 0
193 3
0.043092 0.478243 0
0.011775 0.479460 0
0.033489 0.400378 0
194 3
0.079166 0.390410 0
0.086327 0.439071 0
0.033489 0.400378 0
195 3
0.136181 0.691646 0
0.111241 0.689493 0
0.136852 0.643642 0
196 3
0.137544 0.715865 0
0.111241 0.689493 0
0.136181 0.691646 0
197 3
0.373354 0.394127 0
0.488377 0.389985 0
0.366104 0.128569 0
198 3
0.373354 0.394127 0
0.436706 0.477597 0
0.488377 0.389985 0
199 3
0.144897 0.482775 0
0.121940 0.477450 0
0.144187 0.442714 0
200 3
0.079166 0.390410 0
0.033489 0.400378 0
0.064538 0.129624 0
201 3
0.480502 0.532618 0
0.436706 0.477597 0
0.386533 0.596854 0
202 3
0.011775 0.479460 0
0.043092 0.478243 0
0.039187 0.590368 0
203 3
0.043092 0.478243 0
0.085948 0.510655 0
0.039187 0.590368 0
204 3
0.085948 0.510655 0
0.086327 0.439071 0
0.121940 0.477450 0
205 3
0.043092 0.478243 0
0.086327 0.439071 0
0.085948 0.510655 0
206 3
0.085948 0.510655 0
0.121940 0.477450 0
0.112301 0.648516 0
207 3
0.085948 0.510655 0
0.112301 0.648516 0
0.039187 0.590368 0
208 3
0.039187 0.590368 0
0.112301 0.648516 0
0.111241 0.689493 0
209 3
0.146071 0.527115 0
0.112301 0.648516 0
0.144897 0.482775 0
210 3
0.112301 0.648516 0
0.136852 0.643642 0
0.111241 0.689493 0
211 3
0.146071 0.527115 0
0.136852 0.643642 0
0.112301 0.648516 0
212 3
0.112301 0.648516 0
0.121940 0.477450 0
0.144897 0.482775 0
213 3
0.791731 0.990605 0
0.886138 0.989969 0
0.789693 0.989969 0
214 3
0.679242 0.992167 0
0.586170 0.992827 0
0.680995 0.991525 0
215 3
0.586170 0.992827 0
0.569013 0.992483 0
0.680995 0.991525 0
216 3
0.586170 0.992827 0
0.518776 0.991183 0
0.569013 0.992483 0
217 3
0.518776 0.991183 0
0.503290 0.944052 0
0.503290 0.944052 0
218 3
0.518776 0.991183 0
0.503290 0.944052 0
0.518776 0.991183 0
219 3
0.586170 0.992827 0
0.518776 0.991183 0
0.518776 0.991183 0
220 3
0.886151 0.125312 0
0.796256 0.046516 0
0.789676 0.125312 0
221 3
0.886151 0.125312 0
0.877558 0.046516 0
0.796256 0.046516 0
222 3
0.860966 0.006010 0
0.657927 0.087226 0
0.860238 0.087646 0
223 3
0.877558 0.046516 0
0.862677 0.004951 0
0.809135 0.004951 0
224 3
0.877558 0.046516 0
0.809135 0.004951 0
0.796256 0.046516 0
225 3
0.886300 0.309976 0
0.789676 0.125312 0
0.789486 0.309976 0
226 3
0.886300 0.309976 0
0.886151 0.125312 0
0.789676 0.125312 0
227 3
0.886250 0.437968 0
0.789486 0.309976 0
0.789550 0.437968 0
228 3
0.886250 0.437968 0
0.886300 0.309976 0
0.789486 0.309976 0
229 3
0.886133 0.731481 0
0.789622 0.570209 0
0.789698 0.731481 0
230 3
0.886133 0.731481 0
0.886193 0.570209 0
0.789622 0.570209 0
231 3
0.886138 0.989969 0
0.789698 0.731481 0
0.789693 0.989969 0
232 3
0.886138 0.989969 0
0.886133 0.731481 0
0.789698 0.731481 0
233 3
0.679242 0.992167 0
0.680995 0.991525 0
0.788858 0.991353 0
234 3
0.431583 0.127134 0
0.431589 0.028035 0
0.498673 0.086706 0
235 3
0.136181 0.691646 0
0.169419 0.643642 0
0.165776 0.691646 0
236 3
0.136181 0.691646 0
0.136852 0.643642 0
0.169419 0.643642 0
237 3
0.137544 0.715865 0
0.165776 0.691646 0
0.164413 0.715865 0
238 3
0.136181 0.691646 0
0.165776 0.691646 0
0.137544 0.715865 0
239 3
0.124854 0.404869 0
0.153782 0.153612 0
0.187642 0.404869 0
240 3
0.144187 0.442714 0
0.187642 0.404869 0
0.172389 0.442714 0
241 3
0.144187 0.442714 0
0.124854 0.404869 0
0.187642 0.404869 0
242 3
0.144897 0.482775 0
0.172389 0.442714 0
0.171679 0.482775 0
243 3
0.144187 0.442714 0
0.172389 0.442714 0
0.144897 0.482775 0
244 3
0.170340 0.527115 0
0.169419 0.643642 0
0.136852 0.643642 0
245 3
0.146071 0.527115 0
0.170340 0.527115 0
0.136852 0.643642 0
246 3
0.171679 0.482775 0
0.170340 0.527115 0
0.146071 0.527115 0
247 3
0.144897 0.482775 0
0.171679 0.482775 0
0.146071 0.527115 0
248 3
0.534667 0.755111 0
0.544944 0.675305 0
0.593634 0.674063 0
249 3
0.915546 0.988145 0
0.915291 0.970371 0
0.993836 0.982506 0
250 3
0.915546 0.988145 0
0.993836 0.982506 0
0.992485 0.981599 0
251 3
0.595071 0.745872 0
0.707564 0.583222 0
0.694805 0.733691 0
252 3
0.694805 0.733691 0
0.707564 0.583222 0
0.801208 0.564680 0
253 3
0.694805 0.733691 0
0.801208 0.564680 0
0.798854 0.730399 0
254 3
0.803552 0.127183 0
0.715457 0.050406 0
0.803362 0.049149 0
255 3
0.714741 0.128616 0
0.715457 0.050406 0
0.803552 0.127183 0
256 3
0.714741 0.128616 0
0.601077 0.049556 0
0.715457 0.050406 0
257 3
0.600820 0.128389 0
0.601077 0.049556 0
0.714741 0.128616 0
258 3
0.600820 0.128389 0
0.463204 0.048906 0
0.601077 0.049556 0
259 3
0.474531 0.128450 0
0.463204 0.048906 0
0.600820 0.128389 0
260 3
0.575165 0.412886 0
0.604756 0.346309 0
0.640060 0.412081 0
261 3
0.518776 0.991183 0
0.503290 0.944052 0
0.569013 0.992483 0
262 3
0.503290 0.944052 0
0.529124 0.868501 0
0.569013 0.992483 0
263 3
0.992485 0.981599 0
0.915615 0.946511 0
0.915546 0.988145 0
264 3
0.991121 0.785562 0
0.990067 0.791139 0
0.915077 0.775566 0
265 3
0.989911 0.919149 0
0.914942 0.814687 0
0.989702 0.852892 0
266 3
0.989911 0.919149 0
0.914989 0.910094 0
0.914942 0.814687 0
267 3
0.993836 0.982506 0
0.914989 0.910094 0
0.989911 0.919149 0
268 3
0.993836 0.982506 0
0.915291 0.970371 0
0.914989 0.910094 0
269 3
0.601077 0.049556 0
0.526713 0.006201 0
0.600825 0.005108 0
270 3
0.463204 0.048906 0
0.526713 0.006201 0
0.601077 0.049556 0
271 3
0.612370 0.004944 0
0.657927 0.087226 0
0.718820 0.004689 0
272 3
0.716293 0.448485 0
0.803593 0.309186 0
0.801356 0.439520 0
273 3
0.716293 0.448485 0
0.714007 0.320369 0
0.803593 0.309186 0
274 3
0.803593 0.309186 0
0.714741 0.128616 0
0.803552 0.127183 0
275 3
0.803593 0.309186 0
0.714007 0.320369 0
0.714741 0.128616 0
276 3
0.803362 0.049149 0
0.715533 0.004686 0
0.802228 0.004951 0
277 3
0.803362 0.049149 0
0.715457 0.050406 0
0.715533 0.004686 0
278 3
0.796718 0.004666 0
0.657927 0.087226 0
0.860966 0.006010 0
279 3
0.529124 0.868501 0
0.491557 0.833236 0
0.534667 0.755111 0
280 3
0.529124 0.868501 0
0.534667 0.755111 0
0.595071 0.745872 0
281 3
0.718820 0.004689 0
0.657927 0.087226 0
0.796718 0.004666 0
282 3
0.507228 0.005452 0
0.657927 0.087226 0
0.612370 0.004944 0
283 3
0.390280 0.088242 0
0.657927 0.087226 0
0.507228 0.005452 0
284 3
0.529124 0.868501 0
0.595071 0.745872 0
0.569013 0.992483 0
285 3
0.465621 0.004752 0
0.526713 0.006201 0
0.463204 0.048906 0
286 3
0.431589 0.028035 0
0.487057 0.015647 0
0.498673 0.086706 0
287 3
0.463204 0.048906 0
0.360629 0.051098 0
0.465621 0.004752 0
288 3
0.601077 0.049556 0
0.715533 0.004686 0
0.715457 0.050406 0
289 3
0.601077 0.049556 0
0.600825 0.005108 0
0.715533 0.004686 0
290 3
0.481412 0.533151 0
0.534667 0.755111 0
0.491557 0.833236 0
291 3
0.481412 0.533151 0
0.541069 0.624189 0
0.544944 0.675305 0
292 3
0.544944 0.675305 0
0.534667 0.755111 0
0.481412 0.533151 0
293 3
0.481412 0.533151 0
0.556136 0.476992 0
0.541069 0.624189 0
294 3
0.190471 0.477741 0
0.172389 0.442714 0
0.187642 0.404869 0
295 3
0.226084 0.439363 0
0.187642 0.404869 0
0.237245 0.390410 0
296 3
0.190471 0.477741 0
0.187642 0.404869 0
0.226084 0.439363 0
297 3
0.265532 0.478535 0
0.275699 0.400378 0
0.292225 0.479460 0
298 3
0.237245 0.390410 0
0.275699 0.400378 0
0.226084 0.439363 0
299 3
0.165776 0.691646 0
0.169419 0.643642 0
0.191742 0.689493 0
300 3
0.164413 0.715865 0
0.165776 0.691646 0
0.191742 0.689493 0
301 3
0.373354 0.394127 0
0.366104 0.128569 0
0.488377 0.389985 0
302 3
0.373354 0.394127 0
0.488377 0.389985 0
0.436706 0.477597 0
303 3
0.171679 0.482775 0
0.172389 0.442714 0
0.190471 0.477741 0
304 3
0.237245 0.390410 0
0.243025 0.129624 0
0.275699 0.400378 0
305 3
0.481412 0.533151 0
0.386533 0.596854 0
0.436706 0.477597 0
306 3
0.292225 0.479460 0
0.273146 0.590368 0
0.265532 0.478535 0
307 3
0.265532 0.478535 0
0.273146 0.590368 0
0.226462 0.510946 0
308 3
0.226462 0.510946 0
0.190471 0.477741 0
0.226084 0.439363 0
309 3
0.226462 0.510946 0
0.226084 0.439363 0
0.265532 0.478535 0
310 3
0.226462 0.510946 0
0.194767 0.648516 0
0.190471 0.477741 0
311 3
0.226462 0.510946 0
0.273146 0.590368 0
0.194767 0.648516 0
312 3
0.273146 0.590368 0
0.191742 0.689493 0
0.194767 0.648516 0
313 3
0.170340 0.527115 0
0.171679 0.482775 0
0.194767 0.648516 0
314 3
0.194767 0.648516 0
0.191742 0.689493 0
0.169419 0.643642 0
315 3
0.170340 0.527115 0
0.194767 0.648516 0
0.169419 0.643642 0
316 3
0.194767 0.648516 0
0.171679 0.482775 0
0.190471 0.477741 0
4
0.000000 -90.000000 0.000000
0.000000 180.000000 0.000000
0.000000 0.000000 0.000000
14.283227 27.566454 16.597532
4
0.000000 0.000000 0.000000
0.000000 0.000000 0.000000
0.000000 0.000000 0.000000
10.332342 22.045736 16.189039
4
0.000000 -90.000000 0.000000
0.000000 0.000000 0.000000
0.000000 0.000000 0.000000
17.481413 5.462405 11.471909
4
0.000000 0.000000 0.000000
0.000000 0.000000 0.000000
0.000000 0.000000 0.000000
6.164814 26.867493 16.516153
4
-90.000000 0.000000 0.000000
0.000000 0.000000 0.000000
0.000000 0.000000 0.000000
6.186727 3.593363 9.711649
4
0.000000 0.000000 0.000000
0.000000 0.000000 0.000000
0.000000 0.000000 0.000000
1.000000 1.000000 1.000000
4
0.000000 0.000000 0.000000
0.000000 0.000000 0.000000
0.000000 0.000000 0.000000
1.000000 1.000000 1.000000
