1
8
Vancouver\LWO\hd_breev.tga
Vancouver\LWO\hd_breev.tga
Vancouver\LWO\hd_breev.tga
Vancouver\LWO\hd_breev.tga
Vancouver\LWO\hd_breev.tga
Vancouver\LWO\hd_breev.tga
Vancouver\LWO\hd_breev.tga
Vancouver\LWO\hd_breev.tga
319
0 3
0.361931 0.941977 0
0.489552 0.837153 0
0.518481 0.863874 0
1 3
0.361931 0.941977 0
0.407314 0.952777 0
0.518481 0.863874 0
2 3
0.361931 0.941977 0
0.518481 0.863874 0
0.407314 0.952777 0
3 3
0.361931 0.941977 0
0.518481 0.863874 0
0.489552 0.837153 0
4 3
0.120804 0.906129 0
0.075811 0.887081 0
0.118309 0.820939 0
5 3
0.188377 0.821043 0
0.235043 0.887081 0
0.190049 0.906129 0
6 3
0.064766 0.808040 0
0.118309 0.820939 0
0.075811 0.887081 0
7 3
0.246514 0.808040 0
0.235043 0.887081 0
0.188377 0.821043 0
8 3
0.118309 0.820939 0
0.155426 0.861862 0
0.120804 0.906129 0
9 3
0.190049 0.906129 0
0.155426 0.861862 0
0.188377 0.821043 0
10 3
0.407314 0.952777 0
0.407314 0.952777 0
0.361931 0.941977 0
11 3
0.407314 0.952777 0
0.361931 0.941977 0
0.361931 0.941977 0
12 3
0.104892 0.967131 0
0.120804 0.906129 0
0.190049 0.906129 0
13 3
0.104892 0.967131 0
0.190049 0.906129 0
0.206966 0.967131 0
14 3
0.118309 0.820939 0
0.188377 0.821043 0
0.155426 0.861862 0
15 3
0.075811 0.887081 0
0.120804 0.906129 0
0.104892 0.967131 0
16 3
0.235043 0.887081 0
0.206966 0.967131 0
0.190049 0.906129 0
17 3
0.190049 0.906129 0
0.120804 0.906129 0
0.155426 0.861862 0
18 3
0.603070 0.228386 0
0.630951 0.409439 0
0.715976 0.395049 0
19 3
0.603070 0.228386 0
0.715567 0.218789 0
0.715976 0.395049 0
20 3
0.630951 0.409439 0
0.660872 0.468484 0
0.715976 0.395049 0
21 3
0.715976 0.395049 0
0.660872 0.468484 0
0.630951 0.409439 0
22 3
0.715313 0.989251 0
0.805295 0.989350 0
0.805980 0.747613 0
23 3
0.715313 0.989251 0
0.716325 0.751307 0
0.805980 0.747613 0
24 3
0.715313 0.989251 0
0.805980 0.747613 0
0.716325 0.751307 0
25 3
0.715313 0.989251 0
0.805980 0.747613 0
0.805295 0.989350 0
26 3
0.411944 0.079119 0
0.511737 0.238916 0
0.500352 0.061529 0
27 3
0.411944 0.079119 0
0.500352 0.061529 0
0.501351 0.009458 0
28 3
0.411944 0.079119 0
0.501351 0.009458 0
0.500352 0.061529 0
29 3
0.411944 0.079119 0
0.500352 0.061529 0
0.511737 0.238916 0
30 3
0.612868 0.423855 0
0.547016 0.629421 0
0.558545 0.677570 0
31 3
0.612868 0.423855 0
0.589278 0.667634 0
0.558545 0.677570 0
32 3
0.612868 0.423855 0
0.558545 0.677570 0
0.589278 0.667634 0
33 3
0.612868 0.423855 0
0.558545 0.677570 0
0.547016 0.629421 0
34 3
0.612868 0.423855 0
0.576160 0.464263 0
0.547016 0.629421 0
35 3
0.547016 0.629421 0
0.576160 0.464263 0
0.612868 0.423855 0
36 3
0.656292 0.606599 0
0.586606 0.689245 0
0.716653 0.649475 0
37 3
0.716653 0.649475 0
0.714728 0.523231 0
0.656292 0.606599 0
38 3
0.716653 0.649475 0
0.586606 0.689245 0
0.656292 0.606599 0
39 3
0.656292 0.606599 0
0.714728 0.523231 0
0.716653 0.649475 0
40 3
0.489552 0.837153 0
0.502101 0.520143 0
0.413791 0.529420 0
41 3
0.489552 0.837153 0
0.390641 0.746611 0
0.413791 0.529420 0
42 3
0.489552 0.837153 0
0.413791 0.529420 0
0.390641 0.746611 0
43 3
0.489552 0.837153 0
0.413791 0.529420 0
0.502101 0.520143 0
44 3
0.188377 0.821043 0
0.177645 0.729758 0
0.207160 0.690081 0
45 3
0.246514 0.808040 0
0.188377 0.821043 0
0.207160 0.690081 0
46 3
0.177645 0.729758 0
0.188377 0.821043 0
0.118309 0.820939 0
47 3
0.177645 0.729758 0
0.118309 0.820939 0
0.131517 0.729758 0
48 3
0.177645 0.729758 0
0.131517 0.729758 0
0.155621 0.680963 0
49 3
0.131517 0.729758 0
0.132769 0.682257 0
0.155621 0.680963 0
50 3
0.097833 0.693898 0
0.131517 0.729758 0
0.118309 0.820939 0
51 3
0.177645 0.729758 0
0.155621 0.680963 0
0.180557 0.682257 0
52 3
0.177645 0.729758 0
0.180557 0.682257 0
0.207160 0.690081 0
53 3
0.097833 0.693898 0
0.132769 0.682257 0
0.131517 0.729758 0
54 3
0.064766 0.808040 0
0.097833 0.693898 0
0.118309 0.820939 0
55 3
0.027888 0.497138 0
0.116875 0.546962 0
0.050664 0.686531 0
56 3
0.262442 0.686531 0
0.206755 0.546962 0
0.283247 0.497138 0
57 3
0.207160 0.690081 0
0.206755 0.546962 0
0.262442 0.686531 0
58 3
0.097833 0.693898 0
0.116875 0.546962 0
0.132802 0.681711 0
59 3
0.206755 0.546962 0
0.180524 0.681672 0
0.176390 0.559630 0
60 3
0.176390 0.559630 0
0.180524 0.681672 0
0.142837 0.559630 0
61 3
0.180524 0.681672 0
0.132802 0.681711 0
0.142837 0.559630 0
62 3
0.142837 0.559630 0
0.132802 0.681711 0
0.116875 0.546962 0
63 3
0.097833 0.693898 0
0.064766 0.808040 0
0.050664 0.686531 0
64 3
0.097833 0.693898 0
0.050664 0.686531 0
0.116875 0.546962 0
65 3
0.207160 0.690081 0
0.180524 0.681672 0
0.206755 0.546962 0
66 3
0.207160 0.690081 0
0.262442 0.686531 0
0.246514 0.808040 0
67 3
0.042031 0.388621 0
0.051168 0.350006 0
0.079273 0.346799 0
68 3
0.025555 0.305522 0
0.051168 0.350006 0
0.042031 0.388621 0
69 3
0.079273 0.346799 0
0.051168 0.350006 0
0.025555 0.305522 0
70 3
0.223637 0.346799 0
0.252966 0.350006 0
0.262963 0.388621 0
71 3
0.280372 0.305522 0
0.252966 0.350006 0
0.223637 0.346799 0
72 3
0.262963 0.388621 0
0.252966 0.350006 0
0.280372 0.305522 0
73 3
0.489552 0.837153 0
0.373519 0.888365 0
0.361931 0.941977 0
74 3
0.489552 0.837153 0
0.361931 0.941977 0
0.373519 0.888365 0
75 3
0.501351 0.009458 0
0.410686 0.009664 0
0.411944 0.079119 0
76 3
0.411944 0.079119 0
0.410686 0.009664 0
0.501351 0.009458 0
77 3
0.500352 0.061529 0
0.511737 0.238916 0
0.603070 0.228386 0
78 3
0.603070 0.228386 0
0.603119 0.061398 0
0.500352 0.061529 0
79 3
0.603070 0.228386 0
0.511737 0.238916 0
0.500352 0.061529 0
80 3
0.500352 0.061529 0
0.603119 0.061398 0
0.603070 0.228386 0
81 3
0.502101 0.520143 0
0.576160 0.464263 0
0.511737 0.238916 0
82 3
0.511737 0.238916 0
0.461722 0.379828 0
0.502101 0.520143 0
83 3
0.511737 0.238916 0
0.576160 0.464263 0
0.502101 0.520143 0
84 3
0.502101 0.520143 0
0.461722 0.379828 0
0.511737 0.238916 0
85 3
0.585890 0.751436 0
0.530006 0.990653 0
0.715313 0.989251 0
86 3
0.715313 0.989251 0
0.716325 0.751307 0
0.585890 0.751436 0
87 3
0.715313 0.989251 0
0.530006 0.990653 0
0.585890 0.751436 0
88 3
0.585890 0.751436 0
0.716325 0.751307 0
0.715313 0.989251 0
89 3
0.612868 0.423855 0
0.589278 0.667634 0
0.630393 0.608143 0
90 3
0.630393 0.608143 0
0.643399 0.471196 0
0.612868 0.423855 0
91 3
0.612868 0.423855 0
0.643399 0.471196 0
0.630393 0.608143 0
92 3
0.612868 0.423855 0
0.630393 0.608143 0
0.589278 0.667634 0
93 3
0.586606 0.689245 0
0.539570 0.760784 0
0.585890 0.751436 0
94 3
0.586606 0.689245 0
0.585890 0.751436 0
0.716653 0.649475 0
95 3
0.586606 0.689245 0
0.716653 0.649475 0
0.585890 0.751436 0
96 3
0.586606 0.689245 0
0.585890 0.751436 0
0.539570 0.760784 0
97 3
0.373519 0.888365 0
0.489552 0.837153 0
0.385254 0.805005 0
98 3
0.390641 0.746611 0
0.385254 0.805005 0
0.489552 0.837153 0
99 3
0.390641 0.746611 0
0.489552 0.837153 0
0.385254 0.805005 0
100 3
0.373519 0.888365 0
0.385254 0.805005 0
0.489552 0.837153 0
101 3
0.716488 0.989608 0
0.715313 0.989251 0
0.532067 0.990966 0
102 3
0.532067 0.990966 0
0.715313 0.989251 0
0.530006 0.990653 0
103 3
0.532067 0.990966 0
0.530006 0.990653 0
0.440917 0.990961 0
104 3
0.716488 0.989608 0
0.805295 0.989350 0
0.715313 0.989251 0
105 3
0.743046 0.068899 0
0.675944 0.048711 0
0.743048 0.005266 0
106 3
0.153088 0.076693 0
0.088444 0.008361 0
0.153463 0.007627 0
107 3
0.539570 0.760784 0
0.586606 0.689245 0
0.544768 0.688959 0
108 3
0.915838 0.985577 0
0.991847 0.981038 0
0.914757 0.977158 0
109 3
0.915838 0.985577 0
0.988329 0.980796 0
0.991847 0.981038 0
110 3
0.585890 0.751436 0
0.716325 0.751307 0
0.716653 0.649475 0
111 3
0.716325 0.751307 0
0.806086 0.647651 0
0.716653 0.649475 0
112 3
0.716325 0.751307 0
0.805980 0.747613 0
0.806086 0.647651 0
113 3
0.804477 0.079228 0
0.805259 0.010746 0
0.715725 0.009109 0
114 3
0.716107 0.078862 0
0.804477 0.079228 0
0.715725 0.009109 0
115 3
0.716107 0.078862 0
0.715725 0.009109 0
0.603834 0.010856 0
116 3
0.603119 0.061398 0
0.716107 0.078862 0
0.603834 0.010856 0
117 3
0.603119 0.061398 0
0.603834 0.010856 0
0.501351 0.009458 0
118 3
0.500352 0.061529 0
0.603119 0.061398 0
0.501351 0.009458 0
119 3
0.603070 0.228386 0
0.715976 0.395049 0
0.715567 0.218789 0
120 3
0.586954 0.409663 0
0.630951 0.409439 0
0.603070 0.228386 0
121 3
0.586954 0.409663 0
0.603070 0.228386 0
0.511737 0.238916 0
122 3
0.714728 0.523231 0
0.804921 0.513611 0
0.804709 0.388414 0
123 3
0.714728 0.523231 0
0.804709 0.388414 0
0.715976 0.395049 0
124 3
0.656292 0.606599 0
0.714728 0.523231 0
0.715976 0.395049 0
125 3
0.656292 0.606599 0
0.715976 0.395049 0
0.660872 0.468484 0
126 3
0.716653 0.649475 0
0.806086 0.647651 0
0.804921 0.513611 0
127 3
0.716653 0.649475 0
0.804921 0.513611 0
0.714728 0.523231 0
128 3
0.440917 0.990961 0
0.530006 0.990653 0
0.407314 0.952777 0
129 3
0.407314 0.952777 0
0.530006 0.990653 0
0.518481 0.863874 0
130 3
0.988329 0.980796 0
0.915838 0.985577 0
0.916811 0.934473 0
131 3
0.511737 0.238916 0
0.576160 0.464263 0
0.586954 0.409663 0
132 3
0.913937 0.821332 0
0.917738 0.776785 0
0.986609 0.778834 0
133 3
0.986609 0.778834 0
0.917738 0.776785 0
0.987672 0.778643 0
134 3
0.989052 0.808416 0
0.987672 0.778643 0
0.917738 0.776785 0
135 3
0.913123 0.810713 0
0.989052 0.808416 0
0.917738 0.776785 0
136 3
0.990460 0.923382 0
0.989052 0.808416 0
0.913123 0.810713 0
137 3
0.990460 0.923382 0
0.913123 0.810713 0
0.914633 0.922628 0
138 3
0.991847 0.981038 0
0.990460 0.923382 0
0.914633 0.922628 0
139 3
0.991847 0.981038 0
0.914633 0.922628 0
0.914757 0.977158 0
140 3
0.563891 0.004903 0
0.564433 0.040476 0
0.650841 0.042689 0
141 3
0.720310 0.007711 0
0.563891 0.004903 0
0.650841 0.042689 0
142 3
0.975987 0.647234 0
0.977670 0.572095 0
0.913129 0.576836 0
143 3
0.715976 0.395049 0
0.804709 0.388414 0
0.806006 0.219121 0
144 3
0.715976 0.395049 0
0.806006 0.219121 0
0.715567 0.218789 0
145 3
0.806006 0.219121 0
0.804477 0.079228 0
0.716107 0.078862 0
146 3
0.806006 0.219121 0
0.716107 0.078862 0
0.715567 0.218789 0
147 3
0.365675 0.006044 0
0.367076 0.043202 0
0.463497 0.042544 0
148 3
0.365675 0.006044 0
0.463497 0.042544 0
0.465086 0.007142 0
149 3
0.976961 0.503060 0
0.915747 0.420852 0
0.913129 0.576836 0
150 3
0.518481 0.863874 0
0.539570 0.760784 0
0.489552 0.837153 0
151 3
0.518481 0.863874 0
0.585890 0.751436 0
0.539570 0.760784 0
152 3
0.977670 0.572095 0
0.976961 0.503060 0
0.913129 0.576836 0
153 3
0.979408 0.726608 0
0.975987 0.647234 0
0.913129 0.576836 0
154 3
0.915646 0.728212 0
0.979408 0.726608 0
0.913129 0.576836 0
155 3
0.153088 0.076693 0
0.058978 0.093643 0
0.088444 0.008361 0
156 3
0.518481 0.863874 0
0.530006 0.990653 0
0.585890 0.751436 0
157 3
0.603070 0.228386 0
0.715567 0.218789 0
0.716107 0.078862 0
158 3
0.603070 0.228386 0
0.716107 0.078862 0
0.603119 0.061398 0
159 3
0.759704 0.042041 0
0.720310 0.007711 0
0.650841 0.042689 0
160 3
0.870021 0.041673 0
0.829215 0.007013 0
0.759704 0.042041 0
161 3
0.720310 0.007711 0
0.759704 0.042041 0
0.829215 0.007013 0
162 3
0.563891 0.004903 0
0.465086 0.007142 0
0.463497 0.042544 0
163 3
0.563891 0.004903 0
0.463497 0.042544 0
0.564433 0.040476 0
164 3
0.502101 0.520143 0
0.489552 0.837153 0
0.539570 0.760784 0
165 3
0.502101 0.520143 0
0.544768 0.688959 0
0.547016 0.629421 0
166 3
0.544768 0.688959 0
0.502101 0.520143 0
0.539570 0.760784 0
167 3
0.502101 0.520143 0
0.547016 0.629421 0
0.576160 0.464263 0
168 3
0.106583 0.382820 0
0.125436 0.310620 0
0.143127 0.357407 0
169 3
0.079273 0.346799 0
0.082482 0.296015 0
0.125436 0.310620 0
170 3
0.106583 0.382820 0
0.079273 0.346799 0
0.125436 0.310620 0
171 3
0.042031 0.388621 0
0.015623 0.390131 0
0.025555 0.305522 0
172 3
0.082482 0.296015 0
0.079273 0.346799 0
0.025555 0.305522 0
173 3
0.141670 0.518096 0
0.116875 0.546962 0
0.141903 0.471696 0
174 3
0.142837 0.559630 0
0.116875 0.546962 0
0.141670 0.518096 0
175 3
0.410854 0.269034 0
0.511737 0.238916 0
0.411944 0.079119 0
176 3
0.410854 0.269034 0
0.461722 0.379828 0
0.511737 0.238916 0
177 3
0.125436 0.310620 0
0.082482 0.296015 0
0.058978 0.093643 0
178 3
0.125436 0.310620 0
0.058978 0.093643 0
0.153088 0.076693 0
179 3
0.143756 0.385176 0
0.106583 0.382820 0
0.143127 0.357407 0
180 3
0.082482 0.296015 0
0.025555 0.305522 0
0.058978 0.093643 0
181 3
0.502101 0.520143 0
0.461722 0.379828 0
0.413791 0.529420 0
182 3
0.015623 0.390131 0
0.042031 0.388621 0
0.027888 0.497138 0
183 3
0.042031 0.388621 0
0.078871 0.405403 0
0.027888 0.497138 0
184 3
0.078871 0.405403 0
0.079273 0.346799 0
0.106583 0.382820 0
185 3
0.042031 0.388621 0
0.079273 0.346799 0
0.078871 0.405403 0
186 3
0.078871 0.405403 0
0.106583 0.382820 0
0.117965 0.489536 0
187 3
0.078871 0.405403 0
0.117965 0.489536 0
0.027888 0.497138 0
188 3
0.027888 0.497138 0
0.117965 0.489536 0
0.116875 0.546962 0
189 3
0.141799 0.422583 0
0.117965 0.489536 0
0.143756 0.385176 0
190 3
0.117965 0.489536 0
0.141903 0.471696 0
0.116875 0.546962 0
191 3
0.141799 0.422583 0
0.141903 0.471696 0
0.117965 0.489536 0
192 3
0.117965 0.489536 0
0.106583 0.382820 0
0.143756 0.385176 0
193 3
0.807061 0.986744 0
0.879739 0.987273 0
0.738747 0.987273 0
194 3
0.716488 0.989608 0
0.532067 0.990966 0
0.715313 0.989251 0
195 3
0.532067 0.990966 0
0.530006 0.990653 0
0.715313 0.989251 0
196 3
0.532067 0.990966 0
0.440917 0.990961 0
0.530006 0.990653 0
197 3
0.440917 0.990961 0
0.407314 0.952777 0
0.407314 0.952777 0
198 3
0.440917 0.990961 0
0.407314 0.952777 0
0.440917 0.990961 0
199 3
0.532067 0.990966 0
0.440917 0.990961 0
0.440917 0.990961 0
200 3
0.878504 0.078897 0
0.753829 0.006569 0
0.738301 0.078897 0
201 3
0.878504 0.078897 0
0.860107 0.006569 0
0.753829 0.006569 0
202 3
0.987982 0.421041 0
0.913129 0.576836 0
0.915747 0.420852 0
203 3
0.860107 0.062125 0
0.832455 0.019513 0
0.781480 0.019513 0
204 3
0.860107 0.062125 0
0.781480 0.019513 0
0.753829 0.062125 0
205 3
0.880351 0.217901 0
0.738301 0.078897 0
0.736572 0.217901 0
206 3
0.880351 0.217901 0
0.878504 0.078897 0
0.738301 0.078897 0
207 3
0.880273 0.385160 0
0.736572 0.217901 0
0.736500 0.385160 0
208 3
0.880273 0.385160 0
0.880351 0.217901 0
0.736572 0.217901 0
209 3
0.880576 0.514045 0
0.736500 0.385160 0
0.735622 0.514045 0
210 3
0.880576 0.514045 0
0.880273 0.385160 0
0.736500 0.385160 0
211 3
0.880243 0.644449 0
0.735622 0.514045 0
0.735613 0.644449 0
212 3
0.880243 0.644449 0
0.880576 0.514045 0
0.735622 0.514045 0
213 3
0.879396 0.747765 0
0.735613 0.644449 0
0.734727 0.747765 0
214 3
0.879396 0.747765 0
0.880243 0.644449 0
0.735613 0.644449 0
215 3
0.879739 0.987273 0
0.734727 0.747765 0
0.738747 0.987273 0
216 3
0.879739 0.987273 0
0.879396 0.747765 0
0.734727 0.747765 0
217 3
0.716488 0.989608 0
0.715313 0.989251 0
0.805295 0.989350 0
218 3
0.743046 0.068899 0
0.743048 0.005266 0
0.806424 0.048711 0
219 3
0.153088 0.076693 0
0.153463 0.007627 0
0.218924 0.008361 0
220 3
0.141670 0.518096 0
0.177325 0.471696 0
0.177557 0.518096 0
221 3
0.141670 0.518096 0
0.141903 0.471696 0
0.177325 0.471696 0
222 3
0.142837 0.559630 0
0.177557 0.518096 0
0.176390 0.559630 0
223 3
0.141670 0.518096 0
0.177557 0.518096 0
0.142837 0.559630 0
224 3
0.125436 0.310620 0
0.153088 0.076693 0
0.185807 0.310620 0
225 3
0.143127 0.357407 0
0.185807 0.310620 0
0.168116 0.357407 0
226 3
0.143127 0.357407 0
0.125436 0.310620 0
0.185807 0.310620 0
227 3
0.143756 0.385176 0
0.168116 0.357407 0
0.167487 0.385176 0
228 3
0.143127 0.357407 0
0.168116 0.357407 0
0.143756 0.385176 0
229 3
0.169444 0.422583 0
0.177325 0.471696 0
0.141903 0.471696 0
230 3
0.141799 0.422583 0
0.169444 0.422583 0
0.141903 0.471696 0
231 3
0.167487 0.385176 0
0.169444 0.422583 0
0.141799 0.422583 0
232 3
0.143756 0.385176 0
0.167487 0.385176 0
0.141799 0.422583 0
233 3
0.539570 0.760784 0
0.544768 0.688959 0
0.586606 0.689245 0
234 3
0.921849 0.981410 0
0.924725 0.973285 0
0.987080 0.981474 0
235 3
0.921849 0.981410 0
0.987080 0.981474 0
0.990591 0.981240 0
236 3
0.585890 0.751436 0
0.716653 0.649475 0
0.716325 0.751307 0
237 3
0.716325 0.751307 0
0.716653 0.649475 0
0.806086 0.647651 0
238 3
0.716325 0.751307 0
0.806086 0.647651 0
0.805980 0.747613 0
239 3
0.804477 0.079228 0
0.715725 0.009109 0
0.805259 0.010746 0
240 3
0.716107 0.078862 0
0.715725 0.009109 0
0.804477 0.079228 0
241 3
0.716107 0.078862 0
0.603834 0.010856 0
0.715725 0.009109 0
242 3
0.603119 0.061398 0
0.603834 0.010856 0
0.716107 0.078862 0
243 3
0.603119 0.061398 0
0.501351 0.009458 0
0.603834 0.010856 0
244 3
0.500352 0.061529 0
0.501351 0.009458 0
0.603119 0.061398 0
245 3
0.603070 0.228386 0
0.715976 0.395049 0
0.630951 0.409439 0
246 3
0.586954 0.409663 0
0.603070 0.228386 0
0.630951 0.409439 0
247 3
0.586954 0.409663 0
0.511737 0.238916 0
0.603070 0.228386 0
248 3
0.714728 0.523231 0
0.804709 0.388414 0
0.804921 0.513611 0
249 3
0.714728 0.523231 0
0.715976 0.395049 0
0.804709 0.388414 0
250 3
0.656292 0.606599 0
0.715976 0.395049 0
0.714728 0.523231 0
251 3
0.656292 0.606599 0
0.660872 0.468484 0
0.715976 0.395049 0
252 3
0.716653 0.649475 0
0.804921 0.513611 0
0.806086 0.647651 0
253 3
0.716653 0.649475 0
0.714728 0.523231 0
0.804921 0.513611 0
254 3
0.440917 0.990961 0
0.407314 0.952777 0
0.530006 0.990653 0
255 3
0.407314 0.952777 0
0.518481 0.863874 0
0.530006 0.990653 0
256 3
0.990591 0.981240 0
0.918509 0.932093 0
0.921849 0.981410 0
257 3
0.511737 0.238916 0
0.586954 0.409663 0
0.576160 0.464263 0
258 3
0.914562 0.777422 0
0.917782 0.820408 0
0.985119 0.783843 0
259 3
0.985119 0.783843 0
0.984056 0.783659 0
0.914562 0.777422 0
260 3
0.986275 0.812390 0
0.914562 0.777422 0
0.984056 0.783659 0
261 3
0.918594 0.810162 0
0.914562 0.777422 0
0.986275 0.812390 0
262 3
0.986668 0.925835 0
0.918594 0.810162 0
0.986275 0.812390 0
263 3
0.986668 0.925835 0
0.918886 0.920663 0
0.918594 0.810162 0
264 3
0.987080 0.981474 0
0.918886 0.920663 0
0.986668 0.925835 0
265 3
0.987080 0.981474 0
0.924725 0.973285 0
0.918886 0.920663 0
266 3
0.563891 0.004903 0
0.650841 0.042689 0
0.564433 0.040476 0
267 3
0.720310 0.007711 0
0.650841 0.042689 0
0.563891 0.004903 0
268 3
0.987217 0.647250 0
0.913129 0.576836 0
0.988957 0.572135 0
269 3
0.715976 0.395049 0
0.806006 0.219121 0
0.804709 0.388414 0
270 3
0.715976 0.395049 0
0.715567 0.218789 0
0.806006 0.219121 0
271 3
0.806006 0.219121 0
0.716107 0.078862 0
0.804477 0.079228 0
272 3
0.806006 0.219121 0
0.715567 0.218789 0
0.716107 0.078862 0
273 3
0.365675 0.006044 0
0.463497 0.042544 0
0.367076 0.043202 0
274 3
0.365675 0.006044 0
0.465086 0.007142 0
0.463497 0.042544 0
275 3
0.988313 0.503154 0
0.913129 0.576836 0
0.987982 0.421041 0
276 3
0.518481 0.863874 0
0.489552 0.837153 0
0.539570 0.760784 0
277 3
0.518481 0.863874 0
0.539570 0.760784 0
0.585890 0.751436 0
278 3
0.988957 0.572135 0
0.913129 0.576836 0
0.988313 0.503154 0
279 3
0.988549 0.726623 0
0.913129 0.576836 0
0.987217 0.647250 0
280 3
0.915646 0.728212 0
0.913129 0.576836 0
0.988549 0.726623 0
281 3
0.153088 0.076693 0
0.218924 0.008361 0
0.247198 0.093643 0
282 3
0.518481 0.863874 0
0.585890 0.751436 0
0.530006 0.990653 0
283 3
0.603070 0.228386 0
0.716107 0.078862 0
0.715567 0.218789 0
284 3
0.603070 0.228386 0
0.603119 0.061398 0
0.716107 0.078862 0
285 3
0.759704 0.042041 0
0.650841 0.042689 0
0.720310 0.007711 0
286 3
0.870021 0.041673 0
0.759704 0.042041 0
0.829215 0.007013 0
287 3
0.720310 0.007711 0
0.829215 0.007013 0
0.759704 0.042041 0
288 3
0.563891 0.004903 0
0.463497 0.042544 0
0.465086 0.007142 0
289 3
0.563891 0.004903 0
0.564433 0.040476 0
0.463497 0.042544 0
290 3
0.502101 0.520143 0
0.539570 0.760784 0
0.489552 0.837153 0
291 3
0.502101 0.520143 0
0.547016 0.629421 0
0.544768 0.688959 0
292 3
0.544768 0.688959 0
0.539570 0.760784 0
0.502101 0.520143 0
293 3
0.502101 0.520143 0
0.576160 0.464263 0
0.547016 0.629421 0
294 3
0.192160 0.382820 0
0.168116 0.357407 0
0.185807 0.310620 0
295 3
0.223637 0.346799 0
0.185807 0.310620 0
0.228761 0.296015 0
296 3
0.192160 0.382820 0
0.185807 0.310620 0
0.223637 0.346799 0
297 3
0.262963 0.388621 0
0.280372 0.305522 0
0.291115 0.390131 0
298 3
0.228761 0.296015 0
0.280372 0.305522 0
0.223637 0.346799 0
299 3
0.177557 0.518096 0
0.177325 0.471696 0
0.206755 0.546962 0
300 3
0.176390 0.559630 0
0.177557 0.518096 0
0.206755 0.546962 0
301 3
0.410854 0.269034 0
0.411944 0.079119 0
0.511737 0.238916 0
302 3
0.410854 0.269034 0
0.511737 0.238916 0
0.461722 0.379828 0
303 3
0.185807 0.310620 0
0.247198 0.093643 0
0.228761 0.296015 0
304 3
0.185807 0.310620 0
0.153088 0.076693 0
0.247198 0.093643 0
305 3
0.167487 0.385176 0
0.168116 0.357407 0
0.192160 0.382820 0
306 3
0.228761 0.296015 0
0.247198 0.093643 0
0.280372 0.305522 0
307 3
0.502101 0.520143 0
0.413791 0.529420 0
0.461722 0.379828 0
308 3
0.291115 0.390131 0
0.283247 0.497138 0
0.262963 0.388621 0
309 3
0.262963 0.388621 0
0.283247 0.497138 0
0.224039 0.405403 0
310 3
0.224039 0.405403 0
0.192160 0.382820 0
0.223637 0.346799 0
311 3
0.224039 0.405403 0
0.223637 0.346799 0
0.262963 0.388621 0
312 3
0.224039 0.405403 0
0.205428 0.489536 0
0.192160 0.382820 0
313 3
0.224039 0.405403 0
0.283247 0.497138 0
0.205428 0.489536 0
314 3
0.283247 0.497138 0
0.206755 0.546962 0
0.205428 0.489536 0
315 3
0.169444 0.422583 0
0.167487 0.385176 0
0.205428 0.489536 0
316 3
0.205428 0.489536 0
0.206755 0.546962 0
0.177325 0.471696 0
317 3
0.169444 0.422583 0
0.205428 0.489536 0
0.177325 0.471696 0
318 3
0.205428 0.489536 0
0.167487 0.385176 0
0.192160 0.382820 0
4
0.000000 -90.000000 0.000000
0.000000 180.000000 0.000000
0.000000 0.000000 0.000000
13.998283 26.996567 16.614098
4
0.000000 0.000000 0.000000
0.000000 0.000000 0.000000
0.000000 0.000000 0.000000
10.552397 21.323933 15.938165
4
0.000000 0.000000 0.000000
0.000000 0.000000 0.000000
0.000000 0.000000 0.000000
16.751722 5.291666 11.021694
4
0.000000 0.000000 0.000000
0.000000 0.000000 0.000000
0.000000 0.000000 0.000000
5.535460 25.494791 15.515125
4
0.000000 0.000000 0.000000
0.000000 0.000000 0.000000
0.000000 0.000000 0.000000
1.000000 1.000000 1.000000
4
0.000000 0.000000 0.000000
0.000000 0.000000 0.000000
0.000000 0.000000 0.000000
1.000000 1.000000 1.000000
4
0.000000 0.000000 0.000000
0.000000 0.000000 0.000000
0.000000 0.000000 0.000000
1.000000 1.000000 1.000000
4
0.000000 0.000000 0.000000
0.000000 0.000000 0.000000
0.000000 0.000000 0.000000
1.000000 1.000000 1.000000
