1
5
Utah\LWO\hd_bruss.tga
Utah\LWO\hd_bruss.tga
Utah\LWO\hd_bruss.tga
Utah\LWO\hd_bruss.tga
Utah\LWO\hd_bruss.tga
313
0 3
0.682545 0.433307 0
0.669367 0.551150 0
0.731210 0.546151 0
1 3
0.731210 0.546151 0
0.742058 0.369524 0
0.682545 0.433307 0
2 3
0.731210 0.546151 0
0.669367 0.551150 0
0.682545 0.433307 0
3 3
0.682545 0.433307 0
0.742058 0.369524 0
0.731210 0.546151 0
4 3
0.807725 0.540715 0
0.808148 0.360248 0
0.742058 0.369524 0
5 3
0.742058 0.369524 0
0.731210 0.546151 0
0.807725 0.540715 0
6 3
0.885701 0.360743 0
0.807859 0.360743 0
0.806243 0.537308 0
7 3
0.885701 0.360743 0
0.806243 0.537308 0
0.885670 0.537308 0
8 3
0.742058 0.369524 0
0.808148 0.360248 0
0.807725 0.540715 0
9 3
0.807725 0.540715 0
0.731210 0.546151 0
0.742058 0.369524 0
10 3
0.727507 0.991327 0
0.726911 0.708684 0
0.807554 0.696446 0
11 3
0.727507 0.991327 0
0.807554 0.696446 0
0.726911 0.708684 0
12 3
0.726911 0.708684 0
0.807725 0.540715 0
0.731210 0.546151 0
13 3
0.726911 0.708684 0
0.807554 0.696446 0
0.807725 0.540715 0
14 3
0.726911 0.708684 0
0.731210 0.546151 0
0.807725 0.540715 0
15 3
0.726911 0.708684 0
0.807725 0.540715 0
0.807554 0.696446 0
16 3
0.885419 0.694021 0
0.806243 0.537308 0
0.806304 0.694021 0
17 3
0.885419 0.694021 0
0.885670 0.537308 0
0.806243 0.537308 0
18 3
0.885548 0.992444 0
0.806304 0.694021 0
0.806272 0.992444 0
19 3
0.727507 0.991327 0
0.726911 0.708684 0
0.600580 0.735868 0
20 3
0.600580 0.735868 0
0.726911 0.708684 0
0.727507 0.991327 0
21 3
0.638537 0.238149 0
0.736991 0.235463 0
0.723401 0.122457 0
22 3
0.638537 0.238149 0
0.723401 0.122457 0
0.616009 0.124652 0
23 3
0.638537 0.238149 0
0.616009 0.124652 0
0.723401 0.122457 0
24 3
0.638537 0.238149 0
0.723401 0.122457 0
0.736991 0.235463 0
25 3
0.608452 0.616727 0
0.638011 0.368937 0
0.570169 0.545395 0
26 3
0.570169 0.545395 0
0.586947 0.629921 0
0.608452 0.616727 0
27 3
0.570169 0.545395 0
0.638011 0.368937 0
0.608452 0.616727 0
28 3
0.608452 0.616727 0
0.586947 0.629921 0
0.570169 0.545395 0
29 3
0.485026 0.496637 0
0.494212 0.860968 0
0.563400 0.750455 0
30 3
0.485026 0.496637 0
0.563400 0.750455 0
0.566702 0.641106 0
31 3
0.485026 0.496637 0
0.566702 0.641106 0
0.570169 0.545395 0
32 3
0.563400 0.750455 0
0.494212 0.860968 0
0.485026 0.496637 0
33 3
0.485026 0.496637 0
0.570169 0.545395 0
0.566702 0.641106 0
34 3
0.485026 0.496637 0
0.566702 0.641106 0
0.563400 0.750455 0
35 3
0.468859 0.970744 0
0.494212 0.860968 0
0.362659 0.948664 0
36 3
0.362659 0.948664 0
0.355089 0.993191 0
0.468859 0.970744 0
37 3
0.362659 0.948664 0
0.494212 0.860968 0
0.468859 0.970744 0
38 3
0.468859 0.970744 0
0.355089 0.993191 0
0.362659 0.948664 0
39 3
0.609342 0.365427 0
0.638537 0.238149 0
0.480789 0.258783 0
40 3
0.609342 0.365427 0
0.480789 0.258783 0
0.638537 0.238149 0
41 3
0.480789 0.258783 0
0.587922 0.400161 0
0.609342 0.365427 0
42 3
0.480789 0.258783 0
0.609342 0.365427 0
0.587922 0.400161 0
43 3
0.468859 0.970744 0
0.556473 0.873590 0
0.494212 0.860968 0
44 3
0.494212 0.860968 0
0.556473 0.873590 0
0.468859 0.970744 0
45 3
0.494212 0.860968 0
0.485026 0.496637 0
0.422324 0.522450 0
46 3
0.494212 0.860968 0
0.394002 0.697331 0
0.422324 0.522450 0
47 3
0.494212 0.860968 0
0.422324 0.522450 0
0.394002 0.697331 0
48 3
0.494212 0.860968 0
0.422324 0.522450 0
0.485026 0.496637 0
49 3
0.275895 0.127055 0
0.206793 0.257956 0
0.174234 0.140523 0
50 3
0.275895 0.127055 0
0.174234 0.140523 0
0.174573 0.053845 0
51 3
0.138625 0.257956 0
0.079066 0.246822 0
0.072766 0.127055 0
52 3
0.206793 0.257956 0
0.275895 0.127055 0
0.266061 0.246822 0
53 3
0.138625 0.257956 0
0.072766 0.127055 0
0.174234 0.140523 0
54 3
0.494212 0.860968 0
0.394002 0.697331 0
0.377453 0.812176 0
55 3
0.494212 0.860968 0
0.377453 0.812176 0
0.394002 0.697331 0
56 3
0.072766 0.127055 0
0.092846 0.048474 0
0.174573 0.053845 0
57 3
0.275895 0.127055 0
0.174573 0.053845 0
0.252616 0.048474 0
58 3
0.072766 0.127055 0
0.174573 0.053845 0
0.174234 0.140523 0
59 3
0.140071 0.932999 0
0.095589 0.950541 0
0.081605 0.807427 0
60 3
0.263566 0.807427 0
0.249583 0.950541 0
0.205101 0.932999 0
61 3
0.137000 0.808403 0
0.140071 0.932999 0
0.081605 0.807427 0
62 3
0.208172 0.808515 0
0.263566 0.807427 0
0.205101 0.932999 0
63 3
0.566702 0.641106 0
0.563400 0.750455 0
0.600580 0.735868 0
64 3
0.566702 0.641106 0
0.600580 0.735868 0
0.618399 0.638773 0
65 3
0.566702 0.641106 0
0.618399 0.638773 0
0.600580 0.735868 0
66 3
0.566702 0.641106 0
0.600580 0.735868 0
0.563400 0.750455 0
67 3
0.096273 0.706824 0
0.116311 0.557436 0
0.145923 0.627196 0
68 3
0.145923 0.627196 0
0.146273 0.672445 0
0.096273 0.706824 0
69 3
0.199494 0.627196 0
0.229106 0.557436 0
0.242895 0.707553 0
70 3
0.242895 0.707553 0
0.199145 0.672408 0
0.199494 0.627196 0
71 3
0.146273 0.672445 0
0.145923 0.627196 0
0.199494 0.627196 0
72 3
0.146273 0.672445 0
0.199494 0.627196 0
0.199145 0.672408 0
73 3
0.145923 0.627196 0
0.160580 0.583044 0
0.184838 0.583044 0
74 3
0.184838 0.583044 0
0.199494 0.627196 0
0.145923 0.627196 0
75 3
0.229106 0.557436 0
0.199494 0.627196 0
0.184838 0.583044 0
76 3
0.160580 0.583044 0
0.145923 0.627196 0
0.116311 0.557436 0
77 3
0.137000 0.808403 0
0.208172 0.808515 0
0.205101 0.932999 0
78 3
0.137000 0.808403 0
0.205101 0.932999 0
0.140071 0.932999 0
79 3
0.468859 0.970744 0
0.468859 0.970744 0
0.355089 0.993191 0
80 3
0.468859 0.970744 0
0.355089 0.993191 0
0.355089 0.993191 0
81 3
0.143293 0.992827 0
0.140071 0.932999 0
0.205101 0.932999 0
82 3
0.143293 0.992827 0
0.205101 0.932999 0
0.201879 0.992827 0
83 3
0.095589 0.950541 0
0.140071 0.932999 0
0.143293 0.992827 0
84 3
0.249583 0.950541 0
0.201879 0.992827 0
0.205101 0.932999 0
85 3
0.638537 0.238149 0
0.662435 0.369213 0
0.742058 0.369524 0
86 3
0.638537 0.238149 0
0.736991 0.235463 0
0.742058 0.369524 0
87 3
0.662435 0.369213 0
0.682545 0.433307 0
0.742058 0.369524 0
88 3
0.742058 0.369524 0
0.682545 0.433307 0
0.662435 0.369213 0
89 3
0.727507 0.991327 0
0.807702 0.991404 0
0.807554 0.696446 0
90 3
0.727507 0.991327 0
0.807554 0.696446 0
0.807702 0.991404 0
91 3
0.383120 0.126103 0
0.480789 0.258783 0
0.477880 0.125183 0
92 3
0.383120 0.126103 0
0.477880 0.125183 0
0.478216 0.049430 0
93 3
0.383120 0.126103 0
0.478216 0.049430 0
0.477880 0.125183 0
94 3
0.383120 0.126103 0
0.477880 0.125183 0
0.480789 0.258783 0
95 3
0.638011 0.368937 0
0.587922 0.400161 0
0.570169 0.545395 0
96 3
0.570169 0.545395 0
0.587922 0.400161 0
0.638011 0.368937 0
97 3
0.669367 0.551150 0
0.618399 0.638773 0
0.731210 0.546151 0
98 3
0.731210 0.546151 0
0.618399 0.638773 0
0.669367 0.551150 0
99 3
0.208172 0.808515 0
0.198000 0.770529 0
0.242895 0.707553 0
100 3
0.263566 0.807427 0
0.208172 0.808515 0
0.242895 0.707553 0
101 3
0.198000 0.770529 0
0.208172 0.808515 0
0.137000 0.808403 0
102 3
0.198000 0.770529 0
0.137000 0.808403 0
0.147418 0.770521 0
103 3
0.198000 0.770529 0
0.147418 0.770521 0
0.172709 0.729560 0
104 3
0.147418 0.770521 0
0.146238 0.729404 0
0.172709 0.729560 0
105 3
0.096273 0.706824 0
0.147418 0.770521 0
0.137000 0.808403 0
106 3
0.198000 0.770529 0
0.172709 0.729560 0
0.199180 0.729408 0
107 3
0.198000 0.770529 0
0.199180 0.729408 0
0.242895 0.707553 0
108 3
0.096273 0.706824 0
0.146238 0.729404 0
0.147418 0.770521 0
109 3
0.081605 0.807427 0
0.096273 0.706824 0
0.137000 0.808403 0
110 3
0.028923 0.525005 0
0.116311 0.557436 0
0.066653 0.706593 0
111 3
0.278764 0.706593 0
0.229106 0.557436 0
0.316493 0.525005 0
112 3
0.242895 0.707553 0
0.229106 0.557436 0
0.278764 0.706593 0
113 3
0.096273 0.706824 0
0.081605 0.807427 0
0.066653 0.706593 0
114 3
0.096273 0.706824 0
0.066653 0.706593 0
0.116311 0.557436 0
115 3
0.242895 0.707553 0
0.278764 0.706593 0
0.263566 0.807427 0
116 3
0.043894 0.391940 0
0.054012 0.359480 0
0.085482 0.357604 0
117 3
0.023863 0.275088 0
0.054012 0.359480 0
0.043894 0.391940 0
118 3
0.085482 0.357604 0
0.054012 0.359480 0
0.023863 0.275088 0
119 3
0.259935 0.357604 0
0.291406 0.359480 0
0.301523 0.391940 0
120 3
0.317388 0.275088 0
0.291406 0.359480 0
0.259935 0.357604 0
121 3
0.301523 0.391940 0
0.291406 0.359480 0
0.317388 0.275088 0
122 3
0.478216 0.049430 0
0.401094 0.051343 0
0.383120 0.126103 0
123 3
0.383120 0.126103 0
0.401094 0.051343 0
0.478216 0.049430 0
124 3
0.477880 0.125183 0
0.480789 0.258783 0
0.638537 0.238149 0
125 3
0.638537 0.238149 0
0.616009 0.124652 0
0.477880 0.125183 0
126 3
0.638537 0.238149 0
0.480789 0.258783 0
0.477880 0.125183 0
127 3
0.477880 0.125183 0
0.616009 0.124652 0
0.638537 0.238149 0
128 3
0.485026 0.496637 0
0.587922 0.400161 0
0.480789 0.258783 0
129 3
0.480789 0.258783 0
0.435154 0.396457 0
0.485026 0.496637 0
130 3
0.480789 0.258783 0
0.587922 0.400161 0
0.485026 0.496637 0
131 3
0.485026 0.496637 0
0.435154 0.396457 0
0.480789 0.258783 0
132 3
0.600580 0.735868 0
0.578658 0.992237 0
0.727507 0.991327 0
133 3
0.727507 0.991327 0
0.578658 0.992237 0
0.600580 0.735868 0
134 3
0.638011 0.368937 0
0.608452 0.616727 0
0.651921 0.549784 0
135 3
0.651921 0.549784 0
0.666752 0.428421 0
0.638011 0.368937 0
136 3
0.638011 0.368937 0
0.666752 0.428421 0
0.651921 0.549784 0
137 3
0.638011 0.368937 0
0.651921 0.549784 0
0.608452 0.616727 0
138 3
0.618399 0.638773 0
0.600580 0.735868 0
0.731210 0.546151 0
139 3
0.618399 0.638773 0
0.731210 0.546151 0
0.600580 0.735868 0
140 3
0.362659 0.948664 0
0.494212 0.860968 0
0.377453 0.812176 0
141 3
0.362659 0.948664 0
0.377453 0.812176 0
0.494212 0.860968 0
142 3
0.726093 0.991767 0
0.727507 0.991327 0
0.590267 0.992827 0
143 3
0.590267 0.992827 0
0.727507 0.991327 0
0.578658 0.992237 0
144 3
0.590267 0.992827 0
0.578658 0.992237 0
0.498381 0.991393 0
145 3
0.726093 0.991767 0
0.807702 0.991404 0
0.727507 0.991327 0
146 3
0.174573 0.053845 0
0.092846 0.048474 0
0.174460 0.006844 0
147 3
0.913227 0.986700 0
0.980181 0.981707 0
0.913123 0.978528 0
148 3
0.913227 0.986700 0
0.980800 0.983445 0
0.980181 0.981707 0
149 3
0.600580 0.735868 0
0.726911 0.708684 0
0.731210 0.546151 0
150 3
0.807524 0.126200 0
0.806667 0.049063 0
0.705321 0.049782 0
151 3
0.723401 0.122457 0
0.807524 0.126200 0
0.705321 0.049782 0
152 3
0.723401 0.122457 0
0.705321 0.049782 0
0.601879 0.050859 0
153 3
0.616009 0.124652 0
0.723401 0.122457 0
0.601879 0.050859 0
154 3
0.616009 0.124652 0
0.601879 0.050859 0
0.478216 0.049430 0
155 3
0.477880 0.125183 0
0.616009 0.124652 0
0.478216 0.049430 0
156 3
0.638537 0.238149 0
0.742058 0.369524 0
0.736991 0.235463 0
157 3
0.609342 0.365427 0
0.662435 0.369213 0
0.638537 0.238149 0
158 3
0.498381 0.991393 0
0.578658 0.992237 0
0.468859 0.970744 0
159 3
0.468859 0.970744 0
0.578658 0.992237 0
0.556473 0.873590 0
160 3
0.980800 0.983445 0
0.913227 0.986700 0
0.913248 0.934520 0
161 3
0.913204 0.832922 0
0.913092 0.810865 0
0.959465 0.812017 0
162 3
0.959465 0.812017 0
0.913092 0.810865 0
0.958828 0.815031 0
163 3
0.992090 0.848792 0
0.958828 0.815031 0
0.913092 0.810865 0
164 3
0.912996 0.845055 0
0.992090 0.848792 0
0.913092 0.810865 0
165 3
0.992262 0.938923 0
0.992090 0.848792 0
0.912996 0.845055 0
166 3
0.992262 0.938923 0
0.912996 0.845055 0
0.913032 0.937877 0
167 3
0.980181 0.981707 0
0.992262 0.938923 0
0.913032 0.937877 0
168 3
0.980181 0.981707 0
0.913032 0.937877 0
0.913123 0.978528 0
169 3
0.601879 0.050859 0
0.591037 0.006196 0
0.535756 0.006296 0
170 3
0.478216 0.049430 0
0.601879 0.050859 0
0.535756 0.006296 0
171 3
0.989730 0.634252 0
0.990389 0.558049 0
0.915654 0.627760 0
172 3
0.742058 0.369524 0
0.808148 0.360248 0
0.808122 0.228050 0
173 3
0.742058 0.369524 0
0.808122 0.228050 0
0.736991 0.235463 0
174 3
0.808122 0.228050 0
0.807524 0.126200 0
0.723401 0.122457 0
175 3
0.808122 0.228050 0
0.723401 0.122457 0
0.736991 0.235463 0
176 3
0.806667 0.049063 0
0.805690 0.004951 0
0.685502 0.005792 0
177 3
0.806667 0.049063 0
0.685502 0.005792 0
0.705321 0.049782 0
178 3
0.991448 0.492022 0
0.914981 0.448927 0
0.915654 0.627760 0
179 3
0.556473 0.873590 0
0.563400 0.750455 0
0.494212 0.860968 0
180 3
0.556473 0.873590 0
0.600580 0.735868 0
0.563400 0.750455 0
181 3
0.990389 0.558049 0
0.991448 0.492022 0
0.915654 0.627760 0
182 3
0.991205 0.712282 0
0.989730 0.634252 0
0.915654 0.627760 0
183 3
0.917355 0.767079 0
0.991205 0.712282 0
0.915654 0.627760 0
184 3
0.556473 0.873590 0
0.578658 0.992237 0
0.600580 0.735868 0
185 3
0.480762 0.004896 0
0.478216 0.049430 0
0.535756 0.006296 0
186 3
0.174460 0.006844 0
0.092846 0.048474 0
0.113229 0.007173 0
187 3
0.478216 0.049430 0
0.480762 0.004896 0
0.401094 0.051343 0
188 3
0.601879 0.050859 0
0.705321 0.049782 0
0.685502 0.005792 0
189 3
0.601879 0.050859 0
0.685502 0.005792 0
0.591037 0.006196 0
190 3
0.485026 0.496637 0
0.570169 0.545395 0
0.587922 0.400161 0
191 3
0.123297 0.393425 0
0.138625 0.257956 0
0.154691 0.316347 0
192 3
0.085482 0.357604 0
0.079066 0.246822 0
0.138625 0.257956 0
193 3
0.123297 0.393425 0
0.085482 0.357604 0
0.138625 0.257956 0
194 3
0.043894 0.391940 0
0.003356 0.391419 0
0.023863 0.275088 0
195 3
0.079066 0.246822 0
0.085482 0.357604 0
0.023863 0.275088 0
196 3
0.154483 0.553013 0
0.116311 0.557436 0
0.154778 0.493198 0
197 3
0.160580 0.583044 0
0.116311 0.557436 0
0.154483 0.553013 0
198 3
0.381005 0.277643 0
0.480789 0.258783 0
0.383120 0.126103 0
199 3
0.381005 0.277643 0
0.435154 0.396457 0
0.480789 0.258783 0
200 3
0.155489 0.355313 0
0.123297 0.393425 0
0.154691 0.316347 0
201 3
0.079066 0.246822 0
0.023863 0.275088 0
0.072766 0.127055 0
202 3
0.485026 0.496637 0
0.435154 0.396457 0
0.422324 0.522450 0
203 3
0.003356 0.391419 0
0.043894 0.391940 0
0.028923 0.525005 0
204 3
0.043894 0.391940 0
0.085056 0.413558 0
0.028923 0.525005 0
205 3
0.085056 0.413558 0
0.085482 0.357604 0
0.123297 0.393425 0
206 3
0.043894 0.391940 0
0.085482 0.357604 0
0.085056 0.413558 0
207 3
0.085056 0.413558 0
0.123297 0.393425 0
0.117463 0.507672 0
208 3
0.085056 0.413558 0
0.117463 0.507672 0
0.028923 0.525005 0
209 3
0.028923 0.525005 0
0.117463 0.507672 0
0.116311 0.557436 0
210 3
0.159713 0.422270 0
0.117463 0.507672 0
0.155489 0.355313 0
211 3
0.117463 0.507672 0
0.154778 0.493198 0
0.116311 0.557436 0
212 3
0.159713 0.422270 0
0.154778 0.493198 0
0.117463 0.507672 0
213 3
0.117463 0.507672 0
0.123297 0.393425 0
0.155489 0.355313 0
214 3
0.805114 0.992827 0
0.885548 0.992444 0
0.806272 0.992444 0
215 3
0.726093 0.991767 0
0.590267 0.992827 0
0.727507 0.991327 0
216 3
0.590267 0.992827 0
0.578658 0.992237 0
0.727507 0.991327 0
217 3
0.590267 0.992827 0
0.498381 0.991393 0
0.578658 0.992237 0
218 3
0.498381 0.991393 0
0.468859 0.970744 0
0.468859 0.970744 0
219 3
0.498381 0.991393 0
0.468859 0.970744 0
0.498381 0.991393 0
220 3
0.590267 0.992827 0
0.498381 0.991393 0
0.498381 0.991393 0
221 3
0.885380 0.123073 0
0.806754 0.048380 0
0.806314 0.123073 0
222 3
0.885380 0.123073 0
0.883580 0.048380 0
0.806754 0.048380 0
223 3
0.949661 0.448927 0
0.915654 0.627760 0
0.914981 0.448927 0
224 3
0.883580 0.048380 0
0.881866 0.004951 0
0.807174 0.004951 0
225 3
0.883580 0.048380 0
0.807174 0.004951 0
0.806754 0.048380 0
226 3
0.886041 0.227652 0
0.806314 0.123073 0
0.806152 0.227652 0
227 3
0.886041 0.227652 0
0.885380 0.123073 0
0.806314 0.123073 0
228 3
0.885701 0.360743 0
0.806152 0.227652 0
0.807859 0.360743 0
229 3
0.885701 0.360743 0
0.886041 0.227652 0
0.806152 0.227652 0
230 3
0.885548 0.992444 0
0.885419 0.694021 0
0.806304 0.694021 0
231 3
0.726093 0.991767 0
0.727507 0.991327 0
0.807702 0.991404 0
232 3
0.174573 0.053845 0
0.174460 0.006844 0
0.252616 0.048474 0
233 3
0.154483 0.553013 0
0.190638 0.493198 0
0.190934 0.553013 0
234 3
0.154483 0.553013 0
0.154778 0.493198 0
0.190638 0.493198 0
235 3
0.160580 0.583044 0
0.190934 0.553013 0
0.184838 0.583044 0
236 3
0.154483 0.553013 0
0.190934 0.553013 0
0.160580 0.583044 0
237 3
0.138625 0.257956 0
0.174234 0.140523 0
0.206793 0.257956 0
238 3
0.154691 0.316347 0
0.206793 0.257956 0
0.190727 0.316347 0
239 3
0.154691 0.316347 0
0.138625 0.257956 0
0.206793 0.257956 0
240 3
0.155489 0.355313 0
0.190727 0.316347 0
0.189928 0.355313 0
241 3
0.154691 0.316347 0
0.190727 0.316347 0
0.155489 0.355313 0
242 3
0.185705 0.422270 0
0.190638 0.493198 0
0.154778 0.493198 0
243 3
0.159713 0.422270 0
0.185705 0.422270 0
0.154778 0.493198 0
244 3
0.189928 0.355313 0
0.185705 0.422270 0
0.159713 0.422270 0
245 3
0.155489 0.355313 0
0.189928 0.355313 0
0.159713 0.422270 0
246 3
0.913227 0.986700 0
0.913123 0.978528 0
0.980181 0.981707 0
247 3
0.913227 0.986700 0
0.980181 0.981707 0
0.980800 0.983445 0
248 3
0.600580 0.735868 0
0.731210 0.546151 0
0.726911 0.708684 0
249 3
0.807524 0.126200 0
0.705321 0.049782 0
0.806667 0.049063 0
250 3
0.723401 0.122457 0
0.705321 0.049782 0
0.807524 0.126200 0
251 3
0.723401 0.122457 0
0.601879 0.050859 0
0.705321 0.049782 0
252 3
0.616009 0.124652 0
0.601879 0.050859 0
0.723401 0.122457 0
253 3
0.616009 0.124652 0
0.478216 0.049430 0
0.601879 0.050859 0
254 3
0.477880 0.125183 0
0.478216 0.049430 0
0.616009 0.124652 0
255 3
0.638537 0.238149 0
0.742058 0.369524 0
0.662435 0.369213 0
256 3
0.609342 0.365427 0
0.638537 0.238149 0
0.662435 0.369213 0
257 3
0.498381 0.991393 0
0.468859 0.970744 0
0.578658 0.992237 0
258 3
0.468859 0.970744 0
0.556473 0.873590 0
0.578658 0.992237 0
259 3
0.980800 0.983445 0
0.913248 0.934520 0
0.913227 0.986700 0
260 3
0.913092 0.810865 0
0.913204 0.832922 0
0.959465 0.812017 0
261 3
0.959465 0.812017 0
0.958828 0.815031 0
0.913092 0.810865 0
262 3
0.992090 0.848792 0
0.913092 0.810865 0
0.958828 0.815031 0
263 3
0.912996 0.845055 0
0.913092 0.810865 0
0.992090 0.848792 0
264 3
0.992262 0.938923 0
0.912996 0.845055 0
0.992090 0.848792 0
265 3
0.992262 0.938923 0
0.913032 0.937877 0
0.912996 0.845055 0
266 3
0.980181 0.981707 0
0.913032 0.937877 0
0.992262 0.938923 0
267 3
0.980181 0.981707 0
0.913123 0.978528 0
0.913032 0.937877 0
268 3
0.601879 0.050859 0
0.535756 0.006296 0
0.591037 0.006196 0
269 3
0.478216 0.049430 0
0.535756 0.006296 0
0.601879 0.050859 0
270 3
0.991579 0.638697 0
0.915654 0.627760 0
0.990920 0.562493 0
271 3
0.742058 0.369524 0
0.808122 0.228050 0
0.808148 0.360248 0
272 3
0.742058 0.369524 0
0.736991 0.235463 0
0.808122 0.228050 0
273 3
0.808122 0.228050 0
0.723401 0.122457 0
0.807524 0.126200 0
274 3
0.808122 0.228050 0
0.736991 0.235463 0
0.723401 0.122457 0
275 3
0.806667 0.049063 0
0.685502 0.005792 0
0.805690 0.004951 0
276 3
0.806667 0.049063 0
0.705321 0.049782 0
0.685502 0.005792 0
277 3
0.988226 0.449799 0
0.915654 0.627760 0
0.949661 0.448927 0
278 3
0.556473 0.873590 0
0.494212 0.860968 0
0.563400 0.750455 0
279 3
0.556473 0.873590 0
0.563400 0.750455 0
0.600580 0.735868 0
280 3
0.990920 0.562493 0
0.915654 0.627760 0
0.988226 0.449799 0
281 3
0.990104 0.765615 0
0.915654 0.627760 0
0.991579 0.638697 0
282 3
0.917355 0.767079 0
0.915654 0.627760 0
0.990104 0.765615 0
283 3
0.556473 0.873590 0
0.600580 0.735868 0
0.578658 0.992237 0
284 3
0.480762 0.004896 0
0.535756 0.006296 0
0.478216 0.049430 0
285 3
0.174460 0.006844 0
0.232187 0.007173 0
0.252616 0.048474 0
286 3
0.478216 0.049430 0
0.401094 0.051343 0
0.480762 0.004896 0
287 3
0.601879 0.050859 0
0.685502 0.005792 0
0.705321 0.049782 0
288 3
0.601879 0.050859 0
0.591037 0.006196 0
0.685502 0.005792 0
289 3
0.485026 0.496637 0
0.587922 0.400161 0
0.570169 0.545395 0
290 3
0.222121 0.393425 0
0.190727 0.316347 0
0.206793 0.257956 0
291 3
0.259935 0.357604 0
0.206793 0.257956 0
0.266061 0.246822 0
292 3
0.222121 0.393425 0
0.206793 0.257956 0
0.259935 0.357604 0
293 3
0.301523 0.391940 0
0.317388 0.275088 0
0.342060 0.391419 0
294 3
0.266061 0.246822 0
0.317388 0.275088 0
0.259935 0.357604 0
295 3
0.190934 0.553013 0
0.190638 0.493198 0
0.229106 0.557436 0
296 3
0.184838 0.583044 0
0.190934 0.553013 0
0.229106 0.557436 0
297 3
0.381005 0.277643 0
0.383120 0.126103 0
0.480789 0.258783 0
298 3
0.381005 0.277643 0
0.480789 0.258783 0
0.435154 0.396457 0
299 3
0.189928 0.355313 0
0.190727 0.316347 0
0.222121 0.393425 0
300 3
0.266061 0.246822 0
0.275895 0.127055 0
0.317388 0.275088 0
301 3
0.485026 0.496637 0
0.422324 0.522450 0
0.435154 0.396457 0
302 3
0.342060 0.391419 0
0.316493 0.525005 0
0.301523 0.391940 0
303 3
0.301523 0.391940 0
0.316493 0.525005 0
0.260361 0.413558 0
304 3
0.260361 0.413558 0
0.222121 0.393425 0
0.259935 0.357604 0
305 3
0.260361 0.413558 0
0.259935 0.357604 0
0.301523 0.391940 0
306 3
0.260361 0.413558 0
0.227705 0.507672 0
0.222121 0.393425 0
307 3
0.260361 0.413558 0
0.316493 0.525005 0
0.227705 0.507672 0
308 3
0.316493 0.525005 0
0.229106 0.557436 0
0.227705 0.507672 0
309 3
0.185705 0.422270 0
0.189928 0.355313 0
0.227705 0.507672 0
310 3
0.227705 0.507672 0
0.229106 0.557436 0
0.190638 0.493198 0
311 3
0.185705 0.422270 0
0.227705 0.507672 0
0.190638 0.493198 0
312 3
0.227705 0.507672 0
0.189928 0.355313 0
0.222121 0.393425 0
4
0.000000 -90.000000 0.000000
0.000000 180.000000 0.000000
0.000000 0.000000 0.000000
13.364426 25.728851 16.288746
4
0.000000 0.000000 0.000000
0.000000 0.000000 0.000000
0.000000 0.000000 0.000000
5.003269 25.066072 15.034671
4
0.000000 0.000000 0.000000
0.000000 0.000000 0.000000
0.000000 0.000000 0.000000
11.159471 19.629358 15.394415
4
0.000000 -90.000000 0.000000
0.000000 0.000000 0.000000
0.000000 0.000000 0.000000
16.391911 5.254486 10.823198
4
-90.000000 0.000000 0.000000
0.000000 0.000000 0.000000
0.000000 0.000000 0.000000
5.487454 3.243727 8.293956
