1
5
C:\MIDWAY\NBAonNBC\HEADS\Minnesota_Timberwolves\LWO\hd_cpark.TGA
C:\MIDWAY\NBAonNBC\HEADS\Minnesota_Timberwolves\LWO\hd_cpark.TGA
C:\MIDWAY\NBAonNBC\HEADS\Minnesota_Timberwolves\LWO\hd_cpark.TGA
C:\MIDWAY\NBAonNBC\HEADS\Minnesota_Timberwolves\LWO\hd_cpark.TGA
C:\MIDWAY\NBAonNBC\HEADS\Minnesota_Timberwolves\LWO\hd_cpark.TGA
317
0 3
0.675854 0.071563 0
0.805315 0.060142 0
0.805044 0.012689 0
1 3
0.675854 0.071563 0
0.805044 0.012689 0
0.673454 0.020157 0
2 3
0.675854 0.046418 0
0.670107 0.007669 0
0.803911 0.008829 0
3 3
0.675854 0.046418 0
0.803911 0.008829 0
0.805315 0.050172 0
4 3
0.633422 0.402510 0
0.723051 0.439719 0
0.721648 0.331449 0
5 3
0.633422 0.402510 0
0.721648 0.331449 0
0.599709 0.374258 0
6 3
0.633422 0.402510 0
0.721648 0.331449 0
0.723051 0.439719 0
7 3
0.633422 0.402510 0
0.599709 0.374258 0
0.721648 0.331449 0
8 3
0.599709 0.374258 0
0.721648 0.331449 0
0.555596 0.345263 0
9 3
0.599709 0.374258 0
0.555596 0.345263 0
0.721648 0.331449 0
10 3
0.515540 0.868103 0
0.483198 0.827076 0
0.372388 0.933523 0
11 3
0.515540 0.868103 0
0.374935 0.976799 0
0.372388 0.933523 0
12 3
0.515540 0.868103 0
0.372388 0.933523 0
0.374935 0.976799 0
13 3
0.515540 0.868103 0
0.372388 0.933523 0
0.483198 0.827076 0
14 3
0.374935 0.976799 0
0.461406 0.970899 0
0.515540 0.868103 0
15 3
0.374935 0.976799 0
0.515540 0.868103 0
0.461406 0.970899 0
16 3
0.547767 0.683594 0
0.478566 0.590509 0
0.483198 0.827076 0
17 3
0.483198 0.827076 0
0.542939 0.778306 0
0.547767 0.683594 0
18 3
0.483198 0.827076 0
0.478566 0.590509 0
0.547767 0.683594 0
19 3
0.547767 0.683594 0
0.542939 0.778306 0
0.483198 0.827076 0
20 3
0.422112 0.100011 0
0.559140 0.089619 0
0.491947 0.021887 0
21 3
0.422112 0.075392 0
0.491947 0.009161 0
0.559140 0.060286 0
22 3
0.407117 0.018325 0
0.422112 0.100011 0
0.491947 0.021887 0
23 3
0.407117 0.009373 0
0.491947 0.009161 0
0.422112 0.075392 0
24 3
0.544981 0.592415 0
0.553995 0.674194 0
0.586151 0.662103 0
25 3
0.544981 0.592415 0
0.586151 0.662103 0
0.614709 0.574893 0
26 3
0.551979 0.424918 0
0.544981 0.592415 0
0.614709 0.574893 0
27 3
0.588197 0.379396 0
0.551979 0.424918 0
0.614709 0.574893 0
28 3
0.614709 0.574893 0
0.620931 0.442178 0
0.588197 0.379396 0
29 3
0.586151 0.662103 0
0.553995 0.674194 0
0.544981 0.592415 0
30 3
0.614709 0.574893 0
0.586151 0.662103 0
0.544981 0.592415 0
31 3
0.614709 0.574893 0
0.544981 0.592415 0
0.551979 0.424918 0
32 3
0.614709 0.574893 0
0.551979 0.424918 0
0.588197 0.379396 0
33 3
0.588197 0.379396 0
0.620931 0.442178 0
0.614709 0.574893 0
34 3
0.551979 0.424918 0
0.460032 0.257916 0
0.362125 0.396674 0
35 3
0.551979 0.424918 0
0.362125 0.396674 0
0.414591 0.470532 0
36 3
0.362125 0.396674 0
0.460032 0.257916 0
0.551979 0.424918 0
37 3
0.551979 0.424918 0
0.414591 0.470532 0
0.362125 0.396674 0
38 3
0.483198 0.827076 0
0.478566 0.590509 0
0.390343 0.598183 0
39 3
0.483198 0.827076 0
0.390343 0.598183 0
0.478566 0.590509 0
40 3
0.478566 0.590509 0
0.414591 0.470532 0
0.390343 0.598183 0
41 3
0.478566 0.590509 0
0.390343 0.598183 0
0.414591 0.470532 0
42 3
0.414591 0.470532 0
0.478566 0.590509 0
0.551979 0.424918 0
43 3
0.551979 0.424918 0
0.478566 0.590509 0
0.414591 0.470532 0
44 3
0.496818 0.048616 0
0.418948 0.077879 0
0.500237 0.123912 0
45 3
0.628560 0.113683 0
0.496818 0.048616 0
0.500237 0.123912 0
46 3
0.709471 0.557285 0
0.689444 0.714851 0
0.790309 0.730753 0
47 3
0.790309 0.730753 0
0.689444 0.714851 0
0.709471 0.557285 0
48 3
0.790739 0.554138 0
0.709471 0.557285 0
0.790309 0.730753 0
49 3
0.790739 0.554138 0
0.790309 0.730753 0
0.709471 0.557285 0
50 3
0.789833 0.809096 0
0.790309 0.730753 0
0.689444 0.714851 0
51 3
0.689444 0.714851 0
0.790309 0.730753 0
0.789833 0.809096 0
52 3
0.696211 0.781715 0
0.789833 0.809096 0
0.689444 0.714851 0
53 3
0.696211 0.781715 0
0.689444 0.714851 0
0.789833 0.809096 0
54 3
0.134831 0.943123 0
0.095572 0.932903 0
0.077772 0.861758 0
55 3
0.245003 0.861758 0
0.227203 0.932903 0
0.187944 0.943123 0
56 3
0.133916 0.868245 0
0.134831 0.943123 0
0.077772 0.861758 0
57 3
0.188859 0.868343 0
0.245003 0.861758 0
0.187944 0.943123 0
58 3
0.123617 0.984601 0
0.134831 0.943123 0
0.187944 0.943123 0
59 3
0.123617 0.984601 0
0.187944 0.943123 0
0.199242 0.984601 0
60 3
0.133916 0.868245 0
0.188859 0.868343 0
0.187944 0.943123 0
61 3
0.187944 0.943123 0
0.134831 0.943123 0
0.133916 0.868245 0
62 3
0.095572 0.932903 0
0.134831 0.943123 0
0.123617 0.984601 0
63 3
0.227203 0.932903 0
0.199242 0.984601 0
0.187944 0.943123 0
64 3
0.461406 0.970899 0
0.461406 0.970899 0
0.374935 0.976799 0
65 3
0.461406 0.970899 0
0.374935 0.976799 0
0.374935 0.976799 0
66 3
0.789833 0.809096 0
0.696211 0.781715 0
0.702446 0.990950 0
67 3
0.702446 0.990950 0
0.696211 0.781715 0
0.789833 0.809096 0
68 3
0.788498 0.990599 0
0.789833 0.809096 0
0.702446 0.990950 0
69 3
0.788498 0.990599 0
0.702446 0.990950 0
0.789833 0.809096 0
70 3
0.689444 0.714851 0
0.709471 0.557285 0
0.625146 0.575513 0
71 3
0.689444 0.714851 0
0.625146 0.575513 0
0.596440 0.671962 0
72 3
0.689444 0.714851 0
0.596440 0.671962 0
0.625146 0.575513 0
73 3
0.689444 0.714851 0
0.625146 0.575513 0
0.709471 0.557285 0
74 3
0.721648 0.331449 0
0.709842 0.166854 0
0.560353 0.170228 0
75 3
0.560353 0.136946 0
0.709842 0.137137 0
0.721648 0.331449 0
76 3
0.555596 0.345263 0
0.721648 0.331449 0
0.560353 0.170228 0
77 3
0.555596 0.345263 0
0.560353 0.136946 0
0.721648 0.331449 0
78 3
0.555596 0.345263 0
0.460032 0.257916 0
0.551979 0.424918 0
79 3
0.551979 0.424918 0
0.567213 0.368462 0
0.555596 0.345263 0
80 3
0.551979 0.424918 0
0.460032 0.257916 0
0.555596 0.345263 0
81 3
0.555596 0.345263 0
0.567213 0.368462 0
0.551979 0.424918 0
82 3
0.188859 0.868343 0
0.189932 0.825517 0
0.230248 0.785214 0
83 3
0.092528 0.784638 0
0.132845 0.825517 0
0.133916 0.868245 0
84 3
0.189932 0.825517 0
0.188859 0.868343 0
0.133916 0.868245 0
85 3
0.189932 0.825517 0
0.133916 0.868245 0
0.132845 0.825517 0
86 3
0.455540 0.171891 0
0.460032 0.257916 0
0.555596 0.345263 0
87 3
0.455540 0.144229 0
0.555596 0.345263 0
0.460032 0.257916 0
88 3
0.455540 0.171891 0
0.366066 0.264123 0
0.460032 0.257916 0
89 3
0.455540 0.144229 0
0.460032 0.257916 0
0.366066 0.264123 0
90 3
0.455540 0.171891 0
0.422112 0.100011 0
0.332659 0.136059 0
91 3
0.455540 0.171891 0
0.332659 0.136059 0
0.366066 0.264123 0
92 3
0.455540 0.144229 0
0.366066 0.264123 0
0.332659 0.121094 0
93 3
0.455540 0.144229 0
0.332659 0.121094 0
0.422112 0.075392 0
94 3
0.051453 0.205396 0
0.058525 0.085641 0
0.159536 0.086479 0
95 3
0.051453 0.205396 0
0.159536 0.086479 0
0.157575 0.208766 0
96 3
0.159536 0.086479 0
0.261388 0.067035 0
0.263654 0.205396 0
97 3
0.263654 0.205396 0
0.157575 0.208766 0
0.159536 0.086479 0
98 3
0.483198 0.827076 0
0.373852 0.784383 0
0.390343 0.598183 0
99 3
0.483198 0.827076 0
0.390343 0.598183 0
0.373852 0.784383 0
100 3
0.245003 0.861758 0
0.188859 0.868343 0
0.230248 0.785214 0
101 3
0.189932 0.825517 0
0.132845 0.825517 0
0.161388 0.789731 0
102 3
0.132845 0.825517 0
0.140698 0.788869 0
0.161388 0.789731 0
103 3
0.189932 0.825517 0
0.161388 0.789731 0
0.182077 0.788869 0
104 3
0.189932 0.825517 0
0.182077 0.788869 0
0.230248 0.785214 0
105 3
0.092528 0.784638 0
0.140698 0.788869 0
0.132845 0.825517 0
106 3
0.077772 0.861758 0
0.092528 0.784638 0
0.133916 0.868245 0
107 3
0.039641 0.606066 0
0.115773 0.655723 0
0.063674 0.784002 0
108 3
0.259101 0.784002 0
0.207216 0.655723 0
0.282746 0.606066 0
109 3
0.230248 0.785214 0
0.207216 0.655723 0
0.259101 0.784002 0
110 3
0.092528 0.784638 0
0.115773 0.655723 0
0.140731 0.788361 0
111 3
0.207216 0.655723 0
0.182044 0.788326 0
0.177669 0.681622 0
112 3
0.177669 0.681622 0
0.182044 0.788326 0
0.145107 0.681622 0
113 3
0.182044 0.788326 0
0.140731 0.788361 0
0.145107 0.681622 0
114 3
0.145107 0.681622 0
0.140731 0.788361 0
0.115773 0.655723 0
115 3
0.092528 0.784638 0
0.077772 0.861758 0
0.063674 0.784002 0
116 3
0.092528 0.784638 0
0.063674 0.784002 0
0.115773 0.655723 0
117 3
0.230248 0.785214 0
0.182044 0.788326 0
0.207216 0.655723 0
118 3
0.230248 0.785214 0
0.259101 0.784002 0
0.245003 0.861758 0
119 3
0.042665 0.478814 0
0.052405 0.447343 0
0.080006 0.444389 0
120 3
0.035204 0.394216 0
0.052405 0.447343 0
0.042665 0.478814 0
121 3
0.080006 0.444389 0
0.052405 0.447343 0
0.035204 0.394216 0
122 3
0.238265 0.435501 0
0.264950 0.438455 0
0.280110 0.474370 0
123 3
0.283991 0.394216 0
0.264950 0.438455 0
0.238265 0.435501 0
124 3
0.280110 0.474370 0
0.264950 0.438455 0
0.283991 0.394216 0
125 3
0.560353 0.170228 0
0.455540 0.171891 0
0.555596 0.345263 0
126 3
0.455540 0.144229 0
0.560353 0.136946 0
0.555596 0.345263 0
127 3
0.582845 0.769977 0
0.525716 0.991785 0
0.702446 0.990950 0
128 3
0.702446 0.990950 0
0.696211 0.781715 0
0.582845 0.769977 0
129 3
0.702446 0.990950 0
0.525716 0.991785 0
0.582845 0.769977 0
130 3
0.582845 0.769977 0
0.696211 0.781715 0
0.702446 0.990950 0
131 3
0.596440 0.671962 0
0.542939 0.778306 0
0.582845 0.769977 0
132 3
0.596440 0.671962 0
0.582845 0.769977 0
0.689444 0.714851 0
133 3
0.596440 0.671962 0
0.689444 0.714851 0
0.582845 0.769977 0
134 3
0.596440 0.671962 0
0.582845 0.769977 0
0.542939 0.778306 0
135 3
0.372388 0.933523 0
0.483198 0.827076 0
0.372467 0.867250 0
136 3
0.373852 0.784383 0
0.372467 0.867250 0
0.483198 0.827076 0
137 3
0.373852 0.784383 0
0.483198 0.827076 0
0.372467 0.867250 0
138 3
0.372388 0.933523 0
0.372467 0.867250 0
0.483198 0.827076 0
139 3
0.700602 0.991623 0
0.702446 0.990950 0
0.526932 0.990601 0
140 3
0.526932 0.990601 0
0.702446 0.990950 0
0.525716 0.991785 0
141 3
0.526932 0.990601 0
0.525716 0.991785 0
0.470247 0.990335 0
142 3
0.700602 0.991623 0
0.788498 0.990599 0
0.702446 0.990950 0
143 3
0.159536 0.086479 0
0.058525 0.085641 0
0.157978 0.018548 0
144 3
0.542939 0.778306 0
0.596440 0.671962 0
0.547767 0.683594 0
145 3
0.914466 0.991011 0
0.938186 0.982596 0
0.914278 0.980280 0
146 3
0.914466 0.991011 0
0.931518 0.988158 0
0.938186 0.982596 0
147 3
0.582845 0.769977 0
0.696211 0.781715 0
0.689444 0.714851 0
148 3
0.805220 0.161825 0
0.805315 0.060142 0
0.675854 0.071563 0
149 3
0.709842 0.166854 0
0.805220 0.161825 0
0.675854 0.071563 0
150 3
0.709842 0.166854 0
0.675854 0.071563 0
0.559140 0.089619 0
151 3
0.560353 0.170228 0
0.709842 0.166854 0
0.559140 0.089619 0
152 3
0.560353 0.170228 0
0.559140 0.089619 0
0.422112 0.100011 0
153 3
0.455540 0.171891 0
0.560353 0.170228 0
0.422112 0.100011 0
154 3
0.567213 0.368462 0
0.599709 0.374258 0
0.555596 0.345263 0
155 3
0.709471 0.557285 0
0.790739 0.554138 0
0.804271 0.432916 0
156 3
0.709471 0.557285 0
0.804271 0.432916 0
0.723051 0.439719 0
157 3
0.625146 0.575513 0
0.709471 0.557285 0
0.723051 0.439719 0
158 3
0.625146 0.575513 0
0.723051 0.439719 0
0.633422 0.402510 0
159 3
0.470247 0.990335 0
0.525716 0.991785 0
0.461406 0.970899 0
160 3
0.461406 0.970899 0
0.525716 0.991785 0
0.515540 0.868103 0
161 3
0.931518 0.988158 0
0.914466 0.991011 0
0.914953 0.947456 0
162 3
0.908603 0.851076 0
0.912697 0.817093 0
0.909710 0.823670 0
163 3
0.909710 0.823670 0
0.912697 0.817093 0
0.934797 0.818201 0
164 3
0.934005 0.837086 0
0.934797 0.818201 0
0.912697 0.817093 0
165 3
0.911084 0.838457 0
0.934005 0.837086 0
0.912697 0.817093 0
166 3
0.940217 0.935193 0
0.934005 0.837086 0
0.911084 0.838457 0
167 3
0.940217 0.935193 0
0.911084 0.838457 0
0.914764 0.934744 0
168 3
0.938186 0.982596 0
0.940217 0.935193 0
0.914764 0.934744 0
169 3
0.938186 0.982596 0
0.914764 0.934744 0
0.914278 0.980280 0
170 3
0.559140 0.089619 0
0.574038 0.021688 0
0.491947 0.021887 0
171 3
0.604410 0.058157 0
0.661291 0.040577 0
0.628560 0.113683 0
172 3
0.723051 0.439719 0
0.804271 0.432916 0
0.806093 0.331743 0
173 3
0.723051 0.439719 0
0.806093 0.331743 0
0.721648 0.331449 0
174 3
0.806093 0.331743 0
0.805220 0.161825 0
0.709842 0.166854 0
175 3
0.806093 0.331743 0
0.709842 0.166854 0
0.721648 0.331449 0
176 3
0.762551 0.037679 0
0.808118 0.168650 0
0.628560 0.113683 0
177 3
0.515540 0.868103 0
0.542939 0.778306 0
0.483198 0.827076 0
178 3
0.515540 0.868103 0
0.582845 0.769977 0
0.542939 0.778306 0
179 3
0.661291 0.040577 0
0.762551 0.037679 0
0.628560 0.113683 0
180 3
0.500237 0.123912 0
0.604410 0.058157 0
0.628560 0.113683 0
181 3
0.515540 0.868103 0
0.525716 0.991785 0
0.582845 0.769977 0
182 3
0.338496 0.012289 0
0.332659 0.136059 0
0.407117 0.018325 0
183 3
0.422112 0.100011 0
0.407117 0.018325 0
0.332659 0.136059 0
184 3
0.559140 0.089619 0
0.675854 0.071563 0
0.673454 0.020157 0
185 3
0.559140 0.089619 0
0.673454 0.020157 0
0.574038 0.021688 0
186 3
0.478566 0.590509 0
0.547767 0.683594 0
0.544981 0.592415 0
187 3
0.478566 0.590509 0
0.544981 0.592415 0
0.551979 0.424918 0
188 3
0.119333 0.474450 0
0.135778 0.393526 0
0.147372 0.434052 0
189 3
0.080006 0.444389 0
0.081835 0.382478 0
0.135778 0.393526 0
190 3
0.119333 0.474450 0
0.080006 0.444389 0
0.135778 0.393526 0
191 3
0.042665 0.478814 0
0.018100 0.469465 0
0.035204 0.394216 0
192 3
0.081835 0.382478 0
0.080006 0.444389 0
0.035204 0.394216 0
193 3
0.146847 0.659829 0
0.115773 0.655723 0
0.147085 0.617938 0
194 3
0.145107 0.681622 0
0.115773 0.655723 0
0.146847 0.659829 0
195 3
0.362125 0.396674 0
0.460032 0.257916 0
0.366066 0.264123 0
196 3
0.135778 0.393526 0
0.081835 0.382478 0
0.051453 0.205396 0
197 3
0.135778 0.393526 0
0.051453 0.205396 0
0.157575 0.208766 0
198 3
0.148077 0.466258 0
0.119333 0.474450 0
0.147372 0.434052 0
199 3
0.081835 0.382478 0
0.035204 0.394216 0
0.051453 0.205396 0
200 3
0.018100 0.469465 0
0.042665 0.478814 0
0.039641 0.606066 0
201 3
0.042665 0.478814 0
0.079577 0.498364 0
0.039641 0.606066 0
202 3
0.079577 0.498364 0
0.080006 0.444389 0
0.119333 0.474450 0
203 3
0.042665 0.478814 0
0.080006 0.444389 0
0.079577 0.498364 0
204 3
0.079577 0.498364 0
0.119333 0.474450 0
0.115374 0.619793 0
205 3
0.079577 0.498364 0
0.115374 0.619793 0
0.039641 0.606066 0
206 3
0.039641 0.606066 0
0.115374 0.619793 0
0.115773 0.655723 0
207 3
0.148673 0.544507 0
0.115374 0.619793 0
0.148077 0.466258 0
208 3
0.115374 0.619793 0
0.147085 0.617938 0
0.115773 0.655723 0
209 3
0.148673 0.544507 0
0.147085 0.617938 0
0.115374 0.619793 0
210 3
0.115374 0.619793 0
0.119333 0.474450 0
0.148077 0.466258 0
211 3
0.806488 0.989988 0
0.865159 0.990143 0
0.743651 0.990143 0
212 3
0.700602 0.991623 0
0.526932 0.990601 0
0.702446 0.990950 0
213 3
0.526932 0.990601 0
0.525716 0.991785 0
0.702446 0.990950 0
214 3
0.526932 0.990601 0
0.470247 0.990335 0
0.525716 0.991785 0
215 3
0.470247 0.990335 0
0.461406 0.970899 0
0.461406 0.970899 0
216 3
0.470247 0.990335 0
0.461406 0.970899 0
0.470247 0.990335 0
217 3
0.526932 0.990601 0
0.470247 0.990335 0
0.470247 0.990335 0
218 3
0.887001 0.199513 0
0.740255 0.098400 0
0.722080 0.212271 0
219 3
0.887001 0.199513 0
0.860862 0.089070 0
0.740255 0.098400 0
220 3
0.806187 0.075646 0
0.628560 0.113683 0
0.808118 0.168650 0
221 3
0.860862 0.089070 0
0.831678 0.010869 0
0.769130 0.014482 0
222 3
0.860862 0.089070 0
0.769130 0.014482 0
0.740255 0.098400 0
223 3
0.889948 0.333849 0
0.722080 0.212271 0
0.723029 0.333849 0
224 3
0.889948 0.333849 0
0.887001 0.199513 0
0.722080 0.212271 0
225 3
0.886579 0.428527 0
0.723029 0.333849 0
0.726397 0.428527 0
226 3
0.886579 0.428527 0
0.889948 0.333849 0
0.723029 0.333849 0
227 3
0.879249 0.560885 0
0.726397 0.428527 0
0.733728 0.560885 0
228 3
0.879249 0.560885 0
0.886579 0.428527 0
0.726397 0.428527 0
229 3
0.871493 0.742650 0
0.733728 0.560885 0
0.741483 0.742650 0
230 3
0.871493 0.742650 0
0.879249 0.560885 0
0.733728 0.560885 0
231 3
0.868827 0.809995 0
0.741483 0.742650 0
0.744150 0.809995 0
232 3
0.868827 0.809995 0
0.871493 0.742650 0
0.741483 0.742650 0
233 3
0.865159 0.990143 0
0.744150 0.809995 0
0.743651 0.990143 0
234 3
0.865159 0.990143 0
0.868827 0.809995 0
0.744150 0.809995 0
235 3
0.700602 0.991623 0
0.702446 0.990950 0
0.788498 0.990599 0
236 3
0.159536 0.086479 0
0.157978 0.018548 0
0.261388 0.067035 0
237 3
0.146847 0.659829 0
0.175691 0.617938 0
0.175928 0.659829 0
238 3
0.146847 0.659829 0
0.147085 0.617938 0
0.175691 0.617938 0
239 3
0.145107 0.681622 0
0.175928 0.659829 0
0.177669 0.681622 0
240 3
0.146847 0.659829 0
0.175928 0.659829 0
0.145107 0.681622 0
241 3
0.135778 0.393526 0
0.157575 0.208766 0
0.186998 0.382415 0
242 3
0.147372 0.434052 0
0.186998 0.382415 0
0.175403 0.434052 0
243 3
0.147372 0.434052 0
0.135778 0.393526 0
0.186998 0.382415 0
244 3
0.148077 0.466258 0
0.175403 0.434052 0
0.174698 0.466258 0
245 3
0.147372 0.434052 0
0.175403 0.434052 0
0.148077 0.466258 0
246 3
0.174103 0.544507 0
0.175691 0.617938 0
0.147085 0.617938 0
247 3
0.148673 0.544507 0
0.174103 0.544507 0
0.147085 0.617938 0
248 3
0.174698 0.466258 0
0.174103 0.544507 0
0.148673 0.544507 0
249 3
0.148077 0.466258 0
0.174698 0.466258 0
0.148673 0.544507 0
250 3
0.542939 0.778306 0
0.547767 0.683594 0
0.596440 0.671962 0
251 3
0.990061 0.989052 0
0.990249 0.980280 0
0.964258 0.982596 0
252 3
0.990061 0.989052 0
0.964258 0.982596 0
0.968972 0.986199 0
253 3
0.582845 0.769977 0
0.689444 0.714851 0
0.696211 0.781715 0
254 3
0.805220 0.148191 0
0.675854 0.046418 0
0.805315 0.050172 0
255 3
0.709842 0.137137 0
0.675854 0.046418 0
0.805220 0.148191 0
256 3
0.709842 0.137137 0
0.559140 0.060286 0
0.675854 0.046418 0
257 3
0.560353 0.136946 0
0.559140 0.060286 0
0.709842 0.137137 0
258 3
0.560353 0.136946 0
0.422112 0.075392 0
0.559140 0.060286 0
259 3
0.455540 0.144229 0
0.422112 0.075392 0
0.560353 0.136946 0
260 3
0.567213 0.368462 0
0.555596 0.345263 0
0.599709 0.374258 0
261 3
0.709471 0.557285 0
0.804271 0.432916 0
0.790739 0.554138 0
262 3
0.709471 0.557285 0
0.723051 0.439719 0
0.804271 0.432916 0
263 3
0.625146 0.575513 0
0.723051 0.439719 0
0.709471 0.557285 0
264 3
0.625146 0.575513 0
0.633422 0.402510 0
0.723051 0.439719 0
265 3
0.470247 0.990335 0
0.461406 0.970899 0
0.525716 0.991785 0
266 3
0.461406 0.970899 0
0.515540 0.868103 0
0.525716 0.991785 0
267 3
0.968972 0.986199 0
0.989574 0.947456 0
0.990061 0.989052 0
268 3
0.991856 0.817093 0
0.993866 0.850813 0
0.988619 0.823670 0
269 3
0.988619 0.823670 0
0.965614 0.818201 0
0.991856 0.817093 0
270 3
0.966407 0.837086 0
0.991856 0.817093 0
0.965614 0.818201 0
271 3
0.991411 0.838457 0
0.991856 0.817093 0
0.966407 0.837086 0
272 3
0.962226 0.935193 0
0.991411 0.838457 0
0.966407 0.837086 0
273 3
0.962226 0.935193 0
0.989763 0.934744 0
0.991411 0.838457 0
274 3
0.964258 0.982596 0
0.989763 0.934744 0
0.962226 0.935193 0
275 3
0.964258 0.982596 0
0.990249 0.980280 0
0.989763 0.934744 0
276 3
0.559140 0.060286 0
0.491947 0.009161 0
0.574038 0.008834 0
277 3
0.595399 0.028661 0
0.628560 0.113683 0
0.671879 0.026522 0
278 3
0.723051 0.439719 0
0.806093 0.331743 0
0.804271 0.432916 0
279 3
0.723051 0.439719 0
0.721648 0.331449 0
0.806093 0.331743 0
280 3
0.806093 0.331743 0
0.709842 0.137137 0
0.805220 0.148191 0
281 3
0.806093 0.331743 0
0.721648 0.331449 0
0.709842 0.137137 0
282 3
0.744169 0.032615 0
0.628560 0.113683 0
0.806187 0.075646 0
283 3
0.515540 0.868103 0
0.483198 0.827076 0
0.542939 0.778306 0
284 3
0.515540 0.868103 0
0.542939 0.778306 0
0.582845 0.769977 0
285 3
0.671879 0.026522 0
0.628560 0.113683 0
0.744169 0.032615 0
286 3
0.496818 0.048616 0
0.628560 0.113683 0
0.595399 0.028661 0
287 3
0.515540 0.868103 0
0.582845 0.769977 0
0.525716 0.991785 0
288 3
0.338496 0.012289 0
0.407117 0.009373 0
0.332659 0.121094 0
289 3
0.422112 0.075392 0
0.332659 0.121094 0
0.407117 0.009373 0
290 3
0.559140 0.060286 0
0.670107 0.007669 0
0.675854 0.046418 0
291 3
0.559140 0.060286 0
0.574038 0.008834 0
0.670107 0.007669 0
292 3
0.478566 0.590509 0
0.544981 0.592415 0
0.547767 0.683594 0
293 3
0.478566 0.590509 0
0.551979 0.424918 0
0.544981 0.592415 0
294 3
0.198938 0.470006 0
0.175403 0.434052 0
0.186998 0.382415 0
295 3
0.238265 0.435501 0
0.186998 0.382415 0
0.240940 0.378034 0
296 3
0.198938 0.470006 0
0.186998 0.382415 0
0.238265 0.435501 0
297 3
0.280110 0.474370 0
0.283991 0.394216 0
0.304676 0.469465 0
298 3
0.240940 0.378034 0
0.283991 0.394216 0
0.238265 0.435501 0
299 3
0.175928 0.659829 0
0.175691 0.617938 0
0.207216 0.655723 0
300 3
0.177669 0.681622 0
0.175928 0.659829 0
0.207216 0.655723 0
301 3
0.362125 0.396674 0
0.366066 0.264123 0
0.460032 0.257916 0
302 3
0.186998 0.382415 0
0.263654 0.205396 0
0.240940 0.378034 0
303 3
0.186998 0.382415 0
0.157575 0.208766 0
0.263654 0.205396 0
304 3
0.174698 0.466258 0
0.175403 0.434052 0
0.198938 0.470006 0
305 3
0.240940 0.378034 0
0.263654 0.205396 0
0.283991 0.394216 0
306 3
0.304676 0.469465 0
0.282746 0.606066 0
0.280110 0.474370 0
307 3
0.280110 0.474370 0
0.282746 0.606066 0
0.238694 0.489476 0
308 3
0.238694 0.489476 0
0.198938 0.470006 0
0.238265 0.435501 0
309 3
0.238694 0.489476 0
0.238265 0.435501 0
0.280110 0.474370 0
310 3
0.238694 0.489476 0
0.207401 0.619793 0
0.198938 0.470006 0
311 3
0.238694 0.489476 0
0.282746 0.606066 0
0.207401 0.619793 0
312 3
0.282746 0.606066 0
0.207216 0.655723 0
0.207401 0.619793 0
313 3
0.174103 0.544507 0
0.174698 0.466258 0
0.207401 0.619793 0
314 3
0.207401 0.619793 0
0.207216 0.655723 0
0.175691 0.617938 0
315 3
0.174103 0.544507 0
0.207401 0.619793 0
0.175691 0.617938 0
316 3
0.207401 0.619793 0
0.174698 0.466258 0
0.198938 0.470006 0
4
0.000000 -90.000000 0.000000
0.000000 180.000000 0.000000
0.000000 0.000000 0.000000
14.782056 28.564112 20.124475
4
-90.000000 0.000000 0.000000
0.000000 0.000000 0.000000
0.000000 0.000000 0.000000
9.057667 5.028833 15.624898
4
0.000000 0.000000 0.000000
0.000000 0.000000 0.000000
0.000000 0.000000 0.000000
10.749121 20.706303 15.727712
4
0.000000 0.000000 0.000000
0.000000 0.000000 0.000000
0.000000 0.000000 0.000000
18.282286 6.316118 12.299202
4
0.000000 0.000000 0.000000
0.000000 0.000000 0.000000
0.000000 0.000000 0.000000
7.056373 27.754972 17.405672
