2
1
hd_coakl
NBAonNBC\HEADS\New_York\LWO\hd_coakl.TGA
305
0 3
0.572185 0.991468 0
0.724078 0.991113 0
0.724078 0.751533 0
1 3
0.572185 0.991468 0
0.724078 0.751533 0
0.572552 0.743216 0
2 3
0.572185 0.991468 0
0.572552 0.743216 0
0.724078 0.751533 0
3 3
0.572185 0.991468 0
0.724078 0.751533 0
0.724078 0.991113 0
4 3
0.626123 0.424372 0
0.620457 0.273375 0
0.491941 0.282121 0
5 3
0.626123 0.424372 0
0.491941 0.282121 0
0.503980 0.447655 0
6 3
0.503980 0.447655 0
0.541126 0.514452 0
0.626123 0.424372 0
7 3
0.491941 0.282121 0
0.620457 0.273375 0
0.626123 0.424372 0
8 3
0.503980 0.447655 0
0.491941 0.282121 0
0.626123 0.424372 0
9 3
0.626123 0.424372 0
0.541126 0.514452 0
0.503980 0.447655 0
10 3
0.626123 0.424372 0
0.617243 0.558447 0
0.724083 0.521224 0
11 3
0.626123 0.424372 0
0.724083 0.521224 0
0.724083 0.395747 0
12 3
0.626123 0.424372 0
0.724083 0.395747 0
0.724083 0.521224 0
13 3
0.626123 0.424372 0
0.724083 0.521224 0
0.617243 0.558447 0
14 3
0.362220 0.824147 0
0.366025 0.555082 0
0.284212 0.562921 0
15 3
0.362220 0.824147 0
0.258994 0.752644 0
0.284212 0.562921 0
16 3
0.362220 0.824147 0
0.284212 0.562921 0
0.258994 0.752644 0
17 3
0.362220 0.824147 0
0.284212 0.562921 0
0.366025 0.555082 0
18 3
0.809078 0.405318 0
0.551830 0.222429 0
0.636966 0.382159 0
19 3
0.492267 0.062431 0
0.395756 0.062414 0
0.403011 0.304977 0
20 3
0.492267 0.062431 0
0.403011 0.304977 0
0.395756 0.062414 0
21 3
0.809078 0.405318 0
0.636966 0.382159 0
0.551830 0.222429 0
22 3
0.263063 0.179855 0
0.281800 0.350199 0
0.403011 0.304977 0
23 3
0.403011 0.304977 0
0.395756 0.062414 0
0.263063 0.179855 0
24 3
0.403011 0.304977 0
0.281800 0.350199 0
0.263063 0.179855 0
25 3
0.263063 0.179855 0
0.395756 0.062414 0
0.403011 0.304977 0
26 3
0.362220 0.824147 0
0.431227 0.739079 0
0.430553 0.687472 0
27 3
0.362220 0.824147 0
0.430553 0.687472 0
0.366025 0.555082 0
28 3
0.362220 0.824147 0
0.366025 0.555082 0
0.430553 0.687472 0
29 3
0.362220 0.824147 0
0.430553 0.687472 0
0.431227 0.739079 0
30 3
0.403011 0.304977 0
0.297486 0.467847 0
0.366025 0.555082 0
31 3
0.403011 0.304977 0
0.366025 0.555082 0
0.444083 0.529300 0
32 3
0.403011 0.304977 0
0.444083 0.529300 0
0.366025 0.555082 0
33 3
0.403011 0.304977 0
0.366025 0.555082 0
0.297486 0.467847 0
34 3
0.366025 0.555082 0
0.430553 0.687472 0
0.444083 0.529300 0
35 3
0.366025 0.555082 0
0.444083 0.529300 0
0.430553 0.687472 0
36 3
0.298569 0.977526 0
0.190195 0.991348 0
0.190195 0.991348 0
37 3
0.298569 0.977526 0
0.190195 0.991348 0
0.298569 0.977526 0
38 3
0.298569 0.977526 0
0.237445 0.938601 0
0.190195 0.991348 0
39 3
0.298569 0.977526 0
0.190195 0.991348 0
0.237445 0.938601 0
40 3
0.298569 0.977526 0
0.362220 0.824147 0
0.397443 0.846837 0
41 3
0.298569 0.977526 0
0.356164 0.947551 0
0.397443 0.846837 0
42 3
0.298569 0.977526 0
0.397443 0.846837 0
0.356164 0.947551 0
43 3
0.298569 0.977526 0
0.397443 0.846837 0
0.362220 0.824147 0
44 3
0.356164 0.947551 0
0.356164 0.947551 0
0.298569 0.977526 0
45 3
0.356164 0.947551 0
0.298569 0.977526 0
0.298569 0.977526 0
46 3
0.362220 0.824147 0
0.237445 0.938601 0
0.298569 0.977526 0
47 3
0.362220 0.824147 0
0.298569 0.977526 0
0.237445 0.938601 0
48 3
0.237445 0.938601 0
0.362220 0.824147 0
0.258994 0.752644 0
49 3
0.237445 0.938601 0
0.258994 0.752644 0
0.362220 0.824147 0
50 3
0.362220 0.824147 0
0.397443 0.846837 0
0.430919 0.767455 0
51 3
0.362220 0.824147 0
0.430919 0.767455 0
0.431227 0.739079 0
52 3
0.362220 0.824147 0
0.431227 0.739079 0
0.430919 0.767455 0
53 3
0.362220 0.824147 0
0.430919 0.767455 0
0.397443 0.846837 0
54 3
0.527183 0.649137 0
0.430919 0.767455 0
0.572552 0.743216 0
55 3
0.527183 0.649137 0
0.572552 0.743216 0
0.430919 0.767455 0
56 3
0.572185 0.991468 0
0.572552 0.743216 0
0.430919 0.767455 0
57 3
0.572185 0.991468 0
0.430919 0.767455 0
0.572552 0.743216 0
58 3
0.263063 0.179855 0
0.395756 0.062414 0
0.238308 0.062394 0
59 3
0.263063 0.179855 0
0.238308 0.062394 0
0.395756 0.062414 0
60 3
0.452966 0.710241 0
0.430553 0.687472 0
0.444083 0.529300 0
61 3
0.452966 0.710241 0
0.444083 0.529300 0
0.472863 0.478936 0
62 3
0.452966 0.710241 0
0.472863 0.478936 0
0.444083 0.529300 0
63 3
0.444083 0.529300 0
0.430553 0.687472 0
0.452966 0.710241 0
64 3
0.504679 0.648256 0
0.452966 0.710241 0
0.472863 0.478936 0
65 3
0.504679 0.648256 0
0.472863 0.478936 0
0.503882 0.470430 0
66 3
0.504679 0.648256 0
0.503882 0.470430 0
0.472863 0.478936 0
67 3
0.504679 0.648256 0
0.472863 0.478936 0
0.452966 0.710241 0
68 3
0.504679 0.648256 0
0.527948 0.527453 0
0.503882 0.470430 0
69 3
0.572185 0.991468 0
0.430919 0.767455 0
0.422271 0.991167 0
70 3
0.572185 0.991468 0
0.422271 0.991167 0
0.430919 0.767455 0
71 3
0.617243 0.558447 0
0.626123 0.424372 0
0.541126 0.514452 0
72 3
0.541126 0.514452 0
0.527183 0.649137 0
0.617243 0.558447 0
73 3
0.541126 0.514452 0
0.626123 0.424372 0
0.617243 0.558447 0
74 3
0.617243 0.558447 0
0.527183 0.649137 0
0.541126 0.514452 0
75 3
0.504679 0.648256 0
0.503882 0.470430 0
0.527948 0.527453 0
76 3
0.430919 0.767455 0
0.527183 0.649137 0
0.431227 0.739079 0
77 3
0.430919 0.767455 0
0.431227 0.739079 0
0.527183 0.649137 0
78 3
0.572552 0.743216 0
0.617243 0.558447 0
0.527183 0.649137 0
79 3
0.527183 0.649137 0
0.617243 0.558447 0
0.572552 0.743216 0
80 3
0.572552 0.743216 0
0.724081 0.637285 0
0.617243 0.558447 0
81 3
0.572552 0.743216 0
0.617243 0.558447 0
0.724081 0.637285 0
82 3
0.572276 0.991203 0
0.572185 0.991468 0
0.434451 0.991458 0
83 3
0.434451 0.991458 0
0.572185 0.991468 0
0.422271 0.991167 0
84 3
0.434451 0.991458 0
0.422271 0.991167 0
0.356427 0.991431 0
85 3
0.572276 0.991203 0
0.724078 0.991113 0
0.572185 0.991468 0
86 3
0.572552 0.743216 0
0.724078 0.751533 0
0.724081 0.637285 0
87 3
0.477608 0.361248 0
0.556401 0.145723 0
0.627727 0.173040 0
88 3
0.589205 0.370562 0
0.477608 0.361248 0
0.627727 0.173040 0
89 3
0.589205 0.370562 0
0.627727 0.173040 0
0.777765 0.192034 0
90 3
0.757945 0.389706 0
0.589205 0.370562 0
0.777765 0.192034 0
91 3
0.809078 0.405318 0
0.784810 0.223982 0
0.551830 0.222429 0
92 3
0.472863 0.478936 0
0.503980 0.447655 0
0.491941 0.282121 0
93 3
0.472863 0.478936 0
0.491941 0.282121 0
0.403011 0.304977 0
94 3
0.617243 0.558447 0
0.724081 0.637285 0
0.724083 0.521224 0
95 3
0.356427 0.991431 0
0.422271 0.991167 0
0.356164 0.947551 0
96 3
0.356164 0.947551 0
0.422271 0.991167 0
0.397443 0.846837 0
97 3
0.403011 0.304977 0
0.444083 0.529300 0
0.472863 0.478936 0
98 3
0.491941 0.282121 0
0.492267 0.062431 0
0.403011 0.304977 0
99 3
0.626123 0.424372 0
0.724083 0.395747 0
0.724083 0.266526 0
100 3
0.626123 0.424372 0
0.724083 0.266526 0
0.620457 0.273375 0
101 3
0.724083 0.266526 0
0.724083 0.062450 0
0.621449 0.062452 0
102 3
0.724083 0.266526 0
0.621449 0.062452 0
0.620457 0.273375 0
103 3
0.397443 0.846837 0
0.422271 0.991167 0
0.430919 0.767455 0
104 3
0.491941 0.282121 0
0.620457 0.273375 0
0.621449 0.062452 0
105 3
0.491941 0.282121 0
0.621449 0.062452 0
0.492267 0.062431 0
106 3
0.606670 0.288602 0
0.763517 0.343955 0
0.686319 0.213892 0
107 3
0.281800 0.350199 0
0.297486 0.467847 0
0.403011 0.304977 0
108 3
0.366025 0.555082 0
0.297486 0.467847 0
0.284212 0.562921 0
109 3
0.572276 0.991203 0
0.434451 0.991458 0
0.572185 0.991468 0
110 3
0.434451 0.991458 0
0.422271 0.991167 0
0.572185 0.991468 0
111 3
0.434451 0.991458 0
0.356427 0.991431 0
0.422271 0.991167 0
112 3
0.356427 0.991431 0
0.356164 0.947551 0
0.356164 0.947551 0
113 3
0.356427 0.991431 0
0.356164 0.947551 0
0.356427 0.991431 0
114 3
0.434451 0.991458 0
0.356427 0.991431 0
0.356427 0.991431 0
115 3
0.572276 0.991203 0
0.572185 0.991468 0
0.724078 0.991113 0
116 3
0.572552 0.743216 0
0.724081 0.637285 0
0.724078 0.751533 0
117 3
0.477608 0.361248 0
0.627727 0.173040 0
0.556401 0.145723 0
118 3
0.589205 0.370562 0
0.627727 0.173040 0
0.477608 0.361248 0
119 3
0.589205 0.370562 0
0.777765 0.192034 0
0.627727 0.173040 0
120 3
0.757945 0.389706 0
0.777765 0.192034 0
0.589205 0.370562 0
121 3
0.809078 0.405318 0
0.551830 0.222429 0
0.784810 0.223982 0
122 3
0.472863 0.478936 0
0.491941 0.282121 0
0.503980 0.447655 0
123 3
0.472863 0.478936 0
0.403011 0.304977 0
0.491941 0.282121 0
124 3
0.617243 0.558447 0
0.724083 0.521224 0
0.724081 0.637285 0
125 3
0.356427 0.991431 0
0.356164 0.947551 0
0.422271 0.991167 0
126 3
0.356164 0.947551 0
0.397443 0.846837 0
0.422271 0.991167 0
127 3
0.403011 0.304977 0
0.472863 0.478936 0
0.444083 0.529300 0
128 3
0.491941 0.282121 0
0.403011 0.304977 0
0.492267 0.062431 0
129 3
0.626123 0.424372 0
0.724083 0.266526 0
0.724083 0.395747 0
130 3
0.626123 0.424372 0
0.620457 0.273375 0
0.724083 0.266526 0
131 3
0.724083 0.266526 0
0.621449 0.062452 0
0.724083 0.062450 0
132 3
0.724083 0.266526 0
0.620457 0.273375 0
0.621449 0.062452 0
133 3
0.397443 0.846837 0
0.430919 0.767455 0
0.422271 0.991167 0
134 3
0.491941 0.282121 0
0.621449 0.062452 0
0.620457 0.273375 0
135 3
0.491941 0.282121 0
0.492267 0.062431 0
0.621449 0.062452 0
136 3
0.606670 0.288602 0
0.686319 0.213892 0
0.763517 0.343955 0
137 3
0.281800 0.350199 0
0.403011 0.304977 0
0.297486 0.467847 0
138 3
0.366025 0.555082 0
0.284212 0.562921 0
0.297486 0.467847 0
139 3
0.069745 0.340270 0
0.045222 0.179901 0
0.063670 0.062394 0
140 3
0.238270 0.062394 0
0.262964 0.179901 0
0.241685 0.340270 0
141 3
0.154111 0.194391 0
0.069745 0.340270 0
0.063670 0.062394 0
142 3
0.154111 0.194391 0
0.238270 0.062394 0
0.241685 0.340270 0
143 3
0.237405 0.938724 0
0.183850 0.850574 0
0.223513 0.763085 0
144 3
0.237405 0.938724 0
0.223513 0.763085 0
0.258995 0.752674 0
145 3
0.081726 0.938724 0
0.049227 0.752674 0
0.084709 0.762371 0
146 3
0.081726 0.938724 0
0.084709 0.762371 0
0.124372 0.850461 0
147 3
0.193374 0.953578 0
0.190196 0.991386 0
0.118026 0.991386 0
148 3
0.118026 0.991386 0
0.114848 0.953578 0
0.193374 0.953578 0
149 3
0.114848 0.953578 0
0.118026 0.991386 0
0.081726 0.938724 0
150 3
0.193374 0.953578 0
0.237405 0.938724 0
0.190196 0.991386 0
151 3
0.072818 0.409417 0
0.029219 0.464530 0
0.044629 0.416041 0
152 3
0.026495 0.350267 0
0.072818 0.409417 0
0.044629 0.416041 0
153 3
0.029219 0.464530 0
0.026495 0.350267 0
0.044629 0.416041 0
154 3
0.222386 0.414638 0
0.258830 0.424925 0
0.269623 0.464530 0
155 3
0.281831 0.350267 0
0.258830 0.424925 0
0.222386 0.414638 0
156 3
0.269623 0.464530 0
0.258830 0.424925 0
0.281831 0.350267 0
157 3
0.084709 0.762371 0
0.094219 0.596754 0
0.126777 0.702698 0
158 3
0.126777 0.702698 0
0.126872 0.764024 0
0.084709 0.762371 0
159 3
0.181445 0.702698 0
0.204769 0.596754 0
0.223513 0.763085 0
160 3
0.223513 0.763085 0
0.180981 0.763986 0
0.181445 0.702698 0
161 3
0.126872 0.764024 0
0.126777 0.702698 0
0.181445 0.702698 0
162 3
0.126872 0.764024 0
0.181445 0.702698 0
0.180981 0.763986 0
163 3
0.126777 0.702698 0
0.128067 0.612747 0
0.170921 0.612747 0
164 3
0.170921 0.612747 0
0.181445 0.702698 0
0.126777 0.702698 0
165 3
0.204769 0.596754 0
0.181445 0.702698 0
0.170921 0.612747 0
166 3
0.128067 0.612747 0
0.126777 0.702698 0
0.094219 0.596754 0
167 3
0.124372 0.850461 0
0.183850 0.850574 0
0.193374 0.953578 0
168 3
0.124372 0.850461 0
0.193374 0.953578 0
0.114848 0.953578 0
169 3
0.114848 0.953578 0
0.081726 0.938724 0
0.124372 0.850461 0
170 3
0.183850 0.850574 0
0.237405 0.938724 0
0.193374 0.953578 0
171 3
0.183850 0.850574 0
0.184830 0.815476 0
0.223513 0.763085 0
172 3
0.184830 0.815476 0
0.183850 0.850574 0
0.124372 0.850461 0
173 3
0.184830 0.815476 0
0.124372 0.850461 0
0.123392 0.815474 0
174 3
0.184830 0.815476 0
0.123392 0.815474 0
0.153927 0.763228 0
175 3
0.123392 0.815474 0
0.126836 0.763814 0
0.153927 0.763228 0
176 3
0.084709 0.762371 0
0.123392 0.815474 0
0.124372 0.850461 0
177 3
0.184830 0.815476 0
0.153927 0.763228 0
0.181017 0.763817 0
178 3
0.184830 0.815476 0
0.181017 0.763817 0
0.223513 0.763085 0
179 3
0.084709 0.762371 0
0.126836 0.763814 0
0.123392 0.815474 0
180 3
0.023949 0.562833 0
0.094219 0.596754 0
0.049227 0.752674 0
181 3
0.258995 0.752674 0
0.204769 0.596754 0
0.284274 0.562833 0
182 3
0.223513 0.763085 0
0.204769 0.596754 0
0.258995 0.752674 0
183 3
0.084709 0.762371 0
0.049227 0.752674 0
0.094219 0.596754 0
184 3
0.154111 0.194391 0
0.120969 0.364323 0
0.069745 0.340270 0
185 3
0.447398 0.289371 0
0.544752 0.172261 0
0.544752 0.251842 0
186 3
0.447398 0.289371 0
0.465958 0.153200 0
0.544752 0.172261 0
187 3
0.642105 0.289371 0
0.544752 0.251842 0
0.544752 0.172261 0
188 3
0.642105 0.289371 0
0.544752 0.172261 0
0.623546 0.153200 0
189 3
0.154111 0.194391 0
0.063670 0.062394 0
0.150970 0.062346 0
190 3
0.114827 0.444914 0
0.120969 0.364323 0
0.138418 0.411195 0
191 3
0.072818 0.409417 0
0.069745 0.340270 0
0.120969 0.364323 0
192 3
0.114827 0.444914 0
0.072818 0.409417 0
0.120969 0.364323 0
193 3
0.029219 0.464530 0
0.009594 0.467694 0
0.026495 0.350267 0
194 3
0.069745 0.340270 0
0.072818 0.409417 0
0.026495 0.350267 0
195 3
0.128378 0.578456 0
0.094219 0.596754 0
0.128575 0.533202 0
196 3
0.128067 0.612747 0
0.094219 0.596754 0
0.128378 0.578456 0
197 3
0.138996 0.438384 0
0.114827 0.444914 0
0.138418 0.411195 0
198 3
0.069745 0.340270 0
0.026495 0.350267 0
0.045222 0.179901 0
199 3
0.009594 0.467694 0
0.029219 0.464530 0
0.023949 0.562833 0
200 3
0.029219 0.464530 0
0.072448 0.465601 0
0.023949 0.562833 0
201 3
0.072448 0.465601 0
0.072818 0.409417 0
0.114827 0.444914 0
202 3
0.029219 0.464530 0
0.072818 0.409417 0
0.072448 0.465601 0
203 3
0.072448 0.465601 0
0.114827 0.444914 0
0.106156 0.510902 0
204 3
0.072448 0.465601 0
0.106156 0.510902 0
0.023949 0.562833 0
205 3
0.023949 0.562833 0
0.106156 0.510902 0
0.094219 0.596754 0
206 3
0.138188 0.482301 0
0.106156 0.510902 0
0.138996 0.438384 0
207 3
0.106156 0.510902 0
0.128575 0.533202 0
0.094219 0.596754 0
208 3
0.138188 0.482301 0
0.128575 0.533202 0
0.106156 0.510902 0
209 3
0.106156 0.510902 0
0.114827 0.444914 0
0.138996 0.438384 0
210 3
0.154111 0.194391 0
0.150970 0.062346 0
0.238270 0.062394 0
211 3
0.128378 0.578456 0
0.170413 0.533202 0
0.170610 0.578456 0
212 3
0.128378 0.578456 0
0.128575 0.533202 0
0.170413 0.533202 0
213 3
0.128067 0.612747 0
0.170610 0.578456 0
0.170921 0.612747 0
214 3
0.128378 0.578456 0
0.170610 0.578456 0
0.128067 0.612747 0
215 3
0.120969 0.364323 0
0.154111 0.194391 0
0.183618 0.364323 0
216 3
0.138418 0.411195 0
0.183618 0.364323 0
0.169804 0.411195 0
217 3
0.138418 0.411195 0
0.120969 0.364323 0
0.183618 0.364323 0
218 3
0.138996 0.438384 0
0.169804 0.411195 0
0.169226 0.438384 0
219 3
0.138418 0.411195 0
0.169804 0.411195 0
0.138996 0.438384 0
220 3
0.170034 0.482301 0
0.170413 0.533202 0
0.128575 0.533202 0
221 3
0.138188 0.482301 0
0.170034 0.482301 0
0.128575 0.533202 0
222 3
0.169226 0.438384 0
0.170034 0.482301 0
0.138188 0.482301 0
223 3
0.138996 0.438384 0
0.169226 0.438384 0
0.138188 0.482301 0
224 3
0.189759 0.444914 0
0.169804 0.411195 0
0.183618 0.364323 0
225 3
0.222386 0.414638 0
0.183618 0.364323 0
0.241685 0.340270 0
226 3
0.189759 0.444914 0
0.183618 0.364323 0
0.222386 0.414638 0
227 3
0.269623 0.464530 0
0.281831 0.350267 0
0.297499 0.467694 0
228 3
0.241685 0.340270 0
0.281831 0.350267 0
0.222386 0.414638 0
229 3
0.170610 0.578456 0
0.170413 0.533202 0
0.204769 0.596754 0
230 3
0.170921 0.612747 0
0.170610 0.578456 0
0.204769 0.596754 0
231 3
0.154111 0.194391 0
0.241685 0.340270 0
0.183618 0.364323 0
232 3
0.169226 0.438384 0
0.169804 0.411195 0
0.189759 0.444914 0
233 3
0.241685 0.340270 0
0.262964 0.179901 0
0.281831 0.350267 0
234 3
0.297499 0.467694 0
0.284274 0.562833 0
0.269623 0.464530 0
235 3
0.269623 0.464530 0
0.284274 0.562833 0
0.222757 0.461938 0
236 3
0.222757 0.461938 0
0.189759 0.444914 0
0.222386 0.414638 0
237 3
0.269623 0.464530 0
0.222757 0.461938 0
0.222386 0.414638 0
238 3
0.222757 0.461938 0
0.198430 0.510902 0
0.189759 0.444914 0
239 3
0.222757 0.461938 0
0.284274 0.562833 0
0.198430 0.510902 0
240 3
0.284274 0.562833 0
0.204769 0.596754 0
0.198430 0.510902 0
241 3
0.170034 0.482301 0
0.169226 0.438384 0
0.198430 0.510902 0
242 3
0.198430 0.510902 0
0.204769 0.596754 0
0.170413 0.533202 0
243 3
0.170034 0.482301 0
0.198430 0.510902 0
0.170413 0.533202 0
244 3
0.198430 0.510902 0
0.169226 0.438384 0
0.189759 0.444914 0
245 3
0.991797 0.824319 0
0.989589 0.817899 0
0.932270 0.818850 0
246 3
0.991398 0.820656 0
0.933301 0.818850 0
0.989051 0.814236 0
247 3
0.990839 0.945408 0
0.933076 0.937378 0
0.934073 0.857526 0
248 3
0.934073 0.857526 0
0.989797 0.862615 0
0.990839 0.945408 0
249 3
0.933776 0.857526 0
0.935114 0.937378 0
0.990078 0.941745 0
250 3
0.990078 0.941745 0
0.991121 0.858952 0
0.933776 0.857526 0
251 3
0.989986 0.988838 0
0.933076 0.937378 0
0.990839 0.945408 0
252 3
0.989986 0.988838 0
0.931937 0.991845 0
0.933076 0.937378 0
253 3
0.931937 0.991845 0
0.989986 0.988838 0
0.989281 0.959912 0
254 3
0.934073 0.857526 0
0.932270 0.818850 0
0.989589 0.817899 0
255 3
0.989797 0.862615 0
0.934073 0.857526 0
0.989589 0.817899 0
256 3
0.990931 0.985175 0
0.990078 0.941745 0
0.935114 0.937378 0
257 3
0.990931 0.985175 0
0.935114 0.937378 0
0.933975 0.991845 0
258 3
0.933975 0.991845 0
0.989359 0.956249 0
0.990931 0.985175 0
259 3
0.933776 0.857526 0
0.989051 0.814236 0
0.933301 0.818850 0
260 3
0.991121 0.858952 0
0.989051 0.814236 0
0.933776 0.857526 0
261 3
0.868187 0.238076 0
0.828002 0.347352 0
0.673041 0.218035 0
262 3
0.673041 0.218035 0
0.835577 0.121322 0
0.868187 0.238076 0
263 3
0.710494 0.376273 0
0.612560 0.365167 0
0.673041 0.218035 0
264 3
0.526508 0.323034 0
0.469686 0.246343 0
0.673041 0.218035 0
265 3
0.612560 0.365167 0
0.526508 0.323034 0
0.673041 0.218035 0
266 3
0.828002 0.347352 0
0.710494 0.376273 0
0.673041 0.218035 0
267 3
0.472690 0.150106 0
0.673041 0.218035 0
0.469686 0.246343 0
268 3
0.720821 0.068537 0
0.673041 0.218035 0
0.622348 0.059777 0
269 3
0.533916 0.084961 0
0.673041 0.218035 0
0.472690 0.150106 0
270 3
0.622348 0.059777 0
0.673041 0.218035 0
0.533916 0.084961 0
271 3
0.835577 0.121322 0
0.673041 0.218035 0
0.720821 0.068537 0
272 3
0.627727 0.173040 0
0.556401 0.145723 0
0.636512 0.022630 0
273 3
0.627727 0.173040 0
0.704798 0.033574 0
0.636512 0.022630 0
274 3
0.627727 0.173040 0
0.704798 0.033574 0
0.805708 0.061394 0
275 3
0.627727 0.173040 0
0.777765 0.192034 0
0.805707 0.061394 0
276 3
0.627727 0.173040 0
0.805708 0.061394 0
0.777765 0.192034 0
277 3
0.627727 0.173040 0
0.805707 0.061394 0
0.704798 0.033574 0
278 3
0.592310 0.312913 0
0.620253 0.182273 0
0.733817 0.206419 0
279 3
0.805201 0.344748 0
0.592310 0.312913 0
0.733817 0.206419 0
280 3
0.627727 0.173040 0
0.636512 0.022630 0
0.704798 0.033574 0
281 3
0.544095 0.131241 0
0.636550 0.247906 0
0.698384 0.133994 0
282 3
0.636550 0.247906 0
0.544095 0.131241 0
0.531668 0.345225 0
283 3
0.592310 0.312913 0
0.733817 0.206419 0
0.620253 0.182273 0
284 3
0.805201 0.344748 0
0.733817 0.206419 0
0.592310 0.312913 0
285 3
0.627727 0.173040 0
0.636512 0.022630 0
0.556401 0.145723 0
286 3
0.544095 0.131241 0
0.698384 0.133994 0
0.636550 0.247906 0
287 3
0.636550 0.247906 0
0.531668 0.345225 0
0.544095 0.131241 0
288 3
0.815489 0.991091 0
0.907099 0.991018 0
0.724312 0.991018 0
289 3
0.862698 0.542408 0
0.686765 0.358129 0
0.652372 0.542408 0
290 3
0.862698 0.542408 0
0.829210 0.358129 0
0.686765 0.358129 0
291 3
0.829210 0.358129 0
0.794051 0.252882 0
0.721924 0.252882 0
292 3
0.829210 0.358129 0
0.721924 0.252882 0
0.686765 0.358129 0
293 3
0.907933 0.267694 0
0.724246 0.062445 0
0.724113 0.267694 0
294 3
0.907933 0.267694 0
0.907353 0.062445 0
0.724246 0.062445 0
295 3
0.907561 0.396142 0
0.724113 0.267694 0
0.724193 0.396142 0
296 3
0.907561 0.396142 0
0.907933 0.267694 0
0.724113 0.267694 0
297 3
0.907268 0.520919 0
0.724193 0.396142 0
0.724258 0.520919 0
298 3
0.907268 0.520919 0
0.907561 0.396142 0
0.724193 0.396142 0
299 3
0.907157 0.637613 0
0.724258 0.520919 0
0.724283 0.637613 0
300 3
0.907157 0.637613 0
0.907268 0.520919 0
0.724258 0.520919 0
301 3
0.906798 0.752328 0
0.724283 0.637613 0
0.724379 0.752328 0
302 3
0.906798 0.752328 0
0.907157 0.637613 0
0.724283 0.637613 0
303 3
0.907099 0.991018 0
0.724379 0.752328 0
0.724312 0.991018 0
304 3
0.907099 0.991018 0
0.906798 0.752328 0
0.724379 0.752328 0
4
0.000000 0.000000 0.000000
0.000000 0.000000 0.000000
0.000000 0.000000 0.000000
1.000000 1.000000 1.000000
