2
1
hd_cgatl_1
NBAonNBC\HEADS\New_Jersey\LWO\hd_cgatl.TGA
321
0 3
0.507514 0.478286 0
0.477249 0.403402 0
0.434216 0.454697 0
1 3
0.496338 0.586827 0
0.507514 0.478286 0
0.434216 0.454697 0
2 3
0.462505 0.674422 0
0.496338 0.586827 0
0.434216 0.454697 0
3 3
0.462505 0.674422 0
0.434216 0.454697 0
0.427732 0.629798 0
4 3
0.427732 0.629798 0
0.443908 0.682951 0
0.462505 0.674422 0
5 3
0.434216 0.454697 0
0.477249 0.403402 0
0.507514 0.478286 0
6 3
0.434216 0.454697 0
0.507514 0.478286 0
0.496337 0.586827 0
7 3
0.434216 0.454697 0
0.496337 0.586827 0
0.462505 0.674422 0
8 3
0.427732 0.629798 0
0.434216 0.454697 0
0.462505 0.674422 0
9 3
0.462505 0.674422 0
0.443908 0.682951 0
0.427732 0.629798 0
10 3
0.198053 0.986019 0
0.362710 0.834409 0
0.398637 0.879129 0
11 3
0.198053 0.986019 0
0.361316 0.950772 0
0.398637 0.879129 0
12 3
0.198053 0.986019 0
0.398637 0.879129 0
0.361316 0.950772 0
13 3
0.198053 0.986019 0
0.398637 0.879129 0
0.362710 0.834409 0
14 3
0.361316 0.950772 0
0.361316 0.950772 0
0.198053 0.986019 0
15 3
0.361316 0.950772 0
0.198053 0.986019 0
0.198053 0.986019 0
16 3
0.475621 0.260896 0
0.491203 0.389152 0
0.601660 0.356423 0
17 3
0.475621 0.260896 0
0.601377 0.226865 0
0.601660 0.356423 0
18 3
0.491203 0.389152 0
0.515844 0.468716 0
0.601660 0.356423 0
19 3
0.601660 0.356423 0
0.515844 0.468716 0
0.491203 0.389152 0
20 3
0.596414 0.996014 0
0.712099 0.995749 0
0.712106 0.732855 0
21 3
0.596414 0.996014 0
0.595852 0.736259 0
0.712106 0.732855 0
22 3
0.596414 0.996014 0
0.712106 0.732855 0
0.595852 0.736259 0
23 3
0.596414 0.996014 0
0.712106 0.732855 0
0.712099 0.995749 0
24 3
0.236690 0.202437 0
0.339111 0.325415 0
0.334999 0.176970 0
25 3
0.236690 0.202437 0
0.334999 0.176970 0
0.332015 0.005640 0
26 3
0.236690 0.202437 0
0.332015 0.005640 0
0.334999 0.176970 0
27 3
0.236690 0.202437 0
0.334999 0.176970 0
0.339111 0.325415 0
28 3
0.511285 0.587657 0
0.465927 0.694254 0
0.598207 0.585480 0
29 3
0.598207 0.585480 0
0.601958 0.468908 0
0.511285 0.587657 0
30 3
0.598207 0.585480 0
0.465927 0.694254 0
0.511285 0.587657 0
31 3
0.511285 0.587657 0
0.601958 0.468908 0
0.598207 0.585480 0
32 3
0.362710 0.834409 0
0.355591 0.518226 0
0.275531 0.592695 0
33 3
0.362710 0.834409 0
0.254518 0.799875 0
0.275531 0.592695 0
34 3
0.362710 0.834409 0
0.275531 0.592695 0
0.254518 0.799875 0
35 3
0.362710 0.834409 0
0.275531 0.592695 0
0.355591 0.518226 0
36 3
0.362710 0.834409 0
0.233962 0.916652 0
0.198053 0.986019 0
37 3
0.362710 0.834409 0
0.198053 0.986019 0
0.233962 0.916652 0
38 3
0.332015 0.005640 0
0.220380 0.005634 0
0.236690 0.202437 0
39 3
0.236690 0.202437 0
0.220380 0.005634 0
0.332015 0.005640 0
40 3
0.334999 0.176970 0
0.339111 0.325415 0
0.475621 0.260896 0
41 3
0.475621 0.260896 0
0.466865 0.129277 0
0.334999 0.176970 0
42 3
0.475621 0.260896 0
0.339111 0.325415 0
0.334999 0.176970 0
43 3
0.334999 0.176970 0
0.466865 0.129277 0
0.475621 0.260896 0
44 3
0.355591 0.518226 0
0.434216 0.454697 0
0.339111 0.325415 0
45 3
0.339111 0.325415 0
0.304172 0.480562 0
0.355591 0.518226 0
46 3
0.339111 0.325415 0
0.434216 0.454697 0
0.355591 0.518226 0
47 3
0.355591 0.518226 0
0.304172 0.480562 0
0.339111 0.325415 0
48 3
0.463920 0.765548 0
0.424778 0.995487 0
0.596414 0.996014 0
49 3
0.596414 0.996014 0
0.595852 0.736259 0
0.463920 0.765548 0
50 3
0.596414 0.996014 0
0.424778 0.995487 0
0.463920 0.765548 0
51 3
0.463920 0.765548 0
0.595852 0.736259 0
0.596414 0.996014 0
52 3
0.465927 0.694254 0
0.428710 0.775103 0
0.463920 0.765548 0
53 3
0.465927 0.694254 0
0.463920 0.765548 0
0.598207 0.585480 0
54 3
0.465927 0.694254 0
0.598207 0.585480 0
0.463920 0.765548 0
55 3
0.465927 0.694254 0
0.463920 0.765548 0
0.428710 0.775103 0
56 3
0.233962 0.916652 0
0.362710 0.834409 0
0.249974 0.847760 0
57 3
0.254518 0.799875 0
0.249974 0.847760 0
0.362710 0.834409 0
58 3
0.254518 0.799875 0
0.362710 0.834409 0
0.249974 0.847760 0
59 3
0.233962 0.916652 0
0.249974 0.847760 0
0.362710 0.834409 0
60 3
0.660870 0.995693 0
0.596414 0.996014 0
0.430586 0.995673 0
61 3
0.430586 0.995673 0
0.596414 0.996014 0
0.424778 0.995487 0
62 3
0.430586 0.995673 0
0.424778 0.995487 0
0.361935 0.997743 0
63 3
0.660870 0.995693 0
0.712099 0.995749 0
0.596414 0.996014 0
64 3
0.428710 0.775103 0
0.465927 0.694254 0
0.431776 0.693239 0
65 3
0.463920 0.765548 0
0.595852 0.736259 0
0.598207 0.585480 0
66 3
0.595852 0.736259 0
0.712167 0.582189 0
0.598207 0.585480 0
67 3
0.595852 0.736259 0
0.712106 0.732855 0
0.712167 0.582189 0
68 3
0.712132 0.113901 0
0.711879 0.005664 0
0.589165 0.005558 0
69 3
0.594471 0.113253 0
0.712132 0.113901 0
0.589165 0.005558 0
70 3
0.594471 0.113253 0
0.589165 0.005558 0
0.459486 0.005664 0
71 3
0.466865 0.129277 0
0.594471 0.113253 0
0.459486 0.005664 0
72 3
0.466865 0.129277 0
0.459486 0.005664 0
0.332015 0.005640 0
73 3
0.334999 0.176970 0
0.466865 0.129277 0
0.332015 0.005640 0
74 3
0.475621 0.260896 0
0.601660 0.356423 0
0.601377 0.226865 0
75 3
0.460151 0.389729 0
0.491203 0.389152 0
0.475621 0.260896 0
76 3
0.460151 0.389729 0
0.475621 0.260896 0
0.339111 0.325415 0
77 3
0.601958 0.468908 0
0.712241 0.464054 0
0.712287 0.351121 0
78 3
0.601958 0.468908 0
0.712287 0.351121 0
0.601660 0.356423 0
79 3
0.511285 0.587657 0
0.601958 0.468908 0
0.601660 0.356423 0
80 3
0.511285 0.587657 0
0.601660 0.356423 0
0.515844 0.468716 0
81 3
0.598207 0.585480 0
0.712167 0.582189 0
0.712241 0.464054 0
82 3
0.598207 0.585480 0
0.712241 0.464054 0
0.601958 0.468908 0
83 3
0.361935 0.997743 0
0.424778 0.995487 0
0.361316 0.950772 0
84 3
0.361316 0.950772 0
0.424778 0.995487 0
0.398637 0.879129 0
85 3
0.339111 0.325415 0
0.434216 0.454697 0
0.460151 0.389729 0
86 3
0.990644 0.470622 0
0.918511 0.466659 0
0.917461 0.588895 0
87 3
0.989817 0.604769 0
0.990644 0.470622 0
0.917461 0.588895 0
88 3
0.601660 0.356423 0
0.712287 0.351121 0
0.712265 0.229427 0
89 3
0.601660 0.356423 0
0.712265 0.229427 0
0.601377 0.226865 0
90 3
0.712265 0.229427 0
0.712132 0.113901 0
0.594471 0.113253 0
91 3
0.712265 0.229427 0
0.594471 0.113253 0
0.601377 0.226865 0
92 3
0.992957 0.549468 0
0.919164 0.549762 0
0.919271 0.697383 0
93 3
0.992957 0.549468 0
0.919271 0.697383 0
0.990024 0.693884 0
94 3
0.398637 0.879129 0
0.428710 0.775103 0
0.362710 0.834409 0
95 3
0.398637 0.879129 0
0.463920 0.765548 0
0.428710 0.775103 0
96 3
0.398637 0.879129 0
0.424778 0.995487 0
0.463920 0.765548 0
97 3
0.475621 0.260896 0
0.601377 0.226865 0
0.594471 0.113253 0
98 3
0.475621 0.260896 0
0.594471 0.113253 0
0.466865 0.129277 0
99 3
0.917291 0.739341 0
0.989817 0.604769 0
0.917461 0.588895 0
100 3
0.989817 0.487553 0
0.917291 0.622124 0
0.989494 0.605035 0
101 3
0.990644 0.637776 0
0.988206 0.514397 0
0.917453 0.517896 0
102 3
0.990644 0.637776 0
0.917453 0.517896 0
0.918511 0.642472 0
103 3
0.355591 0.518226 0
0.362710 0.834409 0
0.428710 0.775103 0
104 3
0.355591 0.518226 0
0.431776 0.693239 0
0.427732 0.629798 0
105 3
0.431776 0.693239 0
0.355591 0.518226 0
0.428710 0.775103 0
106 3
0.355591 0.518226 0
0.427732 0.629798 0
0.434216 0.454697 0
107 3
0.280516 0.403238 0
0.339111 0.325415 0
0.236690 0.202437 0
108 3
0.280516 0.403238 0
0.304172 0.480562 0
0.339111 0.325415 0
109 3
0.355591 0.518226 0
0.304172 0.480562 0
0.275531 0.592695 0
110 3
0.660870 0.995693 0
0.430586 0.995673 0
0.596414 0.996014 0
111 3
0.430586 0.995673 0
0.424778 0.995487 0
0.596414 0.996014 0
112 3
0.430586 0.995673 0
0.361935 0.997743 0
0.424778 0.995487 0
113 3
0.361935 0.997743 0
0.361316 0.950772 0
0.361316 0.950772 0
114 3
0.361935 0.997743 0
0.361316 0.950772 0
0.361935 0.997743 0
115 3
0.430586 0.995673 0
0.361935 0.997743 0
0.361935 0.997743 0
116 3
0.660870 0.995693 0
0.596414 0.996014 0
0.712099 0.995749 0
117 3
0.428710 0.775103 0
0.431776 0.693239 0
0.465927 0.694254 0
118 3
0.463920 0.765548 0
0.598207 0.585480 0
0.595852 0.736259 0
119 3
0.595852 0.736259 0
0.598207 0.585480 0
0.712167 0.582189 0
120 3
0.595852 0.736259 0
0.712167 0.582189 0
0.712106 0.732855 0
121 3
0.712132 0.113901 0
0.589165 0.005558 0
0.711879 0.005664 0
122 3
0.594471 0.113253 0
0.589165 0.005558 0
0.712132 0.113901 0
123 3
0.594471 0.113253 0
0.459486 0.005664 0
0.589165 0.005558 0
124 3
0.466865 0.129277 0
0.459486 0.005664 0
0.594471 0.113253 0
125 3
0.466865 0.129277 0
0.332015 0.005640 0
0.459486 0.005664 0
126 3
0.334999 0.176970 0
0.332015 0.005640 0
0.466865 0.129277 0
127 3
0.475621 0.260896 0
0.601660 0.356423 0
0.491203 0.389152 0
128 3
0.460151 0.389729 0
0.475621 0.260896 0
0.491203 0.389152 0
129 3
0.460151 0.389729 0
0.339111 0.325415 0
0.475621 0.260896 0
130 3
0.601958 0.468908 0
0.712287 0.351121 0
0.712241 0.464054 0
131 3
0.601958 0.468908 0
0.601660 0.356423 0
0.712287 0.351121 0
132 3
0.511285 0.587657 0
0.601660 0.356423 0
0.601958 0.468908 0
133 3
0.511285 0.587657 0
0.515844 0.468716 0
0.601660 0.356423 0
134 3
0.598207 0.585480 0
0.712241 0.464054 0
0.712167 0.582189 0
135 3
0.598207 0.585480 0
0.601958 0.468908 0
0.712241 0.464054 0
136 3
0.361935 0.997743 0
0.361316 0.950772 0
0.424778 0.995487 0
137 3
0.361316 0.950772 0
0.398637 0.879129 0
0.424778 0.995487 0
138 3
0.339111 0.325415 0
0.460151 0.389729 0
0.434216 0.454697 0
139 3
0.990644 0.470622 0
0.917461 0.588895 0
0.918511 0.466659 0
140 3
0.989817 0.604769 0
0.917461 0.588895 0
0.990644 0.470622 0
141 3
0.601660 0.356423 0
0.712265 0.229427 0
0.712287 0.351121 0
142 3
0.601660 0.356423 0
0.601377 0.226865 0
0.712265 0.229427 0
143 3
0.712265 0.229427 0
0.594471 0.113253 0
0.712132 0.113901 0
144 3
0.712265 0.229427 0
0.601377 0.226865 0
0.594471 0.113253 0
145 3
0.992957 0.549468 0
0.919271 0.697383 0
0.919164 0.549762 0
146 3
0.992957 0.549468 0
0.990024 0.693884 0
0.919271 0.697383 0
147 3
0.398637 0.879129 0
0.362710 0.834409 0
0.428710 0.775103 0
148 3
0.398637 0.879129 0
0.428710 0.775103 0
0.463920 0.765548 0
149 3
0.398637 0.879129 0
0.463920 0.765548 0
0.424778 0.995487 0
150 3
0.475621 0.260896 0
0.594471 0.113253 0
0.601377 0.226865 0
151 3
0.475621 0.260896 0
0.466865 0.129277 0
0.594471 0.113253 0
152 3
0.917291 0.739341 0
0.917461 0.588895 0
0.989817 0.604769 0
153 3
0.989817 0.487553 0
0.989494 0.605035 0
0.917291 0.622124 0
154 3
0.990644 0.637776 0
0.917453 0.517896 0
0.988206 0.514397 0
155 3
0.990644 0.637776 0
0.918511 0.642472 0
0.917453 0.517896 0
156 3
0.355591 0.518226 0
0.428710 0.775103 0
0.362710 0.834409 0
157 3
0.355591 0.518226 0
0.427732 0.629798 0
0.431776 0.693239 0
158 3
0.431776 0.693239 0
0.428710 0.775103 0
0.355591 0.518226 0
159 3
0.355591 0.518226 0
0.434216 0.454697 0
0.427732 0.629798 0
160 3
0.280516 0.403238 0
0.236690 0.202437 0
0.339111 0.325415 0
161 3
0.280516 0.403238 0
0.339111 0.325415 0
0.304172 0.480562 0
162 3
0.355591 0.518226 0
0.275531 0.592695 0
0.304172 0.480562 0
163 3
0.090871 0.797329 0
0.107456 0.654161 0
0.134721 0.755113 0
164 3
0.134721 0.755113 0
0.130889 0.796937 0
0.090871 0.797329 0
165 3
0.172322 0.755112 0
0.203457 0.654161 0
0.216404 0.797990 0
166 3
0.216404 0.797990 0
0.171857 0.796896 0
0.172322 0.755112 0
167 3
0.130889 0.796937 0
0.134721 0.755113 0
0.172322 0.755112 0
168 3
0.130889 0.796937 0
0.172322 0.755112 0
0.171857 0.796896 0
169 3
0.134721 0.755113 0
0.142510 0.683058 0
0.169296 0.683058 0
170 3
0.169296 0.683058 0
0.172322 0.755112 0
0.134721 0.755113 0
171 3
0.203457 0.654161 0
0.172322 0.755112 0
0.169296 0.683058 0
172 3
0.142510 0.683058 0
0.134721 0.755113 0
0.107456 0.654161 0
173 3
0.128161 0.868512 0
0.174585 0.868623 0
0.178236 0.937392 0
174 3
0.128161 0.868512 0
0.178236 0.937392 0
0.124510 0.937392 0
175 3
0.124510 0.937392 0
0.066065 0.916612 0
0.128161 0.868512 0
176 3
0.174585 0.868623 0
0.234180 0.916612 0
0.178236 0.937392 0
177 3
0.053559 0.848404 0
0.128161 0.868512 0
0.066065 0.916612 0
178 3
0.248993 0.848404 0
0.234180 0.916612 0
0.174585 0.868623 0
179 3
0.107404 0.988383 0
0.124510 0.937392 0
0.178236 0.937392 0
180 3
0.107404 0.988383 0
0.178236 0.937392 0
0.196043 0.988383 0
181 3
0.066065 0.916612 0
0.124510 0.937392 0
0.107404 0.988383 0
182 3
0.234180 0.916612 0
0.196043 0.988383 0
0.178236 0.937392 0
183 3
0.174585 0.868623 0
0.171289 0.838903 0
0.216404 0.797990 0
184 3
0.248993 0.848404 0
0.174585 0.868623 0
0.216404 0.797990 0
185 3
0.171289 0.838903 0
0.174585 0.868623 0
0.128161 0.868512 0
186 3
0.171289 0.838903 0
0.128161 0.868512 0
0.131458 0.838903 0
187 3
0.171289 0.838903 0
0.131458 0.838903 0
0.151373 0.796149 0
188 3
0.131458 0.838903 0
0.130855 0.797513 0
0.151373 0.796149 0
189 3
0.090871 0.797329 0
0.131458 0.838903 0
0.128161 0.868512 0
190 3
0.171289 0.838903 0
0.151373 0.796149 0
0.171891 0.797513 0
191 3
0.171289 0.838903 0
0.171891 0.797513 0
0.216404 0.797990 0
192 3
0.090871 0.797329 0
0.130855 0.797513 0
0.131458 0.838903 0
193 3
0.053559 0.848404 0
0.090871 0.797329 0
0.128161 0.868512 0
194 3
0.031771 0.593588 0
0.107456 0.654161 0
0.047792 0.797402 0
195 3
0.254784 0.797402 0
0.203457 0.654161 0
0.275672 0.593588 0
196 3
0.216404 0.797990 0
0.203457 0.654161 0
0.254784 0.797402 0
197 3
0.090871 0.797329 0
0.053559 0.848404 0
0.047792 0.797402 0
198 3
0.090871 0.797329 0
0.047792 0.797402 0
0.107456 0.654161 0
199 3
0.216404 0.797990 0
0.254784 0.797402 0
0.248993 0.848404 0
200 3
0.034078 0.479245 0
0.043801 0.445616 0
0.074046 0.442793 0
201 3
0.029294 0.402278 0
0.043801 0.445616 0
0.034078 0.479245 0
202 3
0.074046 0.442793 0
0.043801 0.445616 0
0.029294 0.402278 0
203 3
0.233230 0.442626 0
0.263475 0.445450 0
0.273198 0.479079 0
204 3
0.281520 0.402278 0
0.263475 0.445450 0
0.233230 0.442626 0
205 3
0.273198 0.479079 0
0.263475 0.445450 0
0.281520 0.402278 0
206 3
0.991852 0.728679 0
0.913658 0.695337 0
0.989708 0.613942 0
207 3
0.150968 0.202560 0
0.078479 0.005597 0
0.151309 0.006776 0
208 3
0.150968 0.202560 0
0.066778 0.200421 0
0.078479 0.005597 0
209 3
0.989708 0.613942 0
0.913658 0.695337 0
0.932602 0.613092 0
210 3
0.112093 0.477685 0
0.118564 0.398945 0
0.136135 0.436438 0
211 3
0.074046 0.442793 0
0.070378 0.384719 0
0.118564 0.398945 0
212 3
0.112093 0.477685 0
0.074046 0.442793 0
0.118564 0.398945 0
213 3
0.034078 0.479245 0
0.003534 0.480504 0
0.029294 0.402278 0
214 3
0.070378 0.384719 0
0.074046 0.442793 0
0.029294 0.402278 0
215 3
0.141086 0.657721 0
0.107456 0.654161 0
0.141370 0.616019 0
216 3
0.142510 0.683058 0
0.107456 0.654161 0
0.141086 0.657721 0
217 3
0.118564 0.398945 0
0.070378 0.384719 0
0.066778 0.200421 0
218 3
0.118564 0.398945 0
0.066778 0.200421 0
0.150968 0.202560 0
219 3
0.136902 0.463145 0
0.112093 0.477685 0
0.136135 0.436438 0
220 3
0.070378 0.384719 0
0.029294 0.402278 0
0.066778 0.200421 0
221 3
0.003534 0.480504 0
0.034078 0.479245 0
0.031771 0.593588 0
222 3
0.034078 0.479245 0
0.073637 0.507224 0
0.031771 0.593588 0
223 3
0.073637 0.507224 0
0.074046 0.442793 0
0.112093 0.477685 0
224 3
0.034078 0.479245 0
0.074046 0.442793 0
0.073637 0.507224 0
225 3
0.073637 0.507224 0
0.112093 0.477685 0
0.108684 0.612689 0
226 3
0.073637 0.507224 0
0.108684 0.612689 0
0.031771 0.593588 0
227 3
0.031771 0.593588 0
0.108684 0.612689 0
0.107456 0.654161 0
228 3
0.141176 0.545885 0
0.108684 0.612689 0
0.136902 0.463145 0
229 3
0.108684 0.612689 0
0.141370 0.616019 0
0.107456 0.654161 0
230 3
0.141176 0.545885 0
0.141370 0.616019 0
0.108684 0.612689 0
231 3
0.108684 0.612689 0
0.112093 0.477685 0
0.136902 0.463145 0
232 3
0.917306 0.681060 0
0.915163 0.566323 0
0.990664 0.644028 0
233 3
0.150968 0.202560 0
0.151309 0.006776 0
0.220802 0.005597 0
234 3
0.141086 0.657721 0
0.170436 0.616019 0
0.170720 0.657721 0
235 3
0.141086 0.657721 0
0.141370 0.616019 0
0.170436 0.616019 0
236 3
0.142510 0.683058 0
0.170720 0.657721 0
0.169296 0.683058 0
237 3
0.141086 0.657721 0
0.170720 0.657721 0
0.142510 0.683058 0
238 3
0.118564 0.398945 0
0.150968 0.202560 0
0.188712 0.398945 0
239 3
0.136135 0.436438 0
0.188712 0.398945 0
0.171141 0.436438 0
240 3
0.136135 0.436438 0
0.118564 0.398945 0
0.188712 0.398945 0
241 3
0.136902 0.463145 0
0.171141 0.436438 0
0.170374 0.463145 0
242 3
0.136135 0.436438 0
0.171141 0.436438 0
0.136902 0.463145 0
243 3
0.166100 0.545885 0
0.170436 0.616019 0
0.141370 0.616019 0
244 3
0.141176 0.545885 0
0.166100 0.545885 0
0.141370 0.616019 0
245 3
0.170374 0.463145 0
0.166100 0.545885 0
0.141176 0.545885 0
246 3
0.136902 0.463145 0
0.170374 0.463145 0
0.141176 0.545885 0
247 3
0.150968 0.202560 0
0.220802 0.005597 0
0.235968 0.200421 0
248 3
0.915163 0.566323 0
0.972414 0.562667 0
0.990664 0.644028 0
249 3
0.195183 0.477519 0
0.171141 0.436438 0
0.188712 0.398945 0
250 3
0.233230 0.442626 0
0.188712 0.398945 0
0.232368 0.384719 0
251 3
0.195183 0.477519 0
0.188712 0.398945 0
0.233230 0.442626 0
252 3
0.273198 0.479079 0
0.281520 0.402278 0
0.304064 0.480173 0
253 3
0.232368 0.384719 0
0.281520 0.402278 0
0.233230 0.442626 0
254 3
0.170720 0.657721 0
0.170436 0.616019 0
0.203457 0.654161 0
255 3
0.169296 0.683058 0
0.170720 0.657721 0
0.203457 0.654161 0
256 3
0.188712 0.398945 0
0.235968 0.200421 0
0.232368 0.384719 0
257 3
0.188712 0.398945 0
0.150968 0.202560 0
0.235968 0.200421 0
258 3
0.170374 0.463145 0
0.171141 0.436438 0
0.195183 0.477519 0
259 3
0.232368 0.384719 0
0.235968 0.200421 0
0.281520 0.402278 0
260 3
0.304064 0.480173 0
0.275672 0.593588 0
0.273198 0.479079 0
261 3
0.273198 0.479079 0
0.275672 0.593588 0
0.233639 0.507058 0
262 3
0.233639 0.507058 0
0.195183 0.477519 0
0.233230 0.442626 0
263 3
0.233639 0.507058 0
0.233230 0.442626 0
0.273198 0.479079 0
264 3
0.233639 0.507058 0
0.202229 0.612689 0
0.195183 0.477519 0
265 3
0.233639 0.507058 0
0.275672 0.593588 0
0.202229 0.612689 0
266 3
0.275672 0.593588 0
0.203457 0.654161 0
0.202229 0.612689 0
267 3
0.166100 0.545885 0
0.170374 0.463145 0
0.202229 0.612689 0
268 3
0.202229 0.612689 0
0.203457 0.654161 0
0.170436 0.616019 0
269 3
0.166100 0.545885 0
0.202229 0.612689 0
0.170436 0.616019 0
270 3
0.202229 0.612689 0
0.170374 0.463145 0
0.195183 0.477519 0
271 3
0.915002 0.988604 0
0.942744 0.985679 0
0.914938 0.982739 0
272 3
0.915002 0.988604 0
0.934217 0.984981 0
0.942744 0.985679 0
273 3
0.934217 0.984981 0
0.915002 0.988604 0
0.914543 0.959691 0
274 3
0.914734 0.853029 0
0.913209 0.814697 0
0.945046 0.815991 0
275 3
0.945046 0.815991 0
0.913209 0.814697 0
0.946088 0.815595 0
276 3
0.943912 0.842803 0
0.946088 0.815595 0
0.913209 0.814697 0
277 3
0.914664 0.844799 0
0.943912 0.842803 0
0.913209 0.814697 0
278 3
0.942969 0.932239 0
0.943912 0.842803 0
0.914664 0.844799 0
279 3
0.942969 0.932239 0
0.914664 0.844799 0
0.913704 0.931669 0
280 3
0.942744 0.985679 0
0.942969 0.932239 0
0.913704 0.931669 0
281 3
0.942744 0.985679 0
0.913704 0.931669 0
0.914938 0.982739 0
282 3
0.990389 0.988604 0
0.990452 0.982739 0
0.960698 0.985679 0
283 3
0.990389 0.988604 0
0.960698 0.985679 0
0.969225 0.984981 0
284 3
0.969225 0.984981 0
0.990847 0.959691 0
0.990389 0.988604 0
285 3
0.990233 0.814697 0
0.990657 0.853029 0
0.960344 0.815991 0
286 3
0.960344 0.815991 0
0.959303 0.815595 0
0.990233 0.814697 0
287 3
0.961479 0.842803 0
0.990233 0.814697 0
0.959303 0.815595 0
288 3
0.990727 0.844799 0
0.990233 0.814697 0
0.961479 0.842803 0
289 3
0.960473 0.932239 0
0.990727 0.844799 0
0.961479 0.842803 0
290 3
0.960473 0.932239 0
0.989738 0.931669 0
0.990727 0.844799 0
291 3
0.960698 0.985679 0
0.989738 0.931669 0
0.960473 0.932239 0
292 3
0.960698 0.985679 0
0.990452 0.982739 0
0.989738 0.931669 0
293 3
0.988383 0.664552 0
0.988082 0.581892 0
0.914969 0.608555 0
294 3
0.988889 0.476220 0
0.916067 0.443264 0
0.914969 0.608555 0
295 3
0.988082 0.581892 0
0.988889 0.476220 0
0.914969 0.608555 0
296 3
0.987992 0.760975 0
0.988383 0.664552 0
0.914969 0.608555 0
297 3
0.914899 0.773706 0
0.987992 0.760975 0
0.914969 0.608555 0
298 3
0.970122 0.452422 0
0.914969 0.608555 0
0.916067 0.443264 0
299 3
0.989473 0.648996 0
0.914969 0.608555 0
0.987691 0.566336 0
300 3
0.987599 0.505109 0
0.914969 0.608555 0
0.970122 0.452422 0
301 3
0.987691 0.566336 0
0.914969 0.608555 0
0.987599 0.505109 0
302 3
0.987780 0.718753 0
0.914969 0.608555 0
0.989473 0.648996 0
303 3
0.914899 0.773706 0
0.914969 0.608555 0
0.987780 0.718753 0
304 3
0.818296 0.996238 0
0.891185 0.996216 0
0.712359 0.996216 0
305 3
0.891106 0.112198 0
0.712681 0.005667 0
0.712416 0.112198 0
306 3
0.891106 0.112198 0
0.890737 0.005667 0
0.712681 0.005667 0
307 3
0.995095 0.490876 0
0.917688 0.481997 0
0.917518 0.686725 0
308 3
0.995095 0.490876 0
0.917518 0.686725 0
0.994775 0.687174 0
309 3
0.891210 0.226482 0
0.712416 0.112198 0
0.712341 0.226482 0
310 3
0.891210 0.226482 0
0.891106 0.112198 0
0.712416 0.112198 0
311 3
0.891254 0.351398 0
0.712341 0.226482 0
0.712310 0.351398 0
312 3
0.891254 0.351398 0
0.891210 0.226482 0
0.712341 0.226482 0
313 3
0.891218 0.465917 0
0.712310 0.351398 0
0.712336 0.465917 0
314 3
0.891218 0.465917 0
0.891254 0.351398 0
0.712310 0.351398 0
315 3
0.891180 0.582639 0
0.712336 0.465917 0
0.712363 0.582639 0
316 3
0.891180 0.582639 0
0.891218 0.465917 0
0.712336 0.465917 0
317 3
0.891179 0.731834 0
0.712363 0.582639 0
0.712364 0.731834 0
318 3
0.891179 0.731834 0
0.891180 0.582639 0
0.712363 0.582639 0
319 3
0.891185 0.996216 0
0.712364 0.731834 0
0.712359 0.996216 0
320 3
0.891185 0.996216 0
0.891179 0.731834 0
0.712364 0.731834 0
4
0.000000 0.000000 0.000000
0.000000 0.000000 0.000000
0.000000 0.000000 0.000000
1.000000 1.000000 1.000000
