2
1
hd_cbill
NBAonNBC\HEADS\Toronto\LWO\hd_cbill.tga
321
0 3
0.360350 0.878795 0
0.214399 0.947905 0
0.327290 0.945552 0
1 3
0.327290 0.945552 0
0.386663 0.909308 0
0.360350 0.878795 0
2 3
0.327290 0.945552 0
0.214399 0.947905 0
0.360350 0.878795 0
3 3
0.360350 0.878795 0
0.386663 0.909308 0
0.327290 0.945552 0
4 3
0.490513 0.436266 0
0.472116 0.636440 0
0.513837 0.586308 0
5 3
0.490513 0.436266 0
0.517861 0.464208 0
0.513837 0.586308 0
6 3
0.513837 0.586308 0
0.517861 0.464208 0
0.490513 0.436266 0
7 3
0.490513 0.436266 0
0.513837 0.586308 0
0.472116 0.636440 0
8 3
0.214399 0.947905 0
0.181644 0.993782 0
0.327290 0.945552 0
9 3
0.327290 0.945552 0
0.181644 0.993782 0
0.214399 0.947905 0
10 3
0.348702 0.532911 0
0.360350 0.878795 0
0.410495 0.789610 0
11 3
0.348702 0.532911 0
0.410495 0.789610 0
0.421254 0.659763 0
12 3
0.348702 0.532911 0
0.421254 0.659763 0
0.420622 0.593253 0
13 3
0.410495 0.789610 0
0.360350 0.878795 0
0.348702 0.532911 0
14 3
0.348702 0.532911 0
0.420622 0.593253 0
0.421254 0.659763 0
15 3
0.348702 0.532911 0
0.421254 0.659763 0
0.410495 0.789610 0
16 3
0.474610 0.420632 0
0.495118 0.291519 0
0.361540 0.300217 0
17 3
0.474610 0.420632 0
0.361540 0.300217 0
0.495117 0.291519 0
18 3
0.361540 0.300217 0
0.455243 0.452694 0
0.474610 0.420632 0
19 3
0.361540 0.300217 0
0.474610 0.420632 0
0.455243 0.452694 0
20 3
0.360350 0.878795 0
0.348702 0.532911 0
0.266897 0.563287 0
21 3
0.360350 0.878795 0
0.240590 0.772176 0
0.266897 0.563287 0
22 3
0.360350 0.878795 0
0.266897 0.563287 0
0.240590 0.772176 0
23 3
0.360350 0.878795 0
0.266897 0.563287 0
0.348702 0.532911 0
24 3
0.251811 0.143967 0
0.179856 0.316725 0
0.150355 0.151820 0
25 3
0.251811 0.143967 0
0.150355 0.151820 0
0.149200 0.038350 0
26 3
0.118439 0.316725 0
0.065175 0.306771 0
0.048966 0.143967 0
27 3
0.179856 0.316725 0
0.251811 0.143967 0
0.224841 0.306771 0
28 3
0.118439 0.316725 0
0.048966 0.143967 0
0.150355 0.151820 0
29 3
0.360350 0.878795 0
0.240590 0.772176 0
0.226996 0.875901 0
30 3
0.360350 0.878795 0
0.226996 0.875901 0
0.240590 0.772176 0
31 3
0.048966 0.143967 0
0.055696 0.030973 0
0.149200 0.038350 0
32 3
0.251811 0.143967 0
0.149200 0.038350 0
0.245068 0.030973 0
33 3
0.048966 0.143967 0
0.149200 0.038350 0
0.150355 0.151820 0
34 3
0.119861 0.946431 0
0.088526 0.947770 0
0.077499 0.875249 0
35 3
0.226829 0.875249 0
0.215001 0.947770 0
0.182331 0.946431 0
36 3
0.121471 0.883113 0
0.119861 0.946431 0
0.077499 0.875249 0
37 3
0.180721 0.883218 0
0.226829 0.875249 0
0.182331 0.946431 0
38 3
0.421254 0.659763 0
0.410495 0.789610 0
0.444110 0.793961 0
39 3
0.421254 0.659763 0
0.444110 0.793961 0
0.469807 0.665066 0
40 3
0.421254 0.659763 0
0.469807 0.665066 0
0.444110 0.793961 0
41 3
0.421254 0.659763 0
0.444110 0.793961 0
0.410495 0.789610 0
42 3
0.084300 0.772462 0
0.094298 0.624943 0
0.126953 0.703646 0
43 3
0.126953 0.703646 0
0.127364 0.771526 0
0.084300 0.772462 0
44 3
0.169572 0.703646 0
0.198292 0.624943 0
0.213995 0.773138 0
45 3
0.213995 0.773138 0
0.169372 0.771526 0
0.169572 0.703646 0
46 3
0.127364 0.771526 0
0.126953 0.703646 0
0.169572 0.703646 0
47 3
0.127364 0.771526 0
0.169572 0.703646 0
0.169372 0.771526 0
48 3
0.126953 0.703646 0
0.127710 0.647452 0
0.162013 0.647452 0
49 3
0.162013 0.647452 0
0.169572 0.703646 0
0.126953 0.703646 0
50 3
0.198292 0.624943 0
0.169572 0.703646 0
0.162013 0.647452 0
51 3
0.127710 0.647452 0
0.126953 0.703646 0
0.094298 0.624943 0
52 3
0.121471 0.883113 0
0.180721 0.883218 0
0.182331 0.946431 0
53 3
0.121471 0.883113 0
0.182331 0.946431 0
0.119861 0.946431 0
54 3
0.327290 0.945552 0
0.327290 0.945552 0
0.181644 0.993782 0
55 3
0.327290 0.945552 0
0.181644 0.993782 0
0.181644 0.993782 0
56 3
0.123764 0.995049 0
0.119861 0.946431 0
0.182331 0.946431 0
57 3
0.123764 0.995049 0
0.182331 0.946431 0
0.180173 0.995049 0
58 3
0.088526 0.947770 0
0.119861 0.946431 0
0.123764 0.995049 0
59 3
0.215001 0.947770 0
0.180173 0.995049 0
0.182331 0.946431 0
60 3
0.495118 0.291519 0
0.511056 0.423592 0
0.608305 0.421549 0
61 3
0.495117 0.291519 0
0.604325 0.282525 0
0.608305 0.421549 0
62 3
0.511056 0.423592 0
0.528673 0.460983 0
0.608305 0.421549 0
63 3
0.608305 0.421549 0
0.528673 0.460983 0
0.511056 0.423592 0
64 3
0.577728 0.991694 0
0.717503 0.991924 0
0.717501 0.755521 0
65 3
0.577728 0.991694 0
0.577027 0.767415 0
0.717501 0.755521 0
66 3
0.577728 0.991694 0
0.717501 0.755521 0
0.577027 0.767415 0
67 3
0.577728 0.991694 0
0.717501 0.755521 0
0.717503 0.991924 0
68 3
0.251600 0.143983 0
0.361540 0.300217 0
0.357691 0.123797 0
69 3
0.251600 0.143983 0
0.357691 0.123797 0
0.358008 0.010037 0
70 3
0.251600 0.143983 0
0.358008 0.010037 0
0.357691 0.123797 0
71 3
0.251600 0.143983 0
0.357691 0.123797 0
0.361540 0.300217 0
72 3
0.490513 0.436266 0
0.420622 0.593253 0
0.432424 0.648490 0
73 3
0.490513 0.436266 0
0.472116 0.636440 0
0.432424 0.648490 0
74 3
0.490513 0.436266 0
0.432424 0.648490 0
0.472116 0.636440 0
75 3
0.490513 0.436266 0
0.432424 0.648490 0
0.420622 0.593253 0
76 3
0.490513 0.436266 0
0.455243 0.452694 0
0.420622 0.593253 0
77 3
0.420622 0.593253 0
0.455243 0.452694 0
0.490513 0.436266 0
78 3
0.523674 0.589904 0
0.469807 0.665066 0
0.591412 0.660623 0
79 3
0.591412 0.660623 0
0.606525 0.552117 0
0.523674 0.589904 0
80 3
0.591412 0.660623 0
0.469807 0.665066 0
0.523674 0.589904 0
81 3
0.523674 0.589904 0
0.606525 0.552117 0
0.591412 0.660623 0
82 3
0.180721 0.883218 0
0.168266 0.831279 0
0.213995 0.773138 0
83 3
0.226829 0.875249 0
0.180721 0.883218 0
0.213995 0.773138 0
84 3
0.168266 0.831279 0
0.180721 0.883218 0
0.121471 0.883113 0
85 3
0.168266 0.831279 0
0.121471 0.883113 0
0.128472 0.831272 0
86 3
0.168266 0.831279 0
0.128472 0.831272 0
0.151096 0.772309 0
87 3
0.128472 0.831272 0
0.127334 0.772306 0
0.151096 0.772309 0
88 3
0.084300 0.772462 0
0.128472 0.831272 0
0.121471 0.883113 0
89 3
0.168266 0.831279 0
0.151096 0.772309 0
0.169403 0.772306 0
90 3
0.168266 0.831279 0
0.169403 0.772306 0
0.213995 0.773138 0
91 3
0.084300 0.772462 0
0.127334 0.772306 0
0.128472 0.831272 0
92 3
0.077499 0.875249 0
0.084300 0.772462 0
0.121471 0.883113 0
93 3
0.031789 0.561637 0
0.094298 0.624943 0
0.059614 0.771658 0
94 3
0.241002 0.771658 0
0.198292 0.624943 0
0.267299 0.561637 0
95 3
0.213995 0.773138 0
0.198292 0.624943 0
0.241002 0.771658 0
96 3
0.084300 0.772462 0
0.077499 0.875249 0
0.059614 0.771658 0
97 3
0.084300 0.772462 0
0.059614 0.771658 0
0.094298 0.624943 0
98 3
0.213995 0.773138 0
0.241002 0.771658 0
0.226829 0.875249 0
99 3
0.033456 0.423667 0
0.042162 0.382454 0
0.066662 0.380713 0
100 3
0.031688 0.315560 0
0.042162 0.382454 0
0.033456 0.423667 0
101 3
0.066662 0.380713 0
0.042162 0.382454 0
0.031688 0.315560 0
102 3
0.228104 0.380713 0
0.251785 0.382454 0
0.265367 0.423667 0
103 3
0.267316 0.315581 0
0.251785 0.382454 0
0.228104 0.380713 0
104 3
0.265367 0.423667 0
0.251785 0.382454 0
0.267316 0.315581 0
105 3
0.358008 0.010037 0
0.245182 0.030976 0
0.251600 0.143983 0
106 3
0.251600 0.143983 0
0.245182 0.030976 0
0.358008 0.010037 0
107 3
0.357691 0.123797 0
0.361540 0.300217 0
0.495118 0.291519 0
108 3
0.495118 0.291519 0
0.485416 0.123857 0
0.357691 0.123797 0
109 3
0.495117 0.291519 0
0.361540 0.300217 0
0.357691 0.123797 0
110 3
0.357691 0.123797 0
0.485416 0.123857 0
0.495117 0.291519 0
111 3
0.348702 0.532911 0
0.455243 0.452694 0
0.361540 0.300217 0
112 3
0.361540 0.300217 0
0.296154 0.424388 0
0.348702 0.532911 0
113 3
0.361540 0.300217 0
0.455243 0.452694 0
0.348702 0.532911 0
114 3
0.348702 0.532911 0
0.296154 0.424388 0
0.361540 0.300217 0
115 3
0.444110 0.793961 0
0.428494 0.992248 0
0.577728 0.991694 0
116 3
0.577728 0.991694 0
0.577027 0.767415 0
0.444110 0.793961 0
117 3
0.577728 0.991694 0
0.428494 0.992248 0
0.444110 0.793961 0
118 3
0.444110 0.793961 0
0.577027 0.767415 0
0.577728 0.991694 0
119 3
0.469807 0.665066 0
0.444110 0.793961 0
0.591412 0.660623 0
120 3
0.469807 0.665066 0
0.591412 0.660623 0
0.444110 0.793961 0
121 3
0.214399 0.947905 0
0.360350 0.878795 0
0.226996 0.875901 0
122 3
0.214399 0.947905 0
0.226996 0.875901 0
0.360350 0.878795 0
123 3
0.579539 0.992211 0
0.577728 0.991694 0
0.435943 0.992827 0
124 3
0.435943 0.992827 0
0.577728 0.991694 0
0.428494 0.992248 0
125 3
0.435943 0.992827 0
0.428494 0.992248 0
0.341821 0.992139 0
126 3
0.579539 0.992211 0
0.717503 0.991924 0
0.577728 0.991694 0
127 3
0.444110 0.793961 0
0.577027 0.767415 0
0.591412 0.660623 0
128 3
0.577027 0.767415 0
0.717721 0.656272 0
0.591412 0.660623 0
129 3
0.577027 0.767415 0
0.717501 0.755521 0
0.717721 0.656272 0
130 3
0.717611 0.123850 0
0.717718 0.009991 0
0.603903 0.010121 0
131 3
0.604324 0.123788 0
0.717611 0.123850 0
0.603903 0.010121 0
132 3
0.604324 0.123788 0
0.603903 0.010121 0
0.471838 0.009809 0
133 3
0.485416 0.123857 0
0.604324 0.123788 0
0.471838 0.009809 0
134 3
0.485416 0.123857 0
0.471838 0.009809 0
0.358008 0.010037 0
135 3
0.357691 0.123797 0
0.485416 0.123857 0
0.358008 0.010037 0
136 3
0.495118 0.291519 0
0.608305 0.421549 0
0.604325 0.282525 0
137 3
0.474610 0.420632 0
0.511056 0.423592 0
0.495118 0.291519 0
138 3
0.606525 0.552117 0
0.717610 0.547095 0
0.717549 0.409258 0
139 3
0.606525 0.552117 0
0.717549 0.409258 0
0.608305 0.421549 0
140 3
0.523674 0.589904 0
0.606525 0.552117 0
0.608305 0.421549 0
141 3
0.523674 0.589904 0
0.608305 0.421549 0
0.528673 0.460983 0
142 3
0.591412 0.660623 0
0.717721 0.656272 0
0.717610 0.547095 0
143 3
0.591412 0.660623 0
0.717610 0.547095 0
0.606525 0.552117 0
144 3
0.341821 0.992139 0
0.428494 0.992248 0
0.327290 0.945552 0
145 3
0.327290 0.945552 0
0.428494 0.992248 0
0.386663 0.909308 0
146 3
0.608305 0.421549 0
0.717549 0.409258 0
0.717685 0.275640 0
147 3
0.608305 0.421549 0
0.717685 0.275640 0
0.604325 0.282525 0
148 3
0.717685 0.275640 0
0.717611 0.123850 0
0.604324 0.123788 0
149 3
0.717685 0.275640 0
0.604324 0.123788 0
0.604325 0.282525 0
150 3
0.386663 0.909308 0
0.410495 0.789610 0
0.360350 0.878795 0
151 3
0.386663 0.909308 0
0.444110 0.793961 0
0.410495 0.789610 0
152 3
0.386663 0.909308 0
0.428494 0.992248 0
0.444110 0.793961 0
153 3
0.495118 0.291519 0
0.604325 0.282525 0
0.604324 0.123788 0
154 3
0.495118 0.291519 0
0.604324 0.123788 0
0.485416 0.123857 0
155 3
0.348702 0.532911 0
0.420622 0.593253 0
0.455243 0.452694 0
156 3
0.102680 0.425045 0
0.118439 0.316725 0
0.128747 0.373957 0
157 3
0.066662 0.380713 0
0.065175 0.306771 0
0.118439 0.316725 0
158 3
0.102680 0.425045 0
0.066662 0.380713 0
0.118439 0.316725 0
159 3
0.033456 0.423667 0
0.003352 0.423184 0
0.031688 0.315560 0
160 3
0.065175 0.306771 0
0.066662 0.380713 0
0.031688 0.315560 0
161 3
0.126375 0.612082 0
0.094298 0.624943 0
0.126641 0.567500 0
162 3
0.127710 0.647452 0
0.094298 0.624943 0
0.126375 0.612082 0
163 3
0.267694 0.315780 0
0.361540 0.300217 0
0.251600 0.143983 0
164 3
0.267694 0.315780 0
0.296154 0.424388 0
0.361540 0.300217 0
165 3
0.129466 0.413290 0
0.102680 0.425045 0
0.128747 0.373957 0
166 3
0.065175 0.306771 0
0.031688 0.315560 0
0.048966 0.143967 0
167 3
0.348702 0.532911 0
0.296154 0.424388 0
0.266897 0.563287 0
168 3
0.003352 0.423184 0
0.033456 0.423667 0
0.031789 0.561637 0
169 3
0.033456 0.423667 0
0.066278 0.451301 0
0.031789 0.561637 0
170 3
0.066278 0.451301 0
0.066662 0.380713 0
0.102680 0.425045 0
171 3
0.033456 0.423667 0
0.066662 0.380713 0
0.066278 0.451301 0
172 3
0.066278 0.451301 0
0.102680 0.425045 0
0.095337 0.578369 0
173 3
0.066278 0.451301 0
0.095337 0.578369 0
0.031789 0.561637 0
174 3
0.031789 0.561637 0
0.095337 0.578369 0
0.094298 0.624943 0
175 3
0.131286 0.500986 0
0.095337 0.578369 0
0.129466 0.413290 0
176 3
0.095337 0.578369 0
0.126641 0.567500 0
0.094298 0.624943 0
177 3
0.131286 0.500986 0
0.126641 0.567500 0
0.095337 0.578369 0
178 3
0.095337 0.578369 0
0.102680 0.425045 0
0.129466 0.413290 0
179 3
0.843334 0.992827 0
0.891063 0.992677 0
0.717488 0.992677 0
180 3
0.579539 0.992211 0
0.435943 0.992827 0
0.577728 0.991694 0
181 3
0.435943 0.992827 0
0.428494 0.992248 0
0.577728 0.991694 0
182 3
0.435943 0.992827 0
0.341821 0.992139 0
0.428494 0.992248 0
183 3
0.341821 0.992139 0
0.327290 0.945552 0
0.327290 0.945552 0
184 3
0.341821 0.992139 0
0.327290 0.945552 0
0.341821 0.992139 0
185 3
0.435943 0.992827 0
0.341821 0.992139 0
0.341821 0.992139 0
186 3
0.891084 0.123815 0
0.717578 0.009454 0
0.717480 0.123815 0
187 3
0.891084 0.123815 0
0.890752 0.009454 0
0.717578 0.009454 0
188 3
0.891183 0.276068 0
0.717480 0.123815 0
0.717711 0.276068 0
189 3
0.891183 0.276068 0
0.891084 0.123815 0
0.717480 0.123815 0
190 3
0.891142 0.410150 0
0.717711 0.276068 0
0.717723 0.410150 0
191 3
0.891142 0.410150 0
0.891183 0.276068 0
0.717711 0.276068 0
192 3
0.891035 0.548430 0
0.717723 0.410150 0
0.717496 0.548430 0
193 3
0.891035 0.548430 0
0.891142 0.410150 0
0.717723 0.410150 0
194 3
0.891057 0.656901 0
0.717496 0.548430 0
0.717490 0.656901 0
195 3
0.891057 0.656901 0
0.891035 0.548430 0
0.717496 0.548430 0
196 3
0.891040 0.756710 0
0.717490 0.656901 0
0.717495 0.756710 0
197 3
0.891040 0.756710 0
0.891057 0.656901 0
0.717490 0.656901 0
198 3
0.891063 0.992677 0
0.717495 0.756710 0
0.717488 0.992677 0
199 3
0.891063 0.992677 0
0.891040 0.756710 0
0.717495 0.756710 0
200 3
0.579539 0.992211 0
0.577728 0.991694 0
0.717503 0.991924 0
201 3
0.126375 0.612082 0
0.163082 0.567500 0
0.163348 0.612082 0
202 3
0.126375 0.612082 0
0.126641 0.567500 0
0.163082 0.567500 0
203 3
0.127710 0.647452 0
0.163348 0.612082 0
0.162013 0.647452 0
204 3
0.126375 0.612082 0
0.163348 0.612082 0
0.127710 0.647452 0
205 3
0.118439 0.316725 0
0.150355 0.151820 0
0.179856 0.316725 0
206 3
0.128747 0.373957 0
0.179856 0.316725 0
0.161214 0.373957 0
207 3
0.128747 0.373957 0
0.118439 0.316725 0
0.179856 0.316725 0
208 3
0.129466 0.413290 0
0.161214 0.373957 0
0.160495 0.413290 0
209 3
0.128747 0.373957 0
0.161214 0.373957 0
0.129466 0.413290 0
210 3
0.158836 0.500986 0
0.163082 0.567500 0
0.126641 0.567500 0
211 3
0.131286 0.500986 0
0.158836 0.500986 0
0.126641 0.567500 0
212 3
0.160495 0.413290 0
0.158836 0.500986 0
0.131286 0.500986 0
213 3
0.129466 0.413290 0
0.160495 0.413290 0
0.131286 0.500986 0
214 3
0.444110 0.793961 0
0.591412 0.660623 0
0.577027 0.767415 0
215 3
0.577027 0.767415 0
0.591412 0.660623 0
0.717721 0.656272 0
216 3
0.577027 0.767415 0
0.717721 0.656272 0
0.717501 0.755521 0
217 3
0.717611 0.123850 0
0.603903 0.010121 0
0.717718 0.009991 0
218 3
0.604324 0.123788 0
0.603903 0.010121 0
0.717611 0.123850 0
219 3
0.604324 0.123788 0
0.471838 0.009809 0
0.603903 0.010121 0
220 3
0.485416 0.123857 0
0.471838 0.009809 0
0.604324 0.123788 0
221 3
0.485416 0.123857 0
0.358008 0.010037 0
0.471838 0.009809 0
222 3
0.357691 0.123797 0
0.358008 0.010037 0
0.485416 0.123857 0
223 3
0.495117 0.291519 0
0.608305 0.421549 0
0.511056 0.423592 0
224 3
0.474610 0.420632 0
0.495117 0.291519 0
0.511056 0.423592 0
225 3
0.606525 0.552117 0
0.717549 0.409258 0
0.717610 0.547095 0
226 3
0.606525 0.552117 0
0.608305 0.421549 0
0.717549 0.409258 0
227 3
0.523674 0.589904 0
0.608305 0.421549 0
0.606525 0.552117 0
228 3
0.523674 0.589904 0
0.528673 0.460983 0
0.608305 0.421549 0
229 3
0.591412 0.660623 0
0.717610 0.547095 0
0.717721 0.656272 0
230 3
0.591412 0.660623 0
0.606525 0.552117 0
0.717610 0.547095 0
231 3
0.341821 0.992139 0
0.327290 0.945552 0
0.428494 0.992248 0
232 3
0.327290 0.945552 0
0.386663 0.909308 0
0.428494 0.992248 0
233 3
0.608305 0.421549 0
0.717685 0.275640 0
0.717549 0.409258 0
234 3
0.608305 0.421549 0
0.604325 0.282525 0
0.717685 0.275640 0
235 3
0.717685 0.275640 0
0.604324 0.123788 0
0.717611 0.123850 0
236 3
0.717685 0.275640 0
0.604325 0.282525 0
0.604324 0.123788 0
237 3
0.386663 0.909308 0
0.360350 0.878795 0
0.410495 0.789610 0
238 3
0.386663 0.909308 0
0.410495 0.789610 0
0.444110 0.793961 0
239 3
0.386663 0.909308 0
0.444110 0.793961 0
0.428494 0.992248 0
240 3
0.495117 0.291519 0
0.604324 0.123788 0
0.604325 0.282525 0
241 3
0.495117 0.291519 0
0.485416 0.123857 0
0.604324 0.123788 0
242 3
0.348702 0.532911 0
0.455243 0.452694 0
0.420622 0.593253 0
243 3
0.195982 0.425045 0
0.161214 0.373957 0
0.179856 0.316725 0
244 3
0.228104 0.380713 0
0.179856 0.316725 0
0.224841 0.306771 0
245 3
0.195982 0.425045 0
0.179856 0.316725 0
0.228104 0.380713 0
246 3
0.265367 0.423667 0
0.267316 0.315581 0
0.296684 0.423184 0
247 3
0.224841 0.306771 0
0.267316 0.315581 0
0.228104 0.380713 0
248 3
0.163348 0.612082 0
0.163082 0.567500 0
0.198292 0.624943 0
249 3
0.162013 0.647452 0
0.163348 0.612082 0
0.198292 0.624943 0
250 3
0.267694 0.315780 0
0.251600 0.143983 0
0.361540 0.300217 0
251 3
0.267694 0.315780 0
0.361540 0.300217 0
0.296154 0.424388 0
252 3
0.160495 0.413290 0
0.161214 0.373957 0
0.195982 0.425045 0
253 3
0.224841 0.306771 0
0.251811 0.143967 0
0.267316 0.315581 0
254 3
0.348702 0.532911 0
0.266897 0.563287 0
0.296154 0.424388 0
255 3
0.296684 0.423184 0
0.267299 0.561637 0
0.265367 0.423667 0
256 3
0.265367 0.423667 0
0.267299 0.561637 0
0.228487 0.451301 0
257 3
0.228487 0.451301 0
0.195982 0.425045 0
0.228104 0.380713 0
258 3
0.228487 0.451301 0
0.228104 0.380713 0
0.265367 0.423667 0
259 3
0.228487 0.451301 0
0.197028 0.578369 0
0.195982 0.425045 0
260 3
0.228487 0.451301 0
0.267299 0.561637 0
0.197028 0.578369 0
261 3
0.267299 0.561637 0
0.198292 0.624943 0
0.197028 0.578369 0
262 3
0.158836 0.500986 0
0.160495 0.413290 0
0.197028 0.578369 0
263 3
0.197028 0.578369 0
0.198292 0.624943 0
0.163082 0.567500 0
264 3
0.158836 0.500986 0
0.197028 0.578369 0
0.163082 0.567500 0
265 3
0.197028 0.578369 0
0.160495 0.413290 0
0.195982 0.425045 0
266 3
0.991896 0.285142 0
0.993727 0.417737 0
0.925934 0.285655 0
267 3
0.916172 0.992510 0
0.990436 0.970973 0
0.990976 0.882011 0
268 3
0.916524 0.823740 0
0.916172 0.992510 0
0.990976 0.882011 0
269 3
0.914896 0.985222 0
0.990000 0.984501 0
0.989367 0.843563 0
270 3
0.914896 0.985222 0
0.989367 0.843563 0
0.915210 0.840537 0
271 3
0.991912 0.792569 0
0.916524 0.823740 0
0.990976 0.882011 0
272 3
0.925934 0.285655 0
0.993727 0.417737 0
0.916477 0.385596 0
273 3
0.916524 0.823740 0
0.991912 0.792569 0
0.916862 0.678774 0
274 3
0.915969 0.695368 0
0.915210 0.840537 0
0.989367 0.843563 0
275 3
0.915969 0.695368 0
0.989367 0.843563 0
0.990216 0.678144 0
276 3
0.991730 0.870754 0
0.991459 0.688896 0
0.915686 0.688896 0
277 3
0.991730 0.870754 0
0.915686 0.688896 0
0.915038 0.870754 0
278 3
0.991896 0.285142 0
0.925934 0.285655 0
0.992404 0.150574 0
279 3
0.916172 0.992510 0
0.990976 0.882011 0
0.990436 0.970973 0
280 3
0.916524 0.823740 0
0.990976 0.882011 0
0.916172 0.992510 0
281 3
0.914896 0.985222 0
0.989367 0.843563 0
0.990000 0.984501 0
282 3
0.914896 0.985222 0
0.915210 0.840537 0
0.989367 0.843563 0
283 3
0.991912 0.792569 0
0.990976 0.882011 0
0.916524 0.823740 0
284 3
0.925934 0.285655 0
0.915430 0.181118 0
0.992404 0.150574 0
285 3
0.916524 0.823740 0
0.916862 0.678774 0
0.991912 0.792569 0
286 3
0.915969 0.695368 0
0.989367 0.843563 0
0.915210 0.840537 0
287 3
0.915969 0.695368 0
0.990216 0.678144 0
0.989367 0.843563 0
288 3
0.913782 0.638668 0
0.970740 0.639557 0
0.913585 0.635914 0
289 3
0.913782 0.638668 0
0.971063 0.634937 0
0.970740 0.639557 0
290 3
0.971063 0.634937 0
0.913782 0.638668 0
0.913832 0.598861 0
291 3
0.913645 0.475830 0
0.913373 0.457646 0
0.960206 0.468402 0
292 3
0.960206 0.468402 0
0.913373 0.457646 0
0.959906 0.470981 0
293 3
0.984762 0.515813 0
0.959906 0.470981 0
0.913373 0.457646 0
294 3
0.913180 0.516401 0
0.984762 0.515813 0
0.913373 0.457646 0
295 3
0.984939 0.594007 0
0.984762 0.515813 0
0.913180 0.516401 0
296 3
0.984939 0.594007 0
0.913180 0.516401 0
0.913285 0.592810 0
297 3
0.970740 0.639557 0
0.984939 0.594007 0
0.913285 0.592810 0
298 3
0.970740 0.639557 0
0.913285 0.592810 0
0.913585 0.635914 0
299 3
0.913782 0.638668 0
0.913585 0.635914 0
0.970740 0.639557 0
300 3
0.913782 0.638668 0
0.970740 0.639557 0
0.971063 0.634937 0
301 3
0.971063 0.634937 0
0.913832 0.598861 0
0.913782 0.638668 0
302 3
0.913373 0.457646 0
0.913645 0.475830 0
0.960206 0.468402 0
303 3
0.960206 0.468402 0
0.959906 0.470981 0
0.913373 0.457646 0
304 3
0.984762 0.515813 0
0.913373 0.457646 0
0.959906 0.470981 0
305 3
0.913180 0.516401 0
0.913373 0.457646 0
0.984762 0.515813 0
306 3
0.984939 0.594007 0
0.913180 0.516401 0
0.984762 0.515813 0
307 3
0.984939 0.594007 0
0.913285 0.592810 0
0.913180 0.516401 0
308 3
0.970740 0.639557 0
0.913285 0.592810 0
0.984939 0.594007 0
309 3
0.970740 0.639557 0
0.913585 0.635914 0
0.913285 0.592810 0
310 3
0.915076 0.898317 0
0.915771 0.814846 0
0.986795 0.874092 0
311 3
0.927549 0.735310 0
0.978875 0.683395 0
0.986795 0.874092 0
312 3
0.915771 0.814846 0
0.927549 0.735310 0
0.986795 0.874092 0
313 3
0.939230 0.985030 0
0.915076 0.898317 0
0.986795 0.874092 0
314 3
0.993721 0.323322 0
0.971003 0.422791 0
0.911201 0.322891 0
315 3
0.980304 0.693097 0
0.959207 0.959727 0
0.938111 0.693097 0
316 3
0.991143 0.901131 0
0.915869 0.878759 0
0.990490 0.816258 0
317 3
0.982212 0.735388 0
0.915869 0.878759 0
0.931152 0.682602 0
318 3
0.990490 0.816258 0
0.915869 0.878759 0
0.982212 0.735388 0
319 3
0.968716 0.989297 0
0.915869 0.878759 0
0.991143 0.901131 0
320 3
0.993721 0.323322 0
0.911201 0.322891 0
0.975961 0.182545 0
4
0.000000 0.000000 0.000000
0.000000 0.000000 0.000000
0.000000 0.000000 0.000000
1.000000 1.000000 1.000000
