2
1
hd_cskru
D:\3DBball\Objects\Heads\misc\hd_cskru.tga
320
0 3
0.519323 0.095594 0
0.547760 0.031955 0
0.441616 0.022615 0
1 3
0.400333 0.162087 0
0.519323 0.095594 0
0.441616 0.022615 0
2 3
0.441616 0.022615 0
0.547760 0.031955 0
0.609936 0.001957 0
3 3
0.441616 0.022615 0
0.609936 0.001957 0
0.296370 0.103157 0
4 3
0.400333 0.162087 0
0.441616 0.022615 0
0.296370 0.103157 0
5 3
0.127940 0.820007 0
0.128524 0.866497 0
0.091052 0.854444 0
6 3
0.129011 0.906625 0
0.091052 0.854444 0
0.128524 0.866497 0
7 3
0.175587 0.906625 0
0.176734 0.866497 0
0.221426 0.854444 0
8 3
0.178110 0.820007 0
0.221426 0.854444 0
0.176734 0.866497 0
9 3
0.169945 0.688995 0
0.172693 0.658406 0
0.209984 0.675814 0
10 3
0.136189 0.688993 0
0.100360 0.674798 0
0.134011 0.659534 0
11 3
0.134011 0.659534 0
0.100360 0.674798 0
0.139687 0.637346 0
12 3
0.172693 0.658406 0
0.168547 0.636628 0
0.209984 0.675814 0
13 3
0.139687 0.637346 0
0.168547 0.636628 0
0.172693 0.658406 0
14 3
0.139687 0.637346 0
0.172693 0.658406 0
0.134011 0.659534 0
15 3
0.349380 0.432594 0
0.351325 0.652036 0
0.353650 0.652360 0
16 3
0.353650 0.652360 0
0.351325 0.652036 0
0.349380 0.432594 0
17 3
0.438307 0.423743 0
0.349380 0.432594 0
0.353650 0.652360 0
18 3
0.438307 0.423743 0
0.353650 0.652360 0
0.349380 0.432594 0
19 3
0.340398 0.657254 0
0.337769 0.440481 0
0.317124 0.631404 0
20 3
0.317124 0.631404 0
0.337769 0.440481 0
0.340398 0.657254 0
21 3
0.269622 0.479310 0
0.240909 0.669326 0
0.317124 0.631404 0
22 3
0.317124 0.631404 0
0.337769 0.440481 0
0.269622 0.479310 0
23 3
0.317124 0.631404 0
0.240909 0.669326 0
0.269622 0.479310 0
24 3
0.269622 0.479310 0
0.337769 0.440481 0
0.317124 0.631404 0
25 3
0.317124 0.631404 0
0.284180 0.719060 0
0.324688 0.716267 0
26 3
0.317124 0.631404 0
0.324688 0.716267 0
0.340398 0.657254 0
27 3
0.284180 0.719060 0
0.285622 0.812618 0
0.324688 0.716267 0
28 3
0.284180 0.719060 0
0.324688 0.716267 0
0.285622 0.812618 0
29 3
0.317124 0.631404 0
0.340398 0.657254 0
0.324688 0.716267 0
30 3
0.317124 0.631404 0
0.324688 0.716267 0
0.284180 0.719060 0
31 3
0.284180 0.719060 0
0.317124 0.631404 0
0.240909 0.669326 0
32 3
0.284180 0.719060 0
0.240909 0.669326 0
0.226278 0.786630 0
33 3
0.285622 0.812618 0
0.284180 0.719060 0
0.226278 0.786630 0
34 3
0.285622 0.812618 0
0.226278 0.786630 0
0.221942 0.853400 0
35 3
0.284180 0.719060 0
0.226278 0.786630 0
0.240909 0.669326 0
36 3
0.284180 0.719060 0
0.240909 0.669326 0
0.317124 0.631404 0
37 3
0.285622 0.812618 0
0.221942 0.853400 0
0.226278 0.786630 0
38 3
0.285622 0.812618 0
0.226278 0.786630 0
0.284180 0.719060 0
39 3
0.285622 0.812618 0
0.221942 0.853400 0
0.329797 0.889643 0
40 3
0.329797 0.889643 0
0.344977 0.822514 0
0.285622 0.812618 0
41 3
0.329797 0.889643 0
0.221942 0.853400 0
0.285622 0.812618 0
42 3
0.285622 0.812618 0
0.344977 0.822514 0
0.329797 0.889643 0
43 3
0.438307 0.423743 0
0.391656 0.658229 0
0.448017 0.567034 0
44 3
0.438307 0.423743 0
0.460318 0.471773 0
0.448017 0.567034 0
45 3
0.448017 0.567034 0
0.460318 0.471773 0
0.438307 0.423743 0
46 3
0.438307 0.423743 0
0.448017 0.567034 0
0.391656 0.658229 0
47 3
0.221942 0.853400 0
0.176981 0.906472 0
0.329797 0.889643 0
48 3
0.329797 0.889643 0
0.176981 0.906472 0
0.221942 0.853400 0
49 3
0.403338 0.407230 0
0.402772 0.327672 0
0.327291 0.321781 0
50 3
0.403338 0.407230 0
0.327291 0.321781 0
0.402744 0.328906 0
51 3
0.327291 0.321781 0
0.351164 0.428745 0
0.403338 0.407230 0
52 3
0.327291 0.321781 0
0.403338 0.407230 0
0.351164 0.428745 0
53 3
0.245297 0.192283 0
0.172209 0.335728 0
0.153761 0.181099 0
54 3
0.245297 0.192283 0
0.153761 0.181099 0
0.154322 0.065099 0
55 3
0.128521 0.335728 0
0.085463 0.332799 0
0.062086 0.192283 0
56 3
0.172209 0.335728 0
0.245297 0.192283 0
0.222040 0.332799 0
57 3
0.128521 0.335728 0
0.062086 0.192283 0
0.153761 0.181099 0
58 3
0.062086 0.192283 0
0.043604 0.055258 0
0.154322 0.065099 0
59 3
0.245297 0.192283 0
0.154322 0.065099 0
0.269430 0.059210 0
60 3
0.062086 0.192283 0
0.154322 0.065099 0
0.153761 0.181099 0
61 3
0.127940 0.820007 0
0.091052 0.854444 0
0.084826 0.784253 0
62 3
0.227209 0.784253 0
0.221426 0.854444 0
0.178110 0.820007 0
63 3
0.131445 0.777116 0
0.127940 0.820007 0
0.084826 0.784253 0
64 3
0.176551 0.777204 0
0.227209 0.784253 0
0.178110 0.820007 0
65 3
0.340398 0.657254 0
0.324688 0.716267 0
0.375373 0.720208 0
66 3
0.340398 0.657254 0
0.375373 0.720208 0
0.386450 0.678361 0
67 3
0.340398 0.657254 0
0.386450 0.678361 0
0.375373 0.720208 0
68 3
0.340398 0.657254 0
0.375373 0.720208 0
0.324688 0.716267 0
69 3
0.100360 0.674798 0
0.108308 0.569808 0
0.139687 0.637346 0
70 3
0.168547 0.636628 0
0.191223 0.569808 0
0.209984 0.675814 0
71 3
0.139687 0.637346 0
0.139476 0.579034 0
0.158958 0.579034 0
72 3
0.158958 0.579034 0
0.168547 0.636628 0
0.139687 0.637346 0
73 3
0.191223 0.569808 0
0.168547 0.636628 0
0.158958 0.579034 0
74 3
0.139476 0.579034 0
0.139687 0.637346 0
0.108308 0.569808 0
75 3
0.131445 0.777116 0
0.176551 0.777204 0
0.178110 0.820007 0
76 3
0.131445 0.777116 0
0.178110 0.820007 0
0.127940 0.820007 0
77 3
0.329797 0.889643 0
0.329797 0.889643 0
0.176981 0.906472 0
78 3
0.329797 0.889643 0
0.176981 0.906472 0
0.176981 0.906472 0
79 3
0.402772 0.327672 0
0.452234 0.415238 0
0.525559 0.428117 0
80 3
0.402744 0.328906 0
0.519284 0.241169 0
0.524784 0.427536 0
81 3
0.452234 0.415238 0
0.466324 0.463980 0
0.525559 0.428117 0
82 3
0.524784 0.427536 0
0.466324 0.463980 0
0.452234 0.415823 0
83 3
0.492436 0.995559 0
0.621871 0.996937 0
0.621956 0.921258 0
84 3
0.492436 0.995559 0
0.491432 0.882268 0
0.621956 0.921258 0
85 3
0.492436 0.995559 0
0.621956 0.921258 0
0.491432 0.882268 0
86 3
0.492436 0.995559 0
0.621956 0.921258 0
0.621871 0.996937 0
87 3
0.245920 0.197954 0
0.327291 0.321781 0
0.307317 0.208986 0
88 3
0.245920 0.197954 0
0.307317 0.208986 0
0.296370 0.103157 0
89 3
0.245920 0.197954 0
0.297021 0.104061 0
0.308630 0.208600 0
90 3
0.245920 0.197954 0
0.308630 0.208600 0
0.327291 0.321781 0
91 3
0.438307 0.423743 0
0.391656 0.658229 0
0.353650 0.652360 0
92 3
0.438307 0.423743 0
0.353650 0.652360 0
0.391656 0.658229 0
93 3
0.449656 0.598152 0
0.386450 0.678361 0
0.501404 0.788784 0
94 3
0.501404 0.788784 0
0.517925 0.582150 0
0.449656 0.598152 0
95 3
0.501404 0.788784 0
0.386450 0.678361 0
0.449656 0.598152 0
96 3
0.449656 0.598152 0
0.517925 0.582150 0
0.501404 0.788784 0
97 3
0.176551 0.777204 0
0.169945 0.688995 0
0.209984 0.675814 0
98 3
0.227209 0.784253 0
0.176551 0.777204 0
0.209984 0.675814 0
99 3
0.169945 0.688995 0
0.176551 0.777204 0
0.131445 0.777116 0
100 3
0.169945 0.688995 0
0.131445 0.777116 0
0.136189 0.688993 0
101 3
0.100360 0.674798 0
0.136189 0.688993 0
0.131445 0.777116 0
102 3
0.084826 0.784253 0
0.100360 0.674798 0
0.131445 0.777116 0
103 3
0.036622 0.484109 0
0.108308 0.569808 0
0.068028 0.669004 0
104 3
0.241144 0.669004 0
0.191223 0.569808 0
0.268384 0.484109 0
105 3
0.209984 0.675814 0
0.191223 0.569808 0
0.241144 0.669004 0
106 3
0.100360 0.674798 0
0.084826 0.784253 0
0.068028 0.669004 0
107 3
0.100360 0.674798 0
0.068028 0.669004 0
0.108308 0.569808 0
108 3
0.209984 0.675814 0
0.241144 0.669004 0
0.227209 0.784253 0
109 3
0.094746 0.387430 0
0.056356 0.421606 0
0.050357 0.372885 0
110 3
0.255007 0.377176 0
0.238899 0.421606 0
0.211678 0.384256 0
111 3
0.296370 0.103157 0
0.270884 0.059772 0
0.245920 0.197954 0
112 3
0.245920 0.197954 0
0.270598 0.058982 0
0.297021 0.104061 0
113 3
0.307317 0.208986 0
0.327291 0.321781 0
0.402772 0.327672 0
114 3
0.402772 0.327672 0
0.400333 0.162087 0
0.307317 0.208986 0
115 3
0.402744 0.328906 0
0.327291 0.321781 0
0.308630 0.208600 0
116 3
0.308630 0.208600 0
0.399586 0.162515 0
0.402744 0.328906 0
117 3
0.337769 0.440481 0
0.351164 0.428745 0
0.327291 0.321781 0
118 3
0.327291 0.321781 0
0.263045 0.430662 0
0.337769 0.440481 0
119 3
0.327291 0.321781 0
0.351164 0.428745 0
0.337769 0.440481 0
120 3
0.337769 0.440481 0
0.263045 0.430662 0
0.327291 0.321781 0
121 3
0.375373 0.720208 0
0.376931 0.995675 0
0.492436 0.995559 0
122 3
0.492436 0.995559 0
0.491432 0.882268 0
0.375373 0.720208 0
123 3
0.492436 0.995559 0
0.376931 0.995675 0
0.375373 0.720208 0
124 3
0.375373 0.720208 0
0.491432 0.882268 0
0.492436 0.995559 0
125 3
0.386450 0.678361 0
0.375373 0.720208 0
0.501404 0.788784 0
126 3
0.386450 0.678361 0
0.501404 0.788784 0
0.375373 0.720208 0
127 3
0.491817 0.997487 0
0.492436 0.995559 0
0.376421 0.995432 0
128 3
0.376421 0.995432 0
0.492436 0.995559 0
0.376931 0.995675 0
129 3
0.376421 0.995432 0
0.376931 0.995675 0
0.343998 0.995715 0
130 3
0.491817 0.997487 0
0.621871 0.996937 0
0.492436 0.995559 0
131 3
0.154322 0.065099 0
0.043604 0.055258 0
0.156377 0.029944 0
132 3
0.922675 0.995879 0
0.956027 0.922837 0
0.923051 0.922375 0
133 3
0.922675 0.995879 0
0.955618 0.995298 0
0.956027 0.922837 0
134 3
0.375373 0.720208 0
0.491432 0.882268 0
0.501404 0.788784 0
135 3
0.491432 0.882268 0
0.620769 0.803482 0
0.501404 0.788784 0
136 3
0.491432 0.882268 0
0.621956 0.921258 0
0.620769 0.803482 0
137 3
0.597221 0.098028 0
0.634791 0.039031 0
0.547760 0.031955 0
138 3
0.519323 0.095594 0
0.597221 0.098028 0
0.547760 0.031955 0
139 3
0.307317 0.208986 0
0.400333 0.162087 0
0.296370 0.103157 0
140 3
0.402772 0.327672 0
0.525559 0.428117 0
0.519671 0.241169 0
141 3
0.403338 0.407230 0
0.452234 0.415238 0
0.402772 0.327672 0
142 3
0.517925 0.582150 0
0.592669 0.572005 0
0.586041 0.414303 0
143 3
0.517925 0.582150 0
0.586041 0.414303 0
0.525559 0.428117 0
144 3
0.449656 0.598152 0
0.517925 0.582150 0
0.525559 0.428117 0
145 3
0.449656 0.598152 0
0.525559 0.428117 0
0.466324 0.463980 0
146 3
0.501404 0.788784 0
0.620769 0.803482 0
0.592669 0.572005 0
147 3
0.501404 0.788784 0
0.592669 0.572005 0
0.517925 0.582150 0
148 3
0.343998 0.995715 0
0.376931 0.995675 0
0.329797 0.889643 0
149 3
0.329797 0.889643 0
0.376931 0.995675 0
0.344977 0.822514 0
150 3
0.349380 0.432594 0
0.438307 0.423743 0
0.402944 0.424393 0
151 3
0.935821 0.651990 0
0.921893 0.723286 0
0.956344 0.723049 0
152 3
0.957634 0.785420 0
0.956344 0.723049 0
0.921893 0.723286 0
153 3
0.923699 0.785144 0
0.957634 0.785420 0
0.921893 0.723286 0
154 3
0.955948 0.855602 0
0.957634 0.785420 0
0.923699 0.785144 0
155 3
0.955948 0.855602 0
0.923699 0.785144 0
0.923531 0.855676 0
156 3
0.956027 0.922837 0
0.955948 0.855602 0
0.923531 0.855676 0
157 3
0.956027 0.922837 0
0.923531 0.855676 0
0.923051 0.922375 0
158 3
0.296370 0.103157 0
0.352751 0.016498 0
0.297324 0.028151 0
159 3
0.297324 0.028151 0
0.352751 0.016498 0
0.315207 0.001212 0
160 3
0.525559 0.428117 0
0.586041 0.414303 0
0.590489 0.233479 0
161 3
0.525559 0.428117 0
0.590489 0.233479 0
0.519671 0.241169 0
162 3
0.590489 0.233479 0
0.597221 0.098028 0
0.519323 0.095594 0
163 3
0.590489 0.233479 0
0.519323 0.095594 0
0.519671 0.241169 0
164 3
0.634791 0.039031 0
0.691331 0.017949 0
0.609936 0.001957 0
165 3
0.634791 0.039031 0
0.609936 0.001957 0
0.547760 0.031955 0
166 3
0.609936 0.001957 0
0.691331 0.017949 0
0.315207 0.001212 0
167 3
0.344977 0.822514 0
0.324688 0.716267 0
0.285622 0.812618 0
168 3
0.344977 0.822514 0
0.375373 0.720208 0
0.324688 0.716267 0
169 3
0.352751 0.016498 0
0.609936 0.001957 0
0.315207 0.001212 0
170 3
0.156724 0.031170 0
0.297324 0.028151 0
0.315207 0.001212 0
171 3
0.344977 0.822514 0
0.376931 0.995675 0
0.375373 0.720208 0
172 3
0.402772 0.327672 0
0.519671 0.241169 0
0.519323 0.095594 0
173 3
0.402772 0.327672 0
0.519323 0.095594 0
0.400333 0.162087 0
174 3
0.156377 0.029944 0
0.043604 0.055258 0
0.050325 0.012458 0
175 3
0.296370 0.103157 0
0.297324 0.028151 0
0.270884 0.059772 0
176 3
0.296370 0.103157 0
0.609936 0.001957 0
0.352751 0.016498 0
177 3
0.337769 0.440481 0
0.340398 0.657254 0
0.351164 0.428745 0
178 3
0.129573 0.412939 0
0.128521 0.335728 0
0.143440 0.384536 0
179 3
0.094746 0.387430 0
0.085463 0.332799 0
0.128521 0.335728 0
180 3
0.129573 0.412939 0
0.094746 0.387430 0
0.128521 0.335728 0
181 3
0.056356 0.421606 0
0.044676 0.429758 0
0.050357 0.372885 0
182 3
0.085463 0.332799 0
0.094746 0.387430 0
0.050357 0.372885 0
183 3
0.141132 0.522529 0
0.108308 0.569808 0
0.141357 0.485057 0
184 3
0.139476 0.579034 0
0.108308 0.569808 0
0.141132 0.522529 0
185 3
0.255923 0.377506 0
0.327291 0.321781 0
0.245920 0.197954 0
186 3
0.255923 0.377506 0
0.263045 0.430662 0
0.327291 0.321781 0
187 3
0.144200 0.410109 0
0.129573 0.412939 0
0.143440 0.384536 0
188 3
0.085463 0.332799 0
0.050357 0.372885 0
0.062086 0.192283 0
189 3
0.337769 0.440481 0
0.263045 0.430662 0
0.269622 0.479310 0
190 3
0.044676 0.429758 0
0.056356 0.421606 0
0.036622 0.484109 0
191 3
0.056356 0.421606 0
0.091435 0.434605 0
0.036622 0.484109 0
192 3
0.091435 0.434605 0
0.094746 0.387430 0
0.129573 0.412939 0
193 3
0.056356 0.421606 0
0.094746 0.387430 0
0.091435 0.434605 0
194 3
0.091435 0.434605 0
0.129573 0.412939 0
0.108759 0.530442 0
195 3
0.091435 0.434605 0
0.108759 0.530442 0
0.036622 0.484109 0
196 3
0.036622 0.484109 0
0.108759 0.530442 0
0.108308 0.569808 0
197 3
0.144185 0.439041 0
0.108759 0.530442 0
0.144200 0.410109 0
198 3
0.108759 0.530442 0
0.141357 0.485057 0
0.108308 0.569808 0
199 3
0.144185 0.439041 0
0.141357 0.485057 0
0.108759 0.530442 0
200 3
0.108759 0.530442 0
0.129573 0.412939 0
0.144200 0.410109 0
201 3
0.491817 0.997487 0
0.621871 0.996937 0
0.621871 0.996937 0
202 3
0.491817 0.997487 0
0.376421 0.995432 0
0.492436 0.995559 0
203 3
0.376421 0.995432 0
0.376931 0.995675 0
0.492436 0.995559 0
204 3
0.376421 0.995432 0
0.343998 0.995715 0
0.376931 0.995675 0
205 3
0.343998 0.995715 0
0.329797 0.889643 0
0.329797 0.889643 0
206 3
0.343998 0.995715 0
0.329797 0.889643 0
0.343998 0.995715 0
207 3
0.376421 0.995432 0
0.343998 0.995715 0
0.343998 0.995715 0
208 3
0.843225 0.099184 0
0.634549 0.038578 0
0.597517 0.099184 0
209 3
0.843225 0.099184 0
0.817117 0.038578 0
0.634549 0.038578 0
210 3
0.740871 0.013865 0
0.710242 -0.000017 0
0.692113 0.013865 0
211 3
0.817117 0.038578 0
0.740871 0.013865 0
0.692113 0.013865 0
212 3
0.817117 0.038578 0
0.692113 0.013865 0
0.634549 0.038578 0
213 3
0.854475 0.231845 0
0.597517 0.099184 0
0.589206 0.231845 0
214 3
0.854475 0.231845 0
0.843225 0.099184 0
0.597517 0.099184 0
215 3
0.856234 0.416178 0
0.589206 0.231845 0
0.588387 0.416178 0
216 3
0.856234 0.416178 0
0.854475 0.231845 0
0.589206 0.231845 0
217 3
0.855292 0.570752 0
0.588387 0.416178 0
0.591359 0.570752 0
218 3
0.855292 0.570752 0
0.856234 0.416178 0
0.588387 0.416178 0
219 3
0.821495 0.802997 0
0.591359 0.570752 0
0.619454 0.802997 0
220 3
0.821495 0.802997 0
0.855292 0.570752 0
0.591359 0.570752 0
221 3
0.819632 0.920640 0
0.619454 0.802997 0
0.621317 0.920640 0
222 3
0.819632 0.920640 0
0.821495 0.802997 0
0.619454 0.802997 0
223 3
0.816358 0.996027 0
0.621317 0.920640 0
0.624591 0.996027 0
224 3
0.816358 0.996027 0
0.819632 0.920640 0
0.621317 0.920640 0
225 3
0.491817 0.997487 0
0.492436 0.995559 0
0.621871 0.996937 0
226 3
0.154322 0.065099 0
0.156377 0.029944 0
0.269430 0.059210 0
227 3
0.141132 0.522529 0
0.161754 0.485057 0
0.160901 0.522529 0
228 3
0.141132 0.522529 0
0.141357 0.485057 0
0.161754 0.485057 0
229 3
0.139476 0.579034 0
0.160901 0.522529 0
0.158958 0.579034 0
230 3
0.141132 0.522529 0
0.160901 0.522529 0
0.139476 0.579034 0
231 3
0.128521 0.335728 0
0.153761 0.181099 0
0.172209 0.335728 0
232 3
0.143440 0.384536 0
0.172209 0.335728 0
0.160752 0.384536 0
233 3
0.143440 0.384536 0
0.128521 0.335728 0
0.172209 0.335728 0
234 3
0.144200 0.410109 0
0.160752 0.384536 0
0.160176 0.410109 0
235 3
0.143440 0.384536 0
0.160752 0.384536 0
0.144200 0.410109 0
236 3
0.161328 0.439041 0
0.161754 0.485057 0
0.141357 0.485057 0
237 3
0.144185 0.439041 0
0.161328 0.439041 0
0.141357 0.485057 0
238 3
0.160176 0.410109 0
0.161328 0.439041 0
0.144185 0.439041 0
239 3
0.144200 0.410109 0
0.160176 0.410109 0
0.144185 0.439041 0
240 3
0.992361 0.995615 0
0.992271 0.923797 0
0.956243 0.924248 0
241 3
0.992361 0.995615 0
0.956243 0.924248 0
0.956180 0.995047 0
242 3
0.375373 0.720208 0
0.501404 0.788784 0
0.491432 0.882268 0
243 3
0.491432 0.882268 0
0.501404 0.788784 0
0.620769 0.803482 0
244 3
0.491432 0.882268 0
0.620769 0.803482 0
0.621956 0.921258 0
245 3
0.597221 0.098028 0
0.551491 0.033674 0
0.634791 0.039031 0
246 3
0.519230 0.096172 0
0.551491 0.033674 0
0.597221 0.098028 0
247 3
0.519230 0.096172 0
0.441334 0.022166 0
0.551491 0.033674 0
248 3
0.399586 0.162515 0
0.441334 0.022166 0
0.519230 0.096172 0
249 3
0.399586 0.162515 0
0.297021 0.104061 0
0.441334 0.022166 0
250 3
0.308630 0.208600 0
0.297021 0.104061 0
0.399586 0.162515 0
251 3
0.402744 0.328906 0
0.524784 0.427536 0
0.452234 0.415823 0
252 3
0.403338 0.407230 0
0.402744 0.328906 0
0.452234 0.415823 0
253 3
0.517925 0.582150 0
0.586041 0.414303 0
0.592669 0.572005 0
254 3
0.517925 0.582150 0
0.524784 0.427536 0
0.586041 0.414303 0
255 3
0.449656 0.598152 0
0.524784 0.427536 0
0.517925 0.582150 0
256 3
0.449656 0.598152 0
0.466324 0.463980 0
0.524784 0.427536 0
257 3
0.501404 0.788784 0
0.592669 0.572005 0
0.620769 0.803482 0
258 3
0.501404 0.788784 0
0.517925 0.582150 0
0.592669 0.572005 0
259 3
0.343998 0.995715 0
0.329797 0.889643 0
0.376931 0.995675 0
260 3
0.329797 0.889643 0
0.344977 0.822514 0
0.376931 0.995675 0
261 3
0.438307 0.423743 0
0.349380 0.432594 0
0.402944 0.424393 0
262 3
0.967861 0.659614 0
0.958203 0.728400 0
0.992290 0.729275 0
263 3
0.956526 0.793355 0
0.992290 0.729275 0
0.958203 0.728400 0
264 3
0.993428 0.793085 0
0.992290 0.729275 0
0.956526 0.793355 0
265 3
0.956934 0.855184 0
0.993428 0.793085 0
0.956526 0.793355 0
266 3
0.956934 0.855184 0
0.993470 0.855257 0
0.993428 0.793085 0
267 3
0.956243 0.924248 0
0.993470 0.855257 0
0.956934 0.855184 0
268 3
0.956243 0.924248 0
0.992271 0.923797 0
0.993470 0.855257 0
269 3
0.441334 0.022166 0
0.296971 0.028047 0
0.352751 0.014946 0
270 3
0.297021 0.104061 0
0.296971 0.028047 0
0.441334 0.022166 0
271 3
0.296971 0.028047 0
0.315207 0.001212 0
0.352751 0.014946 0
272 3
0.524784 0.427536 0
0.590489 0.233479 0
0.586041 0.414303 0
273 3
0.524784 0.427536 0
0.519284 0.241169 0
0.590489 0.233479 0
274 3
0.590489 0.233479 0
0.519230 0.096172 0
0.597221 0.098028 0
275 3
0.590489 0.233479 0
0.519284 0.241169 0
0.519230 0.096172 0
276 3
0.634791 0.039031 0
0.608654 0.002380 0
0.691331 0.017949 0
277 3
0.634791 0.039031 0
0.551491 0.033674 0
0.608654 0.002380 0
278 3
0.608654 0.002380 0
0.315207 0.001212 0
0.691331 0.017949 0
279 3
0.344977 0.822514 0
0.285622 0.812618 0
0.324688 0.716267 0
280 3
0.344977 0.822514 0
0.324688 0.716267 0
0.375373 0.720208 0
281 3
0.352751 0.014946 0
0.315207 0.001212 0
0.608654 0.002380 0
282 3
0.156724 0.031170 0
0.315207 0.001212 0
0.296971 0.028047 0
283 3
0.344977 0.822514 0
0.375373 0.720208 0
0.376931 0.995675 0
284 3
0.402744 0.328906 0
0.519230 0.096172 0
0.519284 0.241169 0
285 3
0.402744 0.328906 0
0.399586 0.162515 0
0.519230 0.096172 0
286 3
0.156377 0.029944 0
0.299139 0.028328 0
0.269430 0.059210 0
287 3
0.297021 0.104061 0
0.270598 0.058982 0
0.296971 0.028047 0
288 3
0.441334 0.022166 0
0.608654 0.002380 0
0.551491 0.033674 0
289 3
0.441334 0.022166 0
0.352751 0.014946 0
0.608654 0.002380 0
290 3
0.337769 0.440481 0
0.351164 0.428745 0
0.340398 0.657254 0
291 3
0.174401 0.412939 0
0.160752 0.384536 0
0.172209 0.335728 0
292 3
0.211678 0.384256 0
0.172209 0.335728 0
0.222040 0.332799 0
293 3
0.174401 0.412939 0
0.172209 0.335728 0
0.211678 0.384256 0
294 3
0.238899 0.421606 0
0.255007 0.377176 0
0.263737 0.429758 0
295 3
0.222040 0.332799 0
0.255007 0.377176 0
0.211678 0.384256 0
296 3
0.160901 0.522529 0
0.161754 0.485057 0
0.191223 0.569808 0
297 3
0.158958 0.579034 0
0.160901 0.522529 0
0.191223 0.569808 0
298 3
0.255852 0.379366 0
0.245920 0.197954 0
0.327291 0.321781 0
299 3
0.255852 0.379366 0
0.327291 0.321781 0
0.263045 0.430662 0
300 3
0.160176 0.410109 0
0.160752 0.384536 0
0.174401 0.412939 0
301 3
0.222040 0.332799 0
0.245297 0.192283 0
0.255007 0.377176 0
302 3
0.337769 0.440481 0
0.269622 0.479310 0
0.263045 0.430662 0
303 3
0.263737 0.429758 0
0.268384 0.484109 0
0.238899 0.421606 0
304 3
0.238899 0.421606 0
0.268384 0.484109 0
0.219527 0.431431 0
305 3
0.219527 0.431431 0
0.174401 0.412939 0
0.211678 0.384256 0
306 3
0.219527 0.431431 0
0.211678 0.384256 0
0.238899 0.421606 0
307 3
0.219527 0.431431 0
0.190560 0.530442 0
0.174401 0.412939 0
308 3
0.219527 0.431431 0
0.268384 0.484109 0
0.190560 0.530442 0
309 3
0.268384 0.484109 0
0.191223 0.569808 0
0.190560 0.530442 0
310 3
0.161328 0.439041 0
0.160176 0.410109 0
0.190560 0.530442 0
311 3
0.190560 0.530442 0
0.191223 0.569808 0
0.161754 0.485057 0
312 3
0.161328 0.439041 0
0.190560 0.530442 0
0.161754 0.485057 0
313 3
0.190560 0.530442 0
0.160176 0.410109 0
0.174401 0.412939 0
314 3
0.128524 0.866497 0
0.176734 0.866497 0
0.175587 0.906625 0
315 3
0.128524 0.866497 0
0.175587 0.906625 0
0.129011 0.906625 0
316 3
0.178110 0.820007 0
0.176734 0.866497 0
0.128524 0.866497 0
317 3
0.178110 0.820007 0
0.128524 0.866497 0
0.127940 0.820007 0
318 3
0.136189 0.688993 0
0.134011 0.659534 0
0.172693 0.658406 0
319 3
0.136189 0.688993 0
0.172693 0.658406 0
0.169945 0.688995 0
4
0.000000 0.000000 0.000000
0.000000 0.000000 0.000000
0.000000 0.000000 0.000000
1.000000 1.000000 1.000000
