1
5
Philadelphia\LWO\hd_dcole.tga
Philadelphia\LWO\hd_dcole.tga
Philadelphia\LWO\hd_dcole.tga
Philadelphia\LWO\hd_dcole.tga
Philadelphia\LWO\hd_dcole.tga
321
0 3
0.660919 0.283208 0
0.775649 0.275409 0
0.760633 0.147148 0
1 3
0.660919 0.283208 0
0.760633 0.147148 0
0.636817 0.148538 0
2 3
0.660919 0.283208 0
0.636817 0.148538 0
0.760633 0.147148 0
3 3
0.660919 0.283208 0
0.760633 0.147148 0
0.775649 0.275409 0
4 3
0.704898 0.521037 0
0.699133 0.636692 0
0.780831 0.511259 0
5 3
0.780831 0.511259 0
0.780880 0.400726 0
0.704898 0.521037 0
6 3
0.780831 0.511259 0
0.699133 0.636692 0
0.704898 0.521037 0
7 3
0.704898 0.521037 0
0.780880 0.400726 0
0.780831 0.511259 0
8 3
0.638230 0.705087 0
0.652022 0.468309 0
0.571398 0.650573 0
9 3
0.571398 0.650573 0
0.580434 0.720893 0
0.638230 0.705087 0
10 3
0.571398 0.650573 0
0.652022 0.468309 0
0.638230 0.705087 0
11 3
0.638230 0.705087 0
0.580434 0.720893 0
0.571398 0.650573 0
12 3
0.496684 0.527617 0
0.473469 0.865152 0
0.541241 0.789994 0
13 3
0.496684 0.527617 0
0.541241 0.789994 0
0.572147 0.736367 0
14 3
0.496684 0.527617 0
0.572147 0.736367 0
0.571398 0.650573 0
15 3
0.541241 0.789994 0
0.473469 0.865152 0
0.496684 0.527617 0
16 3
0.496684 0.527617 0
0.571398 0.650573 0
0.572147 0.736367 0
17 3
0.496684 0.527617 0
0.572147 0.736367 0
0.541241 0.789994 0
18 3
0.464804 0.939050 0
0.473469 0.865152 0
0.339052 0.924232 0
19 3
0.339052 0.924232 0
0.337933 0.963234 0
0.464804 0.939050 0
20 3
0.339052 0.924232 0
0.473469 0.865152 0
0.464804 0.939050 0
21 3
0.464804 0.939050 0
0.337933 0.963234 0
0.339052 0.924232 0
22 3
0.621641 0.452512 0
0.660919 0.283208 0
0.492151 0.310158 0
23 3
0.621641 0.452512 0
0.492151 0.310158 0
0.660919 0.283208 0
24 3
0.492151 0.310158 0
0.590392 0.496751 0
0.621641 0.452512 0
25 3
0.492151 0.310158 0
0.621641 0.452512 0
0.590392 0.496751 0
26 3
0.464804 0.939050 0
0.552580 0.866626 0
0.473469 0.865152 0
27 3
0.473469 0.865152 0
0.552580 0.866626 0
0.464804 0.939050 0
28 3
0.473469 0.865152 0
0.496684 0.527617 0
0.368829 0.562488 0
29 3
0.473469 0.865152 0
0.348210 0.747629 0
0.368829 0.562488 0
30 3
0.473469 0.865152 0
0.368829 0.562488 0
0.348210 0.747629 0
31 3
0.473469 0.865152 0
0.368829 0.562488 0
0.496684 0.527617 0
32 3
0.261064 0.119009 0
0.195765 0.304644 0
0.164999 0.132368 0
33 3
0.261064 0.119009 0
0.164999 0.132368 0
0.165319 0.064256 0
34 3
0.131349 0.313532 0
0.075069 0.310472 0
0.069115 0.119009 0
35 3
0.195765 0.304644 0
0.261064 0.119009 0
0.251771 0.292695 0
36 3
0.131349 0.313532 0
0.069115 0.119009 0
0.164999 0.132368 0
37 3
0.473469 0.865152 0
0.348210 0.747629 0
0.345671 0.841924 0
38 3
0.473469 0.865152 0
0.345671 0.841924 0
0.348210 0.747629 0
39 3
0.069115 0.119009 0
0.088090 0.058928 0
0.165319 0.064256 0
40 3
0.261064 0.119009 0
0.165319 0.064256 0
0.239066 0.058928 0
41 3
0.069115 0.119009 0
0.165319 0.064256 0
0.164999 0.132368 0
42 3
0.135269 0.922783 0
0.096569 0.924215 0
0.084404 0.835697 0
43 3
0.242711 0.835697 0
0.230545 0.924215 0
0.191845 0.922783 0
44 3
0.132597 0.823439 0
0.135269 0.922783 0
0.084404 0.835697 0
45 3
0.194517 0.823551 0
0.242711 0.835697 0
0.191845 0.922783 0
46 3
0.572147 0.736367 0
0.541241 0.789994 0
0.608100 0.808358 0
47 3
0.572147 0.736367 0
0.608100 0.808358 0
0.635498 0.729507 0
48 3
0.572147 0.736367 0
0.635498 0.729507 0
0.608100 0.808358 0
49 3
0.572147 0.736367 0
0.608100 0.808358 0
0.541241 0.789994 0
50 3
0.097661 0.741686 0
0.114171 0.588555 0
0.139005 0.686948 0
51 3
0.139005 0.686948 0
0.139326 0.734868 0
0.097661 0.741686 0
52 3
0.188109 0.686947 0
0.215026 0.588555 0
0.229453 0.742408 0
53 3
0.229453 0.742408 0
0.187789 0.734832 0
0.188109 0.686947 0
54 3
0.139326 0.734868 0
0.139005 0.686948 0
0.188109 0.686947 0
55 3
0.139326 0.734868 0
0.188109 0.686947 0
0.187789 0.734832 0
56 3
0.139005 0.686948 0
0.152408 0.605068 0
0.176789 0.605068 0
57 3
0.176789 0.605068 0
0.188109 0.686947 0
0.139005 0.686948 0
58 3
0.215026 0.588555 0
0.188109 0.686947 0
0.176789 0.605068 0
59 3
0.152408 0.605068 0
0.139005 0.686948 0
0.114171 0.588555 0
60 3
0.132597 0.823439 0
0.194517 0.823551 0
0.191845 0.922783 0
61 3
0.132597 0.823439 0
0.191845 0.922783 0
0.135269 0.922783 0
62 3
0.464804 0.939050 0
0.464804 0.939050 0
0.337933 0.963234 0
63 3
0.464804 0.939050 0
0.337933 0.963234 0
0.337933 0.963234 0
64 3
0.138072 0.966161 0
0.135269 0.922783 0
0.191845 0.922783 0
65 3
0.138072 0.966161 0
0.191845 0.922783 0
0.189042 0.966161 0
66 3
0.096569 0.924215 0
0.135269 0.922783 0
0.138072 0.966161 0
67 3
0.230545 0.924215 0
0.189042 0.966161 0
0.191845 0.922783 0
68 3
0.660919 0.283208 0
0.676069 0.456701 0
0.780880 0.400726 0
69 3
0.660919 0.283208 0
0.775649 0.275409 0
0.780880 0.400726 0
70 3
0.676069 0.456701 0
0.704898 0.521037 0
0.780880 0.400726 0
71 3
0.780880 0.400726 0
0.704898 0.521037 0
0.676069 0.456701 0
72 3
0.748114 0.991327 0
0.863050 0.991404 0
0.867943 0.739720 0
73 3
0.748114 0.991327 0
0.746906 0.749300 0
0.867943 0.739720 0
74 3
0.748114 0.991327 0
0.867943 0.739720 0
0.746906 0.749300 0
75 3
0.748114 0.991327 0
0.867943 0.739720 0
0.863050 0.991404 0
76 3
0.379034 0.169204 0
0.492151 0.310158 0
0.489038 0.154944 0
77 3
0.379034 0.169204 0
0.489038 0.154944 0
0.489398 0.071118 0
78 3
0.379034 0.169204 0
0.489398 0.071118 0
0.489038 0.154944 0
79 3
0.379034 0.169204 0
0.489038 0.154944 0
0.492151 0.310158 0
80 3
0.652022 0.468309 0
0.590392 0.496751 0
0.571398 0.650573 0
81 3
0.571398 0.650573 0
0.590392 0.496751 0
0.652022 0.468309 0
82 3
0.699133 0.636692 0
0.635498 0.729507 0
0.765114 0.621780 0
83 3
0.765114 0.621780 0
0.780831 0.511259 0
0.699133 0.636692 0
84 3
0.765114 0.621780 0
0.635498 0.729507 0
0.699133 0.636692 0
85 3
0.699133 0.636692 0
0.780831 0.511259 0
0.765114 0.621780 0
86 3
0.194517 0.823551 0
0.186739 0.785871 0
0.229453 0.742408 0
87 3
0.242711 0.835697 0
0.194517 0.823551 0
0.229453 0.742408 0
88 3
0.186739 0.785871 0
0.194517 0.823551 0
0.132597 0.823439 0
89 3
0.186739 0.785871 0
0.132597 0.823439 0
0.140375 0.785863 0
90 3
0.186739 0.785871 0
0.140375 0.785863 0
0.163557 0.734089 0
91 3
0.140375 0.785863 0
0.139294 0.733934 0
0.163557 0.734089 0
92 3
0.097661 0.741686 0
0.140375 0.785863 0
0.132597 0.823439 0
93 3
0.186739 0.785871 0
0.163557 0.734089 0
0.187821 0.733938 0
94 3
0.186739 0.785871 0
0.187821 0.733938 0
0.229453 0.742408 0
95 3
0.097661 0.741686 0
0.139294 0.733934 0
0.140375 0.785863 0
96 3
0.084404 0.835697 0
0.097661 0.741686 0
0.132597 0.823439 0
97 3
0.040758 0.564065 0
0.114171 0.588555 0
0.071930 0.741456 0
98 3
0.261435 0.741456 0
0.215026 0.588555 0
0.286428 0.564065 0
99 3
0.229453 0.742408 0
0.215026 0.588555 0
0.261435 0.741456 0
100 3
0.097661 0.741686 0
0.084404 0.835697 0
0.071930 0.741456 0
101 3
0.097661 0.741686 0
0.071930 0.741456 0
0.114171 0.588555 0
102 3
0.229453 0.742408 0
0.261435 0.741456 0
0.242711 0.835697 0
103 3
0.041833 0.415037 0
0.051393 0.382840 0
0.081131 0.380978 0
104 3
0.033091 0.318134 0
0.051393 0.382840 0
0.041833 0.415037 0
105 3
0.081131 0.380978 0
0.051393 0.382840 0
0.033091 0.318134 0
106 3
0.245983 0.365423 0
0.275721 0.367284 0
0.285281 0.399482 0
107 3
0.294024 0.300356 0
0.275721 0.367284 0
0.245983 0.365423 0
108 3
0.285281 0.399482 0
0.275721 0.367284 0
0.294024 0.300356 0
109 3
0.489398 0.071118 0
0.398262 0.086477 0
0.379034 0.169204 0
110 3
0.379034 0.169204 0
0.398262 0.086477 0
0.489398 0.071118 0
111 3
0.489038 0.154944 0
0.492151 0.310158 0
0.660919 0.283208 0
112 3
0.660919 0.283208 0
0.636817 0.148538 0
0.489038 0.154944 0
113 3
0.660919 0.283208 0
0.492151 0.310158 0
0.489038 0.154944 0
114 3
0.489038 0.154944 0
0.636817 0.148538 0
0.660919 0.283208 0
115 3
0.496684 0.527617 0
0.590392 0.496751 0
0.492151 0.310158 0
116 3
0.492151 0.310158 0
0.427866 0.448076 0
0.496684 0.527617 0
117 3
0.492151 0.310158 0
0.590392 0.496751 0
0.496684 0.527617 0
118 3
0.496684 0.527617 0
0.427866 0.448076 0
0.492151 0.310158 0
119 3
0.608100 0.808358 0
0.596856 0.992237 0
0.748114 0.991327 0
120 3
0.748114 0.991327 0
0.746906 0.749300 0
0.608100 0.808358 0
121 3
0.748114 0.991327 0
0.596856 0.992237 0
0.608100 0.808358 0
122 3
0.608100 0.808358 0
0.746906 0.749300 0
0.748114 0.991327 0
123 3
0.652022 0.468309 0
0.638230 0.705087 0
0.684298 0.624128 0
124 3
0.684298 0.624128 0
0.693916 0.522507 0
0.652022 0.468309 0
125 3
0.652022 0.468309 0
0.693916 0.522507 0
0.684298 0.624128 0
126 3
0.652022 0.468309 0
0.684298 0.624128 0
0.638230 0.705087 0
127 3
0.635498 0.729507 0
0.608100 0.808358 0
0.765114 0.621780 0
128 3
0.635498 0.729507 0
0.765114 0.621780 0
0.608100 0.808358 0
129 3
0.339052 0.924232 0
0.473469 0.865152 0
0.345671 0.841924 0
130 3
0.339052 0.924232 0
0.345671 0.841924 0
0.473469 0.865152 0
131 3
0.745251 0.991767 0
0.748114 0.991327 0
0.609276 0.992827 0
132 3
0.609276 0.992827 0
0.748114 0.991327 0
0.596856 0.992237 0
133 3
0.609276 0.992827 0
0.596856 0.992237 0
0.510971 0.991393 0
134 3
0.745251 0.991767 0
0.863050 0.991404 0
0.748114 0.991327 0
135 3
0.165319 0.064256 0
0.088090 0.058928 0
0.165212 0.013441 0
136 3
0.917864 0.987516 0
0.991528 0.982305 0
0.917619 0.978987 0
137 3
0.917864 0.987516 0
0.993209 0.984118 0
0.991528 0.982305 0
138 3
0.608100 0.808358 0
0.746906 0.749300 0
0.765114 0.621780 0
139 3
0.746906 0.749300 0
0.867428 0.604132 0
0.765114 0.621780 0
140 3
0.746906 0.749300 0
0.867943 0.739720 0
0.867428 0.604132 0
141 3
0.867893 0.138947 0
0.843382 0.053590 0
0.734446 0.059303 0
142 3
0.760633 0.147148 0
0.867893 0.138947 0
0.734446 0.059303 0
143 3
0.760633 0.147148 0
0.734446 0.059303 0
0.621700 0.059457 0
144 3
0.636817 0.148538 0
0.760633 0.147148 0
0.621700 0.059457 0
145 3
0.636817 0.148538 0
0.621700 0.059457 0
0.489398 0.071118 0
146 3
0.489038 0.154944 0
0.636817 0.148538 0
0.489398 0.071118 0
147 3
0.660919 0.283208 0
0.780880 0.400726 0
0.775649 0.275409 0
148 3
0.621641 0.452512 0
0.676069 0.456701 0
0.660919 0.283208 0
149 3
0.780831 0.511259 0
0.866961 0.498906 0
0.868009 0.383037 0
150 3
0.780831 0.511259 0
0.868009 0.383037 0
0.780880 0.400726 0
151 3
0.765114 0.621780 0
0.867428 0.604132 0
0.866961 0.498906 0
152 3
0.765114 0.621780 0
0.866961 0.498906 0
0.780831 0.511259 0
153 3
0.510971 0.991393 0
0.596856 0.992237 0
0.464804 0.939050 0
154 3
0.464804 0.939050 0
0.596856 0.992237 0
0.552580 0.866626 0
155 3
0.993209 0.984118 0
0.917864 0.987516 0
0.918131 0.933055 0
156 3
0.918139 0.832588 0
0.917307 0.809567 0
0.992606 0.817727 0
157 3
0.992606 0.817727 0
0.917307 0.809567 0
0.991564 0.820872 0
158 3
0.989924 0.849152 0
0.991564 0.820872 0
0.917307 0.809567 0
159 3
0.916357 0.845251 0
0.989924 0.849152 0
0.917307 0.809567 0
160 3
0.990390 0.937649 0
0.989924 0.849152 0
0.916357 0.845251 0
161 3
0.990390 0.937649 0
0.916357 0.845251 0
0.916717 0.936558 0
162 3
0.991528 0.982305 0
0.990390 0.937649 0
0.916717 0.936558 0
163 3
0.991528 0.982305 0
0.916717 0.936558 0
0.917619 0.978987 0
164 3
0.621700 0.059457 0
0.610100 0.006662 0
0.550957 0.008639 0
165 3
0.489398 0.071118 0
0.621700 0.059457 0
0.550957 0.008639 0
166 3
0.977214 0.647221 0
0.977843 0.572049 0
0.916289 0.627543 0
167 3
0.780880 0.400726 0
0.868009 0.383037 0
0.868804 0.267206 0
168 3
0.780880 0.400726 0
0.868804 0.267206 0
0.775649 0.275409 0
169 3
0.868804 0.267206 0
0.867893 0.138947 0
0.760633 0.147148 0
170 3
0.868804 0.267206 0
0.760633 0.147148 0
0.775649 0.275409 0
171 3
0.843382 0.053590 0
0.812825 0.004951 0
0.704737 0.004779 0
172 3
0.843382 0.053590 0
0.704737 0.004779 0
0.734446 0.059303 0
173 3
0.978081 0.480279 0
0.916419 0.451131 0
0.916289 0.627543 0
174 3
0.552580 0.866626 0
0.541241 0.789994 0
0.473469 0.865152 0
175 3
0.552580 0.866626 0
0.608100 0.808358 0
0.541241 0.789994 0
176 3
0.977843 0.572049 0
0.978081 0.480279 0
0.916289 0.627543 0
177 3
0.977849 0.735335 0
0.977214 0.647221 0
0.916289 0.627543 0
178 3
0.917911 0.767996 0
0.977849 0.735335 0
0.916289 0.627543 0
179 3
0.552580 0.866626 0
0.596856 0.992237 0
0.608100 0.808358 0
180 3
0.492122 0.011491 0
0.489398 0.071118 0
0.550957 0.008639 0
181 3
0.165212 0.013441 0
0.088090 0.058928 0
0.107352 0.004950 0
182 3
0.489398 0.071118 0
0.492122 0.011491 0
0.398262 0.086477 0
183 3
0.621700 0.059457 0
0.734446 0.059303 0
0.704737 0.004779 0
184 3
0.621700 0.059457 0
0.704737 0.004779 0
0.610100 0.006662 0
185 3
0.496684 0.527617 0
0.571398 0.650573 0
0.590392 0.496751 0
186 3
0.116865 0.416511 0
0.131349 0.313532 0
0.146531 0.356022 0
187 3
0.081131 0.380978 0
0.075069 0.310472 0
0.131349 0.313532 0
188 3
0.116865 0.416511 0
0.081131 0.380978 0
0.131349 0.313532 0
189 3
0.041833 0.415037 0
0.019620 0.414520 0
0.033091 0.318134 0
190 3
0.075069 0.310472 0
0.081131 0.380978 0
0.033091 0.318134 0
191 3
0.146848 0.576183 0
0.114171 0.588555 0
0.147117 0.524835 0
192 3
0.152408 0.605068 0
0.114171 0.588555 0
0.146848 0.576183 0
193 3
0.368726 0.329563 0
0.492151 0.310158 0
0.379034 0.169204 0
194 3
0.368726 0.329563 0
0.427866 0.448076 0
0.492151 0.310158 0
195 3
0.147285 0.386690 0
0.116865 0.416511 0
0.146531 0.356022 0
196 3
0.075069 0.310472 0
0.033091 0.318134 0
0.069115 0.119009 0
197 3
0.496684 0.527617 0
0.427866 0.448076 0
0.368829 0.562488 0
198 3
0.019620 0.414520 0
0.041833 0.415037 0
0.040758 0.564065 0
199 3
0.041833 0.415037 0
0.080729 0.436482 0
0.040758 0.564065 0
200 3
0.080729 0.436482 0
0.081131 0.380978 0
0.116865 0.416511 0
201 3
0.041833 0.415037 0
0.081131 0.380978 0
0.080729 0.436482 0
202 3
0.080729 0.436482 0
0.116865 0.416511 0
0.115222 0.539193 0
203 3
0.080729 0.436482 0
0.115222 0.539193 0
0.040758 0.564065 0
204 3
0.040758 0.564065 0
0.115222 0.539193 0
0.114171 0.588555 0
205 3
0.146981 0.461091 0
0.115222 0.539193 0
0.147285 0.386690 0
206 3
0.115222 0.539193 0
0.147117 0.524835 0
0.114171 0.588555 0
207 3
0.146981 0.461091 0
0.147117 0.524835 0
0.115222 0.539193 0
208 3
0.115222 0.539193 0
0.116865 0.416511 0
0.147285 0.386690 0
209 3
0.845118 0.989910 0
0.887626 0.990443 0
0.807223 0.990443 0
210 3
0.745251 0.991767 0
0.609276 0.992827 0
0.748114 0.991327 0
211 3
0.609276 0.992827 0
0.596856 0.992237 0
0.748114 0.991327 0
212 3
0.609276 0.992827 0
0.510971 0.991393 0
0.596856 0.992237 0
213 3
0.510971 0.991393 0
0.464804 0.939050 0
0.464804 0.939050 0
214 3
0.510971 0.991393 0
0.464804 0.939050 0
0.510971 0.991393 0
215 3
0.609276 0.992827 0
0.510971 0.991393 0
0.510971 0.991393 0
216 3
0.887527 0.139172 0
0.808335 0.054119 0
0.807318 0.139172 0
217 3
0.887527 0.139172 0
0.886466 0.054119 0
0.808335 0.054119 0
218 3
0.989054 0.449358 0
0.916289 0.627543 0
0.916419 0.451131 0
219 3
0.886466 0.054119 0
0.885456 0.010768 0
0.809305 0.010768 0
220 3
0.886466 0.054119 0
0.809305 0.010768 0
0.808335 0.054119 0
221 3
0.887917 0.268087 0
0.807318 0.139172 0
0.806944 0.268087 0
222 3
0.887917 0.268087 0
0.887527 0.139172 0
0.807318 0.139172 0
223 3
0.887990 0.383379 0
0.806944 0.268087 0
0.806874 0.383379 0
224 3
0.887990 0.383379 0
0.887917 0.268087 0
0.806944 0.268087 0
225 3
0.887628 0.503431 0
0.806874 0.383379 0
0.807221 0.503431 0
226 3
0.887628 0.503431 0
0.887990 0.383379 0
0.806874 0.383379 0
227 3
0.887698 0.604815 0
0.807221 0.503431 0
0.807154 0.604815 0
228 3
0.887698 0.604815 0
0.887628 0.503431 0
0.807221 0.503431 0
229 3
0.887550 0.744022 0
0.807154 0.604815 0
0.807296 0.744022 0
230 3
0.887550 0.744022 0
0.887698 0.604815 0
0.807154 0.604815 0
231 3
0.887626 0.990443 0
0.807296 0.744022 0
0.807223 0.990443 0
232 3
0.887626 0.990443 0
0.887550 0.744022 0
0.807296 0.744022 0
233 3
0.745251 0.991767 0
0.748114 0.991327 0
0.863050 0.991404 0
234 3
0.165319 0.064256 0
0.165212 0.013441 0
0.239066 0.058928 0
235 3
0.146848 0.576183 0
0.182079 0.524835 0
0.182348 0.576183 0
236 3
0.146848 0.576183 0
0.147117 0.524835 0
0.182079 0.524835 0
237 3
0.152408 0.605068 0
0.182348 0.576183 0
0.176789 0.605068 0
238 3
0.146848 0.576183 0
0.182348 0.576183 0
0.152408 0.605068 0
239 3
0.131349 0.313532 0
0.164999 0.132368 0
0.195765 0.304644 0
240 3
0.146531 0.356022 0
0.195765 0.304644 0
0.180583 0.349356 0
241 3
0.146531 0.356022 0
0.131349 0.313532 0
0.195765 0.304644 0
242 3
0.147285 0.386690 0
0.180583 0.349356 0
0.179829 0.386690 0
243 3
0.146531 0.356022 0
0.180583 0.349356 0
0.147285 0.386690 0
244 3
0.180133 0.461091 0
0.182079 0.524835 0
0.147117 0.524835 0
245 3
0.146981 0.461091 0
0.180133 0.461091 0
0.147117 0.524835 0
246 3
0.179829 0.386690 0
0.180133 0.461091 0
0.146981 0.461091 0
247 3
0.147285 0.386690 0
0.179829 0.386690 0
0.146981 0.461091 0
248 3
0.917864 0.987516 0
0.917619 0.978987 0
0.991528 0.982305 0
249 3
0.917864 0.987516 0
0.991528 0.982305 0
0.993209 0.984118 0
250 3
0.608100 0.808358 0
0.765114 0.621780 0
0.746906 0.749300 0
251 3
0.746906 0.749300 0
0.765114 0.621780 0
0.867428 0.604132 0
252 3
0.746906 0.749300 0
0.867428 0.604132 0
0.867943 0.739720 0
253 3
0.867893 0.138947 0
0.734446 0.059303 0
0.843382 0.053590 0
254 3
0.760633 0.147148 0
0.734446 0.059303 0
0.867893 0.138947 0
255 3
0.760633 0.147148 0
0.621700 0.059457 0
0.734446 0.059303 0
256 3
0.636817 0.148538 0
0.621700 0.059457 0
0.760633 0.147148 0
257 3
0.636817 0.148538 0
0.489398 0.071118 0
0.621700 0.059457 0
258 3
0.489038 0.154944 0
0.489398 0.071118 0
0.636817 0.148538 0
259 3
0.660919 0.283208 0
0.780880 0.400726 0
0.676069 0.456701 0
260 3
0.621641 0.452512 0
0.660919 0.283208 0
0.676069 0.456701 0
261 3
0.780831 0.511259 0
0.868009 0.383037 0
0.866961 0.498906 0
262 3
0.780831 0.511259 0
0.780880 0.400726 0
0.868009 0.383037 0
263 3
0.765114 0.621780 0
0.866961 0.498906 0
0.867428 0.604132 0
264 3
0.765114 0.621780 0
0.780831 0.511259 0
0.866961 0.498906 0
265 3
0.510971 0.991393 0
0.464804 0.939050 0
0.596856 0.992237 0
266 3
0.464804 0.939050 0
0.552580 0.866626 0
0.596856 0.992237 0
267 3
0.993209 0.984118 0
0.918131 0.933055 0
0.917864 0.987516 0
268 3
0.917307 0.809567 0
0.918139 0.832588 0
0.992606 0.817727 0
269 3
0.992606 0.817727 0
0.991564 0.820872 0
0.917307 0.809567 0
270 3
0.989924 0.849152 0
0.917307 0.809567 0
0.991564 0.820872 0
271 3
0.916357 0.845251 0
0.917307 0.809567 0
0.989924 0.849152 0
272 3
0.990390 0.937649 0
0.916357 0.845251 0
0.989924 0.849152 0
273 3
0.990390 0.937649 0
0.916717 0.936558 0
0.916357 0.845251 0
274 3
0.991528 0.982305 0
0.916717 0.936558 0
0.990390 0.937649 0
275 3
0.991528 0.982305 0
0.917619 0.978987 0
0.916717 0.936558 0
276 3
0.621700 0.059457 0
0.550957 0.008639 0
0.610100 0.006662 0
277 3
0.489398 0.071118 0
0.550957 0.008639 0
0.621700 0.059457 0
278 3
0.988672 0.696770 0
0.916289 0.627543 0
0.988038 0.624300 0
279 3
0.780880 0.400726 0
0.868804 0.267206 0
0.868009 0.383037 0
280 3
0.780880 0.400726 0
0.775649 0.275409 0
0.868804 0.267206 0
281 3
0.868804 0.267206 0
0.760633 0.147148 0
0.867893 0.138947 0
282 3
0.868804 0.267206 0
0.775649 0.275409 0
0.760633 0.147148 0
283 3
0.843382 0.053590 0
0.704737 0.004779 0
0.812825 0.004951 0
284 3
0.843382 0.053590 0
0.734446 0.059303 0
0.704737 0.004779 0
285 3
0.988132 0.550139 0
0.916289 0.627543 0
0.989054 0.449358 0
286 3
0.552580 0.866626 0
0.473469 0.865152 0
0.541241 0.789994 0
287 3
0.552580 0.866626 0
0.541241 0.789994 0
0.608100 0.808358 0
288 3
0.988038 0.624300 0
0.916289 0.627543 0
0.988132 0.550139 0
289 3
0.988032 0.766548 0
0.916289 0.627543 0
0.988672 0.696770 0
290 3
0.917911 0.767996 0
0.916289 0.627543 0
0.988032 0.766548 0
291 3
0.552580 0.866626 0
0.608100 0.808358 0
0.596856 0.992237 0
292 3
0.492122 0.011491 0
0.550957 0.008639 0
0.489398 0.071118 0
293 3
0.165212 0.013441 0
0.219763 0.004950 0
0.239066 0.058928 0
294 3
0.489398 0.071118 0
0.398262 0.086477 0
0.492122 0.011491 0
295 3
0.621700 0.059457 0
0.704737 0.004779 0
0.734446 0.059303 0
296 3
0.621700 0.059457 0
0.610100 0.006662 0
0.704737 0.004779 0
297 3
0.496684 0.527617 0
0.590392 0.496751 0
0.571398 0.650573 0
298 3
0.210250 0.400955 0
0.180583 0.349356 0
0.195765 0.304644 0
299 3
0.245983 0.365423 0
0.195765 0.304644 0
0.251771 0.292695 0
300 3
0.210250 0.400955 0
0.195765 0.304644 0
0.245983 0.365423 0
301 3
0.285281 0.399482 0
0.294024 0.300356 0
0.307495 0.414520 0
302 3
0.251771 0.292695 0
0.294024 0.300356 0
0.245983 0.365423 0
303 3
0.182348 0.576183 0
0.182079 0.524835 0
0.215026 0.588555 0
304 3
0.176789 0.605068 0
0.182348 0.576183 0
0.215026 0.588555 0
305 3
0.368726 0.329563 0
0.379034 0.169204 0
0.492151 0.310158 0
306 3
0.368726 0.329563 0
0.492151 0.310158 0
0.427866 0.448076 0
307 3
0.179829 0.386690 0
0.180583 0.349356 0
0.210250 0.400955 0
308 3
0.251771 0.292695 0
0.261064 0.119009 0
0.294024 0.300356 0
309 3
0.496684 0.527617 0
0.368829 0.562488 0
0.427866 0.448076 0
310 3
0.307495 0.414520 0
0.286428 0.564065 0
0.285281 0.399482 0
311 3
0.285281 0.399482 0
0.286428 0.564065 0
0.246385 0.420926 0
312 3
0.246385 0.420926 0
0.210250 0.400955 0
0.245983 0.365423 0
313 3
0.246385 0.420926 0
0.245983 0.365423 0
0.285281 0.399482 0
314 3
0.246385 0.420926 0
0.213747 0.539193 0
0.210250 0.400955 0
315 3
0.246385 0.420926 0
0.286428 0.564065 0
0.213747 0.539193 0
316 3
0.286428 0.564065 0
0.215026 0.588555 0
0.213747 0.539193 0
317 3
0.180133 0.461091 0
0.179829 0.386690 0
0.213747 0.539193 0
318 3
0.213747 0.539193 0
0.215026 0.588555 0
0.182079 0.524835 0
319 3
0.180133 0.461091 0
0.213747 0.539193 0
0.182079 0.524835 0
320 3
0.213747 0.539193 0
0.179829 0.386690 0
0.210250 0.400955 0
4
0.000000 -90.000000 0.000000
0.000000 183.333328 0.000000
0.000000 0.000000 0.000000
13.322113 25.644226 18.295046
4
0.000000 0.000000 0.000000
0.000000 0.000000 0.000000
0.000000 0.000000 0.000000
11.466767 19.723846 15.595306
4
0.000000 -90.000000 0.000000
0.000000 0.000000 0.000000
0.000000 0.000000 0.000000
3.039074 5.078149 3.797148
4
-90.000000 0.000000 0.000000
0.000000 0.000000 0.000000
0.000000 0.000000 0.000000
5.638561 3.319281 8.604334
4
0.000000 0.000000 0.000000
0.000000 0.000000 0.000000
0.000000 0.000000 0.000000
5.141044 24.983625 15.062334
