1
1
Toronto\LWO\hd_dchri.tga
297
0 3
0.391573 0.863198 0
0.261370 0.934589 0
0.224603 0.983819 0
1 3
0.391573 0.863198 0
0.394271 0.950139 0
0.224603 0.983819 0
2 3
0.391573 0.863198 0
0.224603 0.983819 0
0.394271 0.950139 0
3 3
0.391573 0.863198 0
0.224603 0.983819 0
0.261370 0.934589 0
4 3
0.294379 0.725078 0
0.448141 0.688317 0
0.455984 0.619686 0
5 3
0.294379 0.725078 0
0.392237 0.524145 0
0.455984 0.619686 0
6 3
0.294379 0.725078 0
0.455984 0.619686 0
0.392237 0.524145 0
7 3
0.294379 0.725078 0
0.455984 0.619686 0
0.448141 0.688317 0
8 3
0.531260 0.603874 0
0.465164 0.677374 0
0.455984 0.619686 0
9 3
0.531260 0.603874 0
0.455984 0.619686 0
0.486067 0.440116 0
10 3
0.531260 0.603874 0
0.486067 0.440116 0
0.455984 0.619686 0
11 3
0.531260 0.603874 0
0.455984 0.619686 0
0.465164 0.677374 0
12 3
0.465164 0.677374 0
0.455984 0.619686 0
0.448141 0.688317 0
13 3
0.465164 0.677374 0
0.448141 0.688317 0
0.455984 0.619686 0
14 3
0.392237 0.524145 0
0.455984 0.619686 0
0.486067 0.440116 0
15 3
0.486067 0.440116 0
0.455984 0.619686 0
0.392237 0.524145 0
16 3
0.486067 0.440116 0
0.565709 0.436365 0
0.531260 0.603874 0
17 3
0.531260 0.603874 0
0.565709 0.436365 0
0.486067 0.440116 0
18 3
0.277420 0.022147 0
0.291855 0.063280 0
0.394361 0.097742 0
19 3
0.394361 0.097742 0
0.291855 0.063280 0
0.277420 0.022147 0
20 3
0.384655 0.005964 0
0.277420 0.022147 0
0.394361 0.097742 0
21 3
0.384655 0.005964 0
0.394361 0.097742 0
0.277420 0.022147 0
22 3
0.294379 0.725078 0
0.391573 0.863198 0
0.433476 0.767311 0
23 3
0.294379 0.725078 0
0.433476 0.767311 0
0.448141 0.688317 0
24 3
0.642255 0.237565 0
0.643342 0.428117 0
0.565709 0.436365 0
25 3
0.565709 0.436365 0
0.643342 0.428117 0
0.642255 0.237565 0
26 3
0.513654 0.256550 0
0.642255 0.237565 0
0.565709 0.436365 0
27 3
0.513654 0.256550 0
0.565709 0.436365 0
0.642255 0.237565 0
28 3
0.465164 0.677374 0
0.497899 0.663410 0
0.531260 0.603874 0
29 3
0.531260 0.603874 0
0.497899 0.663410 0
0.465164 0.677374 0
30 3
0.433476 0.767311 0
0.391573 0.863198 0
0.294379 0.725078 0
31 3
0.294379 0.725078 0
0.448141 0.688317 0
0.433476 0.767311 0
32 3
0.294379 0.725078 0
0.320512 0.544856 0
0.392237 0.524145 0
33 3
0.294379 0.725078 0
0.392237 0.524145 0
0.320512 0.544856 0
34 3
0.513654 0.256550 0
0.565709 0.436365 0
0.486067 0.440116 0
35 3
0.513654 0.256550 0
0.486067 0.440116 0
0.565709 0.436365 0
36 3
0.748158 0.420882 0
0.748546 0.231785 0
0.642255 0.237565 0
37 3
0.642255 0.237565 0
0.643342 0.428117 0
0.748158 0.420882 0
38 3
0.882219 0.233618 0
0.749997 0.233618 0
0.749968 0.421967 0
39 3
0.882219 0.233618 0
0.749968 0.421967 0
0.882277 0.421967 0
40 3
0.642255 0.237565 0
0.748546 0.231785 0
0.748158 0.420882 0
41 3
0.748158 0.420882 0
0.643342 0.428117 0
0.642255 0.237565 0
42 3
0.086436 0.809828 0
0.162555 0.817437 0
0.163237 0.936654 0
43 3
0.281410 0.809828 0
0.261590 0.935093 0
0.220347 0.936654 0
44 3
0.086436 0.809828 0
0.163237 0.936654 0
0.105202 0.935093 0
45 3
0.281410 0.809828 0
0.220347 0.936654 0
0.221191 0.817552 0
46 3
0.394271 0.950139 0
0.426136 0.866922 0
0.391573 0.863198 0
47 3
0.391573 0.863198 0
0.426136 0.866922 0
0.394271 0.950139 0
48 3
0.188993 0.046879 0
0.151128 0.294829 0
0.100083 0.295199 0
49 3
0.257381 0.295199 0
0.219395 0.294829 0
0.188993 0.046879 0
50 3
0.086031 0.066037 0
0.188993 0.046879 0
0.100083 0.295199 0
51 3
0.291955 0.066037 0
0.257381 0.295199 0
0.188993 0.046879 0
52 3
0.643342 0.428117 0
0.630118 0.603558 0
0.749757 0.600327 0
53 3
0.643342 0.428117 0
0.749757 0.600327 0
0.748158 0.420882 0
54 3
0.643342 0.428117 0
0.748158 0.420882 0
0.749757 0.600327 0
55 3
0.643342 0.428117 0
0.749757 0.600327 0
0.630118 0.603558 0
56 3
0.643342 0.428117 0
0.565709 0.436365 0
0.565229 0.604601 0
57 3
0.643342 0.428117 0
0.565229 0.604601 0
0.565709 0.436365 0
58 3
0.124231 0.723596 0
0.145256 0.581691 0
0.162965 0.664127 0
59 3
0.162965 0.664127 0
0.165468 0.716132 0
0.124231 0.723596 0
60 3
0.220618 0.664125 0
0.236864 0.581691 0
0.253755 0.724285 0
61 3
0.253755 0.724285 0
0.218116 0.716089 0
0.220618 0.664125 0
62 3
0.165468 0.716132 0
0.162965 0.664127 0
0.220618 0.664125 0
63 3
0.165468 0.716132 0
0.220618 0.664125 0
0.218116 0.716089 0
64 3
0.162965 0.664127 0
0.179485 0.606335 0
0.204098 0.606335 0
65 3
0.204098 0.606335 0
0.220618 0.664125 0
0.162965 0.664127 0
66 3
0.236864 0.581691 0
0.220618 0.664125 0
0.204098 0.606335 0
67 3
0.179485 0.606335 0
0.162965 0.664127 0
0.145256 0.581691 0
68 3
0.162555 0.817437 0
0.221191 0.817552 0
0.220347 0.936654 0
69 3
0.162555 0.817437 0
0.220347 0.936654 0
0.163237 0.936654 0
70 3
0.394271 0.950139 0
0.394271 0.950139 0
0.224603 0.983819 0
71 3
0.394271 0.950139 0
0.224603 0.983819 0
0.224603 0.983819 0
72 3
0.161113 0.986161 0
0.163237 0.936654 0
0.220347 0.936654 0
73 3
0.161113 0.986161 0
0.220347 0.936654 0
0.222470 0.986161 0
74 3
0.105202 0.935093 0
0.163237 0.936654 0
0.161113 0.986161 0
75 3
0.261590 0.935093 0
0.222470 0.986161 0
0.220347 0.936654 0
76 3
0.622114 0.991075 0
0.751851 0.990300 0
0.750241 0.719928 0
77 3
0.622114 0.991075 0
0.616015 0.728681 0
0.750241 0.719928 0
78 3
0.622114 0.991075 0
0.750241 0.719928 0
0.616015 0.728681 0
79 3
0.622114 0.991075 0
0.750241 0.719928 0
0.751851 0.990300 0
80 3
0.291855 0.063280 0
0.407289 0.267862 0
0.394361 0.097742 0
81 3
0.291855 0.063280 0
0.394361 0.097742 0
0.407289 0.267862 0
82 3
0.565229 0.604601 0
0.504436 0.682709 0
0.630118 0.603558 0
83 3
0.630118 0.603558 0
0.643342 0.428117 0
0.565229 0.604601 0
84 3
0.630118 0.603558 0
0.504436 0.682709 0
0.565229 0.604601 0
85 3
0.565229 0.604601 0
0.643342 0.428117 0
0.630118 0.603558 0
86 3
0.221191 0.817552 0
0.221843 0.778556 0
0.253755 0.724285 0
87 3
0.281410 0.809828 0
0.221191 0.817552 0
0.253755 0.724285 0
88 3
0.221843 0.778556 0
0.221191 0.817552 0
0.162555 0.817437 0
89 3
0.221843 0.778556 0
0.162555 0.817437 0
0.161741 0.778556 0
90 3
0.221843 0.778556 0
0.161741 0.778556 0
0.198321 0.716079 0
91 3
0.161741 0.778556 0
0.165431 0.715963 0
0.198321 0.716079 0
92 3
0.124231 0.723596 0
0.161741 0.778556 0
0.162555 0.817437 0
93 3
0.221843 0.778556 0
0.198321 0.716079 0
0.218152 0.715963 0
94 3
0.221843 0.778556 0
0.218152 0.715963 0
0.253755 0.724285 0
95 3
0.124231 0.723596 0
0.165431 0.715963 0
0.161741 0.778556 0
96 3
0.086436 0.809828 0
0.124231 0.723596 0
0.162555 0.817437 0
97 3
0.048327 0.545517 0
0.145256 0.581691 0
0.074682 0.723019 0
98 3
0.295030 0.723019 0
0.236864 0.581691 0
0.321190 0.545517 0
99 3
0.253755 0.724285 0
0.236864 0.581691 0
0.295030 0.723019 0
100 3
0.124231 0.723596 0
0.086436 0.809828 0
0.074682 0.723019 0
101 3
0.124231 0.723596 0
0.074682 0.723019 0
0.145256 0.581691 0
102 3
0.253755 0.724285 0
0.295030 0.723019 0
0.281410 0.809828 0
103 3
0.072572 0.414692 0
0.080936 0.369523 0
0.108982 0.373602 0
104 3
0.060582 0.310956 0
0.080936 0.369523 0
0.072572 0.414692 0
105 3
0.108982 0.373602 0
0.080936 0.369523 0
0.060582 0.310956 0
106 3
0.249433 0.373429 0
0.274849 0.369349 0
0.283593 0.414518 0
107 3
0.306210 0.310956 0
0.274849 0.369349 0
0.249433 0.373429 0
108 3
0.283593 0.414518 0
0.274849 0.369349 0
0.306210 0.310956 0
109 3
0.394361 0.097742 0
0.407289 0.267862 0
0.513654 0.256550 0
110 3
0.513654 0.256550 0
0.505722 0.101205 0
0.394361 0.097742 0
111 3
0.513654 0.256550 0
0.407289 0.267862 0
0.394361 0.097742 0
112 3
0.394361 0.097742 0
0.505722 0.101205 0
0.513654 0.256550 0
113 3
0.407289 0.267862 0
0.392237 0.524145 0
0.486067 0.440116 0
114 3
0.407289 0.267862 0
0.345908 0.417167 0
0.392237 0.524145 0
115 3
0.407289 0.267862 0
0.486067 0.440116 0
0.392237 0.524145 0
116 3
0.392237 0.524145 0
0.345908 0.417167 0
0.407289 0.267862 0
117 3
0.463587 0.770829 0
0.469833 0.989169 0
0.622114 0.991075 0
118 3
0.622114 0.991075 0
0.616015 0.728681 0
0.463587 0.770829 0
119 3
0.622114 0.991075 0
0.469833 0.989169 0
0.463587 0.770829 0
120 3
0.463587 0.770829 0
0.616015 0.728681 0
0.622114 0.991075 0
121 3
0.504436 0.682709 0
0.433476 0.767311 0
0.463587 0.770829 0
122 3
0.504436 0.682709 0
0.463587 0.770829 0
0.630118 0.603558 0
123 3
0.504436 0.682709 0
0.630118 0.603558 0
0.463587 0.770829 0
124 3
0.504436 0.682709 0
0.463587 0.770829 0
0.433476 0.767311 0
125 3
0.261370 0.934589 0
0.391573 0.863198 0
0.281783 0.809677 0
126 3
0.294379 0.725078 0
0.281783 0.809677 0
0.391573 0.863198 0
127 3
0.294379 0.725078 0
0.391573 0.863198 0
0.281783 0.809677 0
128 3
0.261370 0.934589 0
0.281783 0.809677 0
0.391573 0.863198 0
129 3
0.623247 0.990609 0
0.622114 0.991075 0
0.483881 0.990605 0
130 3
0.483881 0.990605 0
0.622114 0.991075 0
0.469833 0.989169 0
131 3
0.483881 0.990605 0
0.469833 0.989169 0
0.417285 0.989999 0
132 3
0.623247 0.990609 0
0.751851 0.990300 0
0.622114 0.991075 0
133 3
0.634571 0.118332 0
0.545445 0.114000 0
0.634434 0.036975 0
134 3
0.188993 0.046879 0
0.099909 0.022408 0
0.188708 0.004775 0
135 3
0.433476 0.767311 0
0.504436 0.682709 0
0.448141 0.688317 0
136 3
0.914301 0.991927 0
0.964118 0.953353 0
0.914018 0.975658 0
137 3
0.914301 0.991927 0
0.964414 0.959886 0
0.964118 0.953353 0
138 3
0.463587 0.770829 0
0.616015 0.728681 0
0.630118 0.603558 0
139 3
0.616015 0.728681 0
0.749757 0.600327 0
0.630118 0.603558 0
140 3
0.616015 0.728681 0
0.750241 0.719928 0
0.749757 0.600327 0
141 3
0.751310 0.100262 0
0.750502 0.006413 0
0.630763 0.004999 0
142 3
0.641780 0.099115 0
0.751310 0.100262 0
0.630763 0.004999 0
143 3
0.641780 0.099115 0
0.630763 0.004999 0
0.495528 0.005752 0
144 3
0.505722 0.101205 0
0.641780 0.099115 0
0.495528 0.005752 0
145 3
0.505722 0.101205 0
0.495528 0.005752 0
0.384655 0.005964 0
146 3
0.394361 0.097742 0
0.505722 0.101205 0
0.384655 0.005964 0
147 3
0.486067 0.440116 0
0.513654 0.256550 0
0.407289 0.267862 0
148 3
0.417285 0.989999 0
0.469833 0.989169 0
0.394271 0.950139 0
149 3
0.394271 0.950139 0
0.469833 0.989169 0
0.426136 0.866922 0
150 3
0.963846 0.901188 0
0.913819 0.786218 0
0.913847 0.927007 0
151 3
0.964118 0.953353 0
0.963846 0.901188 0
0.913847 0.927007 0
152 3
0.964118 0.953353 0
0.913847 0.927007 0
0.914018 0.975658 0
153 3
0.495528 0.094641 0
0.485995 0.004710 0
0.433288 0.004675 0
154 3
0.392117 0.094853 0
0.495528 0.094641 0
0.433288 0.004675 0
155 3
0.681224 0.082398 0
0.588633 0.082107 0
0.617677 0.006069 0
156 3
0.748546 0.231785 0
0.751310 0.100262 0
0.641780 0.099115 0
157 3
0.748546 0.231785 0
0.641780 0.099115 0
0.642255 0.237565 0
158 3
0.750502 0.095302 0
0.751446 0.004950 0
0.613873 0.006492 0
159 3
0.750502 0.095302 0
0.613873 0.006492 0
0.630763 0.093888 0
160 3
0.497850 0.068985 0
0.441246 0.005350 0
0.617677 0.006069 0
161 3
0.426136 0.866922 0
0.433476 0.767311 0
0.391573 0.863198 0
162 3
0.426136 0.866922 0
0.463587 0.770829 0
0.433476 0.767311 0
163 3
0.588633 0.082107 0
0.497850 0.068985 0
0.617677 0.006069 0
164 3
0.770099 0.064731 0
0.681224 0.082398 0
0.617677 0.006069 0
165 3
0.851666 0.004558 0
0.770099 0.064731 0
0.617677 0.006069 0
166 3
0.188993 0.046879 0
0.086031 0.066037 0
0.099909 0.022408 0
167 3
0.426136 0.866922 0
0.469833 0.989169 0
0.463587 0.770829 0
168 3
0.513654 0.256550 0
0.642255 0.237565 0
0.641780 0.099115 0
169 3
0.513654 0.256550 0
0.641780 0.099115 0
0.505722 0.101205 0
170 3
0.374100 0.006113 0
0.392117 0.094853 0
0.433288 0.004675 0
171 3
0.634434 0.036975 0
0.545445 0.114000 0
0.559686 0.004806 0
172 3
0.392117 0.094853 0
0.374100 0.006113 0
0.292345 0.066592 0
173 3
0.495528 0.094641 0
0.630763 0.093888 0
0.613873 0.006492 0
174 3
0.495528 0.094641 0
0.613873 0.006492 0
0.485995 0.004710 0
175 3
0.142035 0.413065 0
0.151128 0.294829 0
0.174148 0.353931 0
176 3
0.108982 0.373602 0
0.100083 0.295199 0
0.151128 0.294829 0
177 3
0.142035 0.413065 0
0.108982 0.373602 0
0.151128 0.294829 0
178 3
0.072572 0.414692 0
0.021660 0.416005 0
0.060582 0.310956 0
179 3
0.100083 0.295199 0
0.108982 0.373602 0
0.060582 0.310956 0
180 3
0.177922 0.564127 0
0.145256 0.581691 0
0.178234 0.523796 0
181 3
0.179485 0.606335 0
0.145256 0.581691 0
0.177922 0.564127 0
182 3
0.305670 0.310914 0
0.407289 0.267862 0
0.291855 0.063280 0
183 3
0.305670 0.310914 0
0.345908 0.417167 0
0.407289 0.267862 0
184 3
0.176637 0.399594 0
0.142035 0.413065 0
0.174148 0.353931 0
185 3
0.100083 0.295199 0
0.060582 0.310956 0
0.086031 0.066037 0
186 3
0.392237 0.524145 0
0.345908 0.417167 0
0.320512 0.544856 0
187 3
0.021660 0.416005 0
0.072572 0.414692 0
0.048327 0.545517 0
188 3
0.072572 0.414692 0
0.108630 0.436187 0
0.048327 0.545517 0
189 3
0.108630 0.436187 0
0.108982 0.373602 0
0.142035 0.413065 0
190 3
0.072572 0.414692 0
0.108982 0.373602 0
0.108630 0.436187 0
191 3
0.108630 0.436187 0
0.142035 0.413065 0
0.147539 0.529150 0
192 3
0.108630 0.436187 0
0.147539 0.529150 0
0.048327 0.545517 0
193 3
0.048327 0.545517 0
0.147539 0.529150 0
0.145256 0.581691 0
194 3
0.176978 0.445021 0
0.147539 0.529150 0
0.176637 0.399594 0
195 3
0.147539 0.529150 0
0.178234 0.523796 0
0.145256 0.581691 0
196 3
0.176978 0.445021 0
0.178234 0.523796 0
0.147539 0.529150 0
197 3
0.147539 0.529150 0
0.142035 0.413065 0
0.176637 0.399594 0
198 3
0.817629 0.990605 0
0.882212 0.990419 0
0.750008 0.990419 0
199 3
0.623247 0.990609 0
0.483881 0.990605 0
0.622114 0.991075 0
200 3
0.483881 0.990605 0
0.469833 0.989169 0
0.622114 0.991075 0
201 3
0.483881 0.990605 0
0.417285 0.989999 0
0.469833 0.989169 0
202 3
0.417285 0.989999 0
0.394271 0.950139 0
0.394271 0.950139 0
203 3
0.417285 0.989999 0
0.394271 0.950139 0
0.417285 0.989999 0
204 3
0.483881 0.990605 0
0.417285 0.989999 0
0.417285 0.989999 0
205 3
0.882109 0.096664 0
0.750282 0.007376 0
0.750036 0.096664 0
206 3
0.882109 0.096664 0
0.881683 0.007376 0
0.750282 0.007376 0
207 3
0.833549 0.051874 0
0.656073 0.005561 0
0.830940 0.005268 0
208 3
0.881683 0.007376 0
0.881283 0.102728 0
0.750523 0.102728 0
209 3
0.881683 0.007376 0
0.750523 0.102728 0
0.750282 0.007376 0
210 3
0.882219 0.233618 0
0.750036 0.096664 0
0.749997 0.233618 0
211 3
0.882219 0.233618 0
0.882109 0.096664 0
0.750036 0.096664 0
212 3
0.882225 0.600642 0
0.749968 0.421967 0
0.749997 0.600642 0
213 3
0.882225 0.600642 0
0.882277 0.421967 0
0.749968 0.421967 0
214 3
0.882183 0.720592 0
0.749997 0.600642 0
0.750024 0.720592 0
215 3
0.882183 0.720592 0
0.882225 0.600642 0
0.749997 0.600642 0
216 3
0.882212 0.990419 0
0.750024 0.720592 0
0.750008 0.990419 0
217 3
0.882212 0.990419 0
0.882183 0.720592 0
0.750024 0.720592 0
218 3
0.623247 0.990609 0
0.622114 0.991075 0
0.751851 0.990300 0
219 3
0.634571 0.118332 0
0.634434 0.036975 0
0.724162 0.114000 0
220 3
0.188993 0.046879 0
0.188708 0.004775 0
0.277971 0.022408 0
221 3
0.177922 0.564127 0
0.205349 0.523796 0
0.205661 0.564127 0
222 3
0.177922 0.564127 0
0.178234 0.523796 0
0.205349 0.523796 0
223 3
0.179485 0.606335 0
0.205661 0.564127 0
0.204098 0.606335 0
224 3
0.177922 0.564127 0
0.205661 0.564127 0
0.179485 0.606335 0
225 3
0.151128 0.294829 0
0.188993 0.046879 0
0.219395 0.294829 0
226 3
0.174148 0.353931 0
0.219395 0.294829 0
0.203838 0.353931 0
227 3
0.174148 0.353931 0
0.151128 0.294829 0
0.219395 0.294829 0
228 3
0.176637 0.399594 0
0.203838 0.353931 0
0.201349 0.399594 0
229 3
0.174148 0.353931 0
0.203838 0.353931 0
0.176637 0.399594 0
230 3
0.201009 0.445021 0
0.205349 0.523796 0
0.178234 0.523796 0
231 3
0.176978 0.445021 0
0.201009 0.445021 0
0.178234 0.523796 0
232 3
0.201349 0.399594 0
0.201009 0.445021 0
0.176978 0.445021 0
233 3
0.176637 0.399594 0
0.201349 0.399594 0
0.176978 0.445021 0
234 3
0.433476 0.767311 0
0.448141 0.688317 0
0.504436 0.682709 0
235 3
0.914301 0.991927 0
0.914018 0.975658 0
0.964118 0.953353 0
236 3
0.914301 0.991927 0
0.964118 0.953353 0
0.964414 0.959886 0
237 3
0.463587 0.770829 0
0.630118 0.603558 0
0.616015 0.728681 0
238 3
0.616015 0.728681 0
0.630118 0.603558 0
0.749757 0.600327 0
239 3
0.616015 0.728681 0
0.749757 0.600327 0
0.750241 0.719928 0
240 3
0.751310 0.100262 0
0.630763 0.004999 0
0.750502 0.006413 0
241 3
0.641780 0.099115 0
0.630763 0.004999 0
0.751310 0.100262 0
242 3
0.641780 0.099115 0
0.495528 0.005752 0
0.630763 0.004999 0
243 3
0.505722 0.101205 0
0.495528 0.005752 0
0.641780 0.099115 0
244 3
0.505722 0.101205 0
0.384655 0.005964 0
0.495528 0.005752 0
245 3
0.394361 0.097742 0
0.384655 0.005964 0
0.505722 0.101205 0
246 3
0.486067 0.440116 0
0.407289 0.267862 0
0.513654 0.256550 0
247 3
0.417285 0.989999 0
0.394271 0.950139 0
0.469833 0.989169 0
248 3
0.394271 0.950139 0
0.426136 0.866922 0
0.469833 0.989169 0
249 3
0.963846 0.901188 0
0.913847 0.927007 0
0.913819 0.786218 0
250 3
0.964118 0.953353 0
0.913847 0.927007 0
0.963846 0.901188 0
251 3
0.964118 0.953353 0
0.914018 0.975658 0
0.913847 0.927007 0
252 3
0.495528 0.094641 0
0.433288 0.004675 0
0.485995 0.004710 0
253 3
0.392117 0.094853 0
0.433288 0.004675 0
0.495528 0.094641 0
254 3
0.592254 0.064916 0
0.656073 0.005561 0
0.685561 0.067107 0
255 3
0.748546 0.231785 0
0.641780 0.099115 0
0.751310 0.100262 0
256 3
0.748546 0.231785 0
0.642255 0.237565 0
0.641780 0.099115 0
257 3
0.750502 0.095302 0
0.613873 0.006492 0
0.751446 0.004950 0
258 3
0.750502 0.095302 0
0.630763 0.093888 0
0.613873 0.006492 0
259 3
0.776904 0.067296 0
0.656073 0.005561 0
0.833549 0.051874 0
260 3
0.426136 0.866922 0
0.391573 0.863198 0
0.433476 0.767311 0
261 3
0.426136 0.866922 0
0.433476 0.767311 0
0.463587 0.770829 0
262 3
0.685561 0.067107 0
0.656073 0.005561 0
0.776904 0.067296 0
263 3
0.502802 0.065313 0
0.656073 0.005561 0
0.592254 0.064916 0
264 3
0.420798 0.006920 0
0.656073 0.005561 0
0.502802 0.065313 0
265 3
0.188993 0.046879 0
0.277971 0.022408 0
0.291955 0.066037 0
266 3
0.426136 0.866922 0
0.463587 0.770829 0
0.469833 0.989169 0
267 3
0.513654 0.256550 0
0.641780 0.099115 0
0.642255 0.237565 0
268 3
0.513654 0.256550 0
0.505722 0.101205 0
0.641780 0.099115 0
269 3
0.374100 0.006113 0
0.433288 0.004675 0
0.392117 0.094853 0
270 3
0.634434 0.036975 0
0.709731 0.004806 0
0.724162 0.114000 0
271 3
0.392117 0.094853 0
0.292345 0.066592 0
0.374100 0.006113 0
272 3
0.495528 0.094641 0
0.613873 0.006492 0
0.630763 0.093888 0
273 3
0.495528 0.094641 0
0.485995 0.004710 0
0.613873 0.006492 0
274 3
0.220648 0.412891 0
0.203838 0.353931 0
0.219395 0.294829 0
275 3
0.249433 0.373429 0
0.219395 0.294829 0
0.257381 0.295199 0
276 3
0.220648 0.412891 0
0.219395 0.294829 0
0.249433 0.373429 0
277 3
0.283593 0.414518 0
0.306210 0.310956 0
0.345132 0.416005 0
278 3
0.257381 0.295199 0
0.306210 0.310956 0
0.249433 0.373429 0
279 3
0.205661 0.564127 0
0.205349 0.523796 0
0.236864 0.581691 0
280 3
0.204098 0.606335 0
0.205661 0.564127 0
0.236864 0.581691 0
281 3
0.305670 0.310914 0
0.291855 0.063280 0
0.407289 0.267862 0
282 3
0.305670 0.310914 0
0.407289 0.267862 0
0.345908 0.417167 0
283 3
0.201349 0.399594 0
0.203838 0.353931 0
0.220648 0.412891 0
284 3
0.257381 0.295199 0
0.291955 0.066037 0
0.306210 0.310956 0
285 3
0.392237 0.524145 0
0.320512 0.544856 0
0.345908 0.417167 0
286 3
0.345132 0.416005 0
0.321190 0.545517 0
0.283593 0.414518 0
287 3
0.283593 0.414518 0
0.321190 0.545517 0
0.249800 0.436013 0
288 3
0.249800 0.436013 0
0.220648 0.412891 0
0.249433 0.373429 0
289 3
0.249800 0.436013 0
0.249433 0.373429 0
0.283593 0.414518 0
290 3
0.249800 0.436013 0
0.234581 0.529150 0
0.220648 0.412891 0
291 3
0.249800 0.436013 0
0.321190 0.545517 0
0.234581 0.529150 0
292 3
0.321190 0.545517 0
0.236864 0.581691 0
0.234581 0.529150 0
293 3
0.201009 0.445021 0
0.201349 0.399594 0
0.234581 0.529150 0
294 3
0.234581 0.529150 0
0.236864 0.581691 0
0.205349 0.523796 0
295 3
0.201009 0.445021 0
0.234581 0.529150 0
0.205349 0.523796 0
296 3
0.234581 0.529150 0
0.201349 0.399594 0
0.220648 0.412891 0
4
0.000000 0.000000 0.000000
0.000000 0.000000 0.000000
0.000000 0.000000 0.000000
1.000000 1.000000 1.000000
