1
1
Seattle\LWO\hd_delli.tga
311
0 3
0.988645 0.746660 0
0.916910 0.625267 0
0.987632 0.451228 0
1 3
0.913524 0.738651 0
0.913315 0.451610 0
0.993315 0.451271 0
2 3
0.993583 0.738809 0
0.913524 0.738651 0
0.993315 0.451271 0
3 3
0.915770 0.743256 0
0.915579 0.451978 0
0.991211 0.451929 0
4 3
0.991391 0.743275 0
0.915770 0.743256 0
0.991211 0.451929 0
5 3
0.918208 0.743843 0
0.917885 0.454953 0
0.991605 0.455281 0
6 3
0.991821 0.743706 0
0.918208 0.743843 0
0.991605 0.455281 0
7 3
0.915616 0.447740 0
0.988920 0.448523 0
0.988997 0.748140 0
8 3
0.915616 0.447740 0
0.988997 0.748140 0
0.915890 0.748535 0
9 3
0.616564 0.704821 0
0.615378 0.991614 0
0.760665 0.992936 0
10 3
0.760665 0.992936 0
0.761999 0.695794 0
0.616564 0.704821 0
11 3
0.760665 0.992936 0
0.615378 0.991614 0
0.616564 0.704821 0
12 3
0.616564 0.704821 0
0.761999 0.695794 0
0.760665 0.992936 0
13 3
0.256671 0.145134 0
0.199541 0.364807 0
0.169330 0.156521 0
14 3
0.135444 0.364807 0
0.079442 0.352237 0
0.082083 0.145134 0
15 3
0.199541 0.364807 0
0.256671 0.145134 0
0.255270 0.352237 0
16 3
0.135444 0.364807 0
0.082083 0.145134 0
0.169330 0.156521 0
17 3
0.169330 0.156521 0
0.082083 0.145134 0
0.088702 0.057110 0
18 3
0.169330 0.156521 0
0.088702 0.057110 0
0.170087 0.061736 0
19 3
0.169330 0.156521 0
0.170087 0.061736 0
0.247307 0.057110 0
20 3
0.169330 0.156521 0
0.247307 0.057110 0
0.256671 0.145134 0
21 3
0.559238 0.453310 0
0.550589 0.600586 0
0.631187 0.597758 0
22 3
0.631187 0.597758 0
0.648262 0.413276 0
0.559238 0.453310 0
23 3
0.631187 0.597758 0
0.550589 0.600586 0
0.559238 0.453310 0
24 3
0.559238 0.453310 0
0.648262 0.413276 0
0.631187 0.597758 0
25 3
0.762208 0.593862 0
0.762153 0.411143 0
0.648262 0.413276 0
26 3
0.648262 0.413276 0
0.631187 0.597758 0
0.762208 0.593862 0
27 3
0.889243 0.412760 0
0.760669 0.412760 0
0.760708 0.594495 0
28 3
0.889243 0.412760 0
0.760708 0.594495 0
0.889119 0.594495 0
29 3
0.648262 0.413276 0
0.762153 0.411143 0
0.762208 0.593862 0
30 3
0.762208 0.593862 0
0.631187 0.597758 0
0.648262 0.413276 0
31 3
0.616564 0.704821 0
0.762208 0.593862 0
0.631187 0.597758 0
32 3
0.616564 0.704821 0
0.761999 0.695794 0
0.762208 0.593862 0
33 3
0.616564 0.704821 0
0.631187 0.597758 0
0.762208 0.593862 0
34 3
0.616564 0.704821 0
0.762208 0.593862 0
0.761999 0.695794 0
35 3
0.889082 0.696323 0
0.760708 0.594495 0
0.760720 0.696323 0
36 3
0.889082 0.696323 0
0.889119 0.594495 0
0.760708 0.594495 0
37 3
0.889101 0.992259 0
0.760720 0.696323 0
0.760714 0.992259 0
38 3
0.615378 0.991614 0
0.616564 0.704821 0
0.492847 0.735647 0
39 3
0.492847 0.735647 0
0.616564 0.704821 0
0.615378 0.991614 0
40 3
0.513991 0.298820 0
0.648521 0.278480 0
0.649593 0.145715 0
41 3
0.513991 0.298820 0
0.649593 0.145715 0
0.512751 0.145979 0
42 3
0.513991 0.298820 0
0.512750 0.145979 0
0.649593 0.145715 0
43 3
0.513991 0.298820 0
0.649593 0.145715 0
0.648521 0.278480 0
44 3
0.501883 0.644261 0
0.513713 0.411866 0
0.461888 0.615462 0
45 3
0.461888 0.615462 0
0.481140 0.650060 0
0.501883 0.644261 0
46 3
0.461888 0.615462 0
0.513713 0.411866 0
0.501883 0.644261 0
47 3
0.501883 0.644261 0
0.481140 0.650060 0
0.461888 0.615462 0
48 3
0.397391 0.533082 0
0.408082 0.858671 0
0.451197 0.746647 0
49 3
0.397391 0.533082 0
0.451197 0.746647 0
0.460482 0.672962 0
50 3
0.397391 0.533082 0
0.460482 0.672962 0
0.461888 0.615462 0
51 3
0.451197 0.746647 0
0.408082 0.858671 0
0.397391 0.533082 0
52 3
0.397391 0.533082 0
0.461888 0.615462 0
0.460482 0.672962 0
53 3
0.397391 0.533082 0
0.460482 0.672962 0
0.451197 0.746647 0
54 3
0.377900 0.953474 0
0.408082 0.858671 0
0.241879 0.955396 0
55 3
0.241879 0.955396 0
0.192617 0.993418 0
0.377900 0.953474 0
56 3
0.241879 0.955396 0
0.408082 0.858671 0
0.377900 0.953474 0
57 3
0.377900 0.953474 0
0.192617 0.993418 0
0.241879 0.955396 0
58 3
0.496405 0.399911 0
0.513991 0.298820 0
0.396936 0.338433 0
59 3
0.496405 0.399911 0
0.396936 0.338433 0
0.513991 0.298820 0
60 3
0.396936 0.338433 0
0.478098 0.439544 0
0.496405 0.399911 0
61 3
0.396936 0.338433 0
0.496405 0.399911 0
0.478098 0.439544 0
62 3
0.377900 0.953474 0
0.441185 0.896706 0
0.408082 0.858671 0
63 3
0.408082 0.858671 0
0.441185 0.896706 0
0.377900 0.953474 0
64 3
0.408082 0.858671 0
0.397391 0.533082 0
0.308567 0.595156 0
65 3
0.408082 0.858671 0
0.280761 0.755231 0
0.308567 0.595156 0
66 3
0.408082 0.858671 0
0.308567 0.595156 0
0.280761 0.755231 0
67 3
0.408082 0.858671 0
0.308567 0.595156 0
0.397391 0.533082 0
68 3
0.408082 0.858671 0
0.280761 0.755231 0
0.263851 0.841627 0
69 3
0.408082 0.858671 0
0.263851 0.841627 0
0.280761 0.755231 0
70 3
0.136660 0.935746 0
0.097104 0.953250 0
0.076283 0.842319 0
71 3
0.263011 0.842319 0
0.242189 0.953250 0
0.198324 0.935746 0
72 3
0.134423 0.813381 0
0.136660 0.935746 0
0.076283 0.842319 0
73 3
0.200561 0.813490 0
0.263011 0.842319 0
0.198324 0.935746 0
74 3
0.460482 0.672962 0
0.451197 0.746647 0
0.492847 0.735647 0
75 3
0.460482 0.672962 0
0.492847 0.735647 0
0.503295 0.672147 0
76 3
0.460482 0.672962 0
0.503295 0.672147 0
0.492847 0.735647 0
77 3
0.460482 0.672962 0
0.492847 0.735647 0
0.451197 0.746647 0
78 3
0.092657 0.756652 0
0.112379 0.608638 0
0.141268 0.704807 0
79 3
0.141268 0.704807 0
0.141610 0.737350 0
0.092657 0.756652 0
80 3
0.193717 0.704806 0
0.216356 0.608638 0
0.242328 0.757339 0
81 3
0.242328 0.757339 0
0.193375 0.737313 0
0.193717 0.704806 0
82 3
0.141610 0.737350 0
0.141268 0.704807 0
0.193717 0.704806 0
83 3
0.141610 0.737350 0
0.193717 0.704806 0
0.193375 0.737313 0
84 3
0.141268 0.704807 0
0.156087 0.632282 0
0.178897 0.632282 0
85 3
0.178897 0.632282 0
0.193717 0.704806 0
0.141268 0.704807 0
86 3
0.216356 0.608638 0
0.193717 0.704806 0
0.178897 0.632282 0
87 3
0.156087 0.632282 0
0.141268 0.704807 0
0.112379 0.608638 0
88 3
0.134423 0.813381 0
0.200561 0.813490 0
0.198324 0.935746 0
89 3
0.134423 0.813381 0
0.198324 0.935746 0
0.136660 0.935746 0
90 3
0.377900 0.953474 0
0.377900 0.953474 0
0.192617 0.993418 0
91 3
0.377900 0.953474 0
0.192617 0.993418 0
0.192617 0.993418 0
92 3
0.141349 0.995050 0
0.136660 0.935746 0
0.198324 0.935746 0
93 3
0.141349 0.995050 0
0.198324 0.935746 0
0.193636 0.995050 0
94 3
0.097104 0.953250 0
0.136660 0.935746 0
0.141349 0.995050 0
95 3
0.242189 0.953250 0
0.193636 0.995050 0
0.198324 0.935746 0
96 3
0.513991 0.298820 0
0.528625 0.397868 0
0.648262 0.413276 0
97 3
0.513991 0.298820 0
0.648521 0.278480 0
0.648262 0.413276 0
98 3
0.528625 0.397868 0
0.559238 0.453310 0
0.648262 0.413276 0
99 3
0.648262 0.413276 0
0.559238 0.453310 0
0.528625 0.397868 0
100 3
0.256910 0.144747 0
0.396936 0.338433 0
0.394026 0.146089 0
101 3
0.256910 0.144747 0
0.394026 0.146089 0
0.392260 0.055726 0
102 3
0.256910 0.144747 0
0.392260 0.055726 0
0.394026 0.146089 0
103 3
0.256910 0.144747 0
0.394026 0.146089 0
0.396936 0.338433 0
104 3
0.513713 0.411866 0
0.478098 0.439544 0
0.461888 0.615462 0
105 3
0.461888 0.615462 0
0.478098 0.439544 0
0.513713 0.411866 0
106 3
0.550589 0.600586 0
0.503295 0.672147 0
0.631187 0.597758 0
107 3
0.631187 0.597758 0
0.503295 0.672147 0
0.550589 0.600586 0
108 3
0.200561 0.813490 0
0.192254 0.780995 0
0.242328 0.757339 0
109 3
0.263011 0.842319 0
0.200561 0.813490 0
0.242328 0.757339 0
110 3
0.192254 0.780995 0
0.200561 0.813490 0
0.134423 0.813381 0
111 3
0.192254 0.780995 0
0.134423 0.813381 0
0.142731 0.780989 0
112 3
0.192254 0.780995 0
0.142731 0.780989 0
0.167492 0.740261 0
113 3
0.142731 0.780989 0
0.141576 0.740112 0
0.167492 0.740261 0
114 3
0.092657 0.756652 0
0.142731 0.780989 0
0.134423 0.813381 0
115 3
0.192254 0.780995 0
0.167492 0.740261 0
0.193409 0.740114 0
116 3
0.192254 0.780995 0
0.193409 0.740114 0
0.242328 0.757339 0
117 3
0.092657 0.756652 0
0.141576 0.740112 0
0.142731 0.780989 0
118 3
0.076283 0.842319 0
0.092657 0.756652 0
0.134423 0.813381 0
119 3
0.034274 0.594485 0
0.112379 0.608638 0
0.063226 0.756772 0
120 3
0.280234 0.756772 0
0.216356 0.608638 0
0.309541 0.594485 0
121 3
0.242328 0.757339 0
0.216356 0.608638 0
0.280234 0.756772 0
122 3
0.092657 0.756652 0
0.076283 0.842319 0
0.063226 0.756772 0
123 3
0.092657 0.756652 0
0.063226 0.756772 0
0.112379 0.608638 0
124 3
0.242328 0.757339 0
0.280234 0.756772 0
0.263011 0.842319 0
125 3
0.052620 0.449821 0
0.062133 0.410341 0
0.089641 0.415661 0
126 3
0.050866 0.357373 0
0.062133 0.410341 0
0.052620 0.449821 0
127 3
0.089641 0.415661 0
0.062133 0.410341 0
0.050866 0.357373 0
128 3
0.257844 0.415661 0
0.279102 0.410341 0
0.288614 0.452043 0
129 3
0.290762 0.357373 0
0.279102 0.410341 0
0.257844 0.415661 0
130 3
0.288614 0.452043 0
0.279102 0.410341 0
0.290762 0.357373 0
131 3
0.392260 0.055726 0
0.247494 0.056495 0
0.256910 0.144747 0
132 3
0.256910 0.144747 0
0.247494 0.056495 0
0.392260 0.055726 0
133 3
0.394026 0.146089 0
0.396936 0.338433 0
0.513991 0.298820 0
134 3
0.513991 0.298820 0
0.512751 0.145979 0
0.394026 0.146089 0
135 3
0.513991 0.298820 0
0.396936 0.338433 0
0.394026 0.146089 0
136 3
0.394026 0.146089 0
0.512750 0.145979 0
0.513991 0.298820 0
137 3
0.397391 0.533082 0
0.478098 0.439544 0
0.396936 0.338433 0
138 3
0.396936 0.338433 0
0.319685 0.452815 0
0.397391 0.533082 0
139 3
0.396936 0.338433 0
0.478098 0.439544 0
0.397391 0.533082 0
140 3
0.397391 0.533082 0
0.319685 0.452815 0
0.396936 0.338433 0
141 3
0.492847 0.735647 0
0.471382 0.991548 0
0.615378 0.991614 0
142 3
0.615378 0.991614 0
0.471382 0.991548 0
0.492847 0.735647 0
143 3
0.513713 0.411866 0
0.501883 0.644261 0
0.529443 0.599609 0
144 3
0.529443 0.599609 0
0.545929 0.460231 0
0.513713 0.411866 0
145 3
0.513713 0.411866 0
0.545929 0.460231 0
0.529443 0.599609 0
146 3
0.513713 0.411866 0
0.529443 0.599609 0
0.501883 0.644261 0
147 3
0.503295 0.672147 0
0.492847 0.735647 0
0.631187 0.597758 0
148 3
0.503295 0.672147 0
0.631187 0.597758 0
0.492847 0.735647 0
149 3
0.241879 0.955396 0
0.408082 0.858671 0
0.263851 0.841627 0
150 3
0.241879 0.955396 0
0.263851 0.841627 0
0.408082 0.858671 0
151 3
0.609765 0.991362 0
0.615378 0.991614 0
0.478729 0.992827 0
152 3
0.478729 0.992827 0
0.615378 0.991614 0
0.471382 0.991548 0
153 3
0.478729 0.992827 0
0.471382 0.991548 0
0.407117 0.991641 0
154 3
0.609765 0.991362 0
0.760665 0.992936 0
0.615378 0.991614 0
155 3
0.991233 0.592940 0
0.990367 0.738441 0
0.915987 0.591457 0
156 3
0.912091 0.990910 0
0.956396 0.986342 0
0.912017 0.982909 0
157 3
0.912091 0.990910 0
0.956501 0.987154 0
0.956396 0.986342 0
158 3
0.492847 0.735647 0
0.616564 0.704821 0
0.631187 0.597758 0
159 3
0.761665 0.144540 0
0.761462 0.055473 0
0.648669 0.057408 0
160 3
0.649593 0.145715 0
0.761665 0.144540 0
0.648669 0.057408 0
161 3
0.649593 0.145715 0
0.648669 0.057408 0
0.513801 0.056870 0
162 3
0.512751 0.145979 0
0.649593 0.145715 0
0.513801 0.056870 0
163 3
0.512751 0.145979 0
0.513801 0.056870 0
0.392260 0.055726 0
164 3
0.394026 0.146089 0
0.512751 0.145979 0
0.392260 0.055726 0
165 3
0.513991 0.298820 0
0.648262 0.413276 0
0.648521 0.278480 0
166 3
0.496405 0.399911 0
0.528625 0.397868 0
0.513991 0.298820 0
167 3
0.407117 0.991641 0
0.471382 0.991548 0
0.377900 0.953474 0
168 3
0.377900 0.953474 0
0.471382 0.991548 0
0.441185 0.896706 0
169 3
0.956501 0.987154 0
0.912091 0.990910 0
0.912112 0.949751 0
170 3
0.912074 0.823047 0
0.911979 0.799873 0
0.956403 0.807898 0
171 3
0.956403 0.807898 0
0.911979 0.799873 0
0.956304 0.816942 0
172 3
0.981264 0.836777 0
0.956304 0.816942 0
0.911979 0.799873 0
173 3
0.911903 0.832598 0
0.981264 0.836777 0
0.911979 0.799873 0
174 3
0.981295 0.934913 0
0.981264 0.836777 0
0.911903 0.832598 0
175 3
0.981295 0.934913 0
0.911903 0.832598 0
0.911922 0.933938 0
176 3
0.956396 0.986342 0
0.981295 0.934913 0
0.911922 0.933938 0
177 3
0.956396 0.986342 0
0.911922 0.933938 0
0.912017 0.982909 0
178 3
0.989924 0.454446 0
0.918702 0.452980 0
0.919128 0.745504 0
179 3
0.987862 0.747301 0
0.989924 0.454446 0
0.919128 0.745504 0
180 3
0.648262 0.413276 0
0.762153 0.411143 0
0.760521 0.272668 0
181 3
0.648262 0.413276 0
0.760521 0.272668 0
0.648521 0.278480 0
182 3
0.760521 0.272668 0
0.761665 0.144540 0
0.649593 0.145715 0
183 3
0.760521 0.272668 0
0.649593 0.145715 0
0.648521 0.278480 0
184 3
0.989603 0.446894 0
0.917634 0.445256 0
0.916414 0.738501 0
185 3
0.989603 0.446894 0
0.916414 0.738501 0
0.992216 0.740302 0
186 3
0.441185 0.896706 0
0.451197 0.746647 0
0.408082 0.858671 0
187 3
0.441185 0.896706 0
0.492847 0.735647 0
0.451197 0.746647 0
188 3
0.441185 0.896706 0
0.471382 0.991548 0
0.492847 0.735647 0
189 3
0.912424 0.746896 0
0.986237 0.453201 0
0.913175 0.451179 0
190 3
0.915987 0.591457 0
0.990367 0.738441 0
0.914327 0.738614 0
191 3
0.986237 0.453201 0
0.912424 0.746896 0
0.985460 0.719284 0
192 3
0.986170 0.741820 0
0.987285 0.454652 0
0.917581 0.453259 0
193 3
0.986170 0.741820 0
0.917581 0.453259 0
0.916258 0.740479 0
194 3
0.397391 0.533082 0
0.461888 0.615462 0
0.478098 0.439544 0
195 3
0.121030 0.442838 0
0.135444 0.364807 0
0.154717 0.396412 0
196 3
0.089641 0.415661 0
0.079442 0.352237 0
0.135444 0.364807 0
197 3
0.121030 0.442838 0
0.089641 0.415661 0
0.135444 0.364807 0
198 3
0.052620 0.449821 0
0.024297 0.451388 0
0.050866 0.357373 0
199 3
0.079442 0.352237 0
0.089641 0.415661 0
0.050866 0.357373 0
200 3
0.154522 0.591509 0
0.112379 0.608638 0
0.154800 0.542791 0
201 3
0.156087 0.632282 0
0.112379 0.608638 0
0.154522 0.591509 0
202 3
0.289721 0.357844 0
0.396936 0.338433 0
0.256910 0.144747 0
203 3
0.289721 0.357844 0
0.319685 0.452815 0
0.396936 0.338433 0
204 3
0.155467 0.426237 0
0.121030 0.442838 0
0.154717 0.396412 0
205 3
0.079442 0.352237 0
0.050866 0.357373 0
0.082083 0.145134 0
206 3
0.397391 0.533082 0
0.319685 0.452815 0
0.308567 0.595156 0
207 3
0.024297 0.451388 0
0.052620 0.449821 0
0.034274 0.594485 0
208 3
0.052620 0.449821 0
0.089241 0.470240 0
0.034274 0.594485 0
209 3
0.089241 0.470240 0
0.089641 0.415661 0
0.121030 0.442838 0
210 3
0.052620 0.449821 0
0.089641 0.415661 0
0.089241 0.470240 0
211 3
0.089241 0.470240 0
0.121030 0.442838 0
0.113463 0.566992 0
212 3
0.089241 0.470240 0
0.113463 0.566992 0
0.034274 0.594485 0
213 3
0.034274 0.594485 0
0.113463 0.566992 0
0.112379 0.608638 0
214 3
0.155273 0.479971 0
0.113463 0.566992 0
0.155467 0.426237 0
215 3
0.113463 0.566992 0
0.154800 0.542791 0
0.112379 0.608638 0
216 3
0.155273 0.479971 0
0.154800 0.542791 0
0.113463 0.566992 0
217 3
0.113463 0.566992 0
0.121030 0.442838 0
0.155467 0.426237 0
218 3
0.843750 0.992827 0
0.889101 0.992259 0
0.760714 0.992259 0
219 3
0.609765 0.991362 0
0.478729 0.992827 0
0.615378 0.991614 0
220 3
0.478729 0.992827 0
0.471382 0.991548 0
0.615378 0.991614 0
221 3
0.478729 0.992827 0
0.407117 0.991641 0
0.471382 0.991548 0
222 3
0.407117 0.991641 0
0.377900 0.953474 0
0.377900 0.953474 0
223 3
0.407117 0.991641 0
0.377900 0.953474 0
0.407117 0.991641 0
224 3
0.478729 0.992827 0
0.407117 0.991641 0
0.407117 0.991641 0
225 3
0.889160 0.144857 0
0.760749 0.055652 0
0.760695 0.144857 0
226 3
0.889160 0.144857 0
0.888989 0.055652 0
0.760749 0.055652 0
227 3
0.916685 0.745424 0
0.990375 0.744534 0
0.989992 0.448783 0
228 3
0.916685 0.745424 0
0.989992 0.448783 0
0.916280 0.448835 0
229 3
0.889224 0.273674 0
0.760695 0.144857 0
0.760675 0.273674 0
230 3
0.889224 0.273674 0
0.889160 0.144857 0
0.760695 0.144857 0
231 3
0.889243 0.412760 0
0.760675 0.273674 0
0.760669 0.412760 0
232 3
0.889243 0.412760 0
0.889224 0.273674 0
0.760675 0.273674 0
233 3
0.889101 0.992259 0
0.889082 0.696323 0
0.760720 0.696323 0
234 3
0.609765 0.991362 0
0.615378 0.991614 0
0.760665 0.992936 0
235 3
0.991233 0.592940 0
0.915987 0.591457 0
0.986986 0.445555 0
236 3
0.154522 0.591509 0
0.180185 0.542791 0
0.180463 0.591509 0
237 3
0.154522 0.591509 0
0.154800 0.542791 0
0.180185 0.542791 0
238 3
0.156087 0.632282 0
0.180463 0.591509 0
0.178897 0.632282 0
239 3
0.154522 0.591509 0
0.180463 0.591509 0
0.156087 0.632282 0
240 3
0.135444 0.364807 0
0.169330 0.156521 0
0.199541 0.364807 0
241 3
0.154717 0.396412 0
0.199541 0.364807 0
0.182351 0.396412 0
242 3
0.154717 0.396412 0
0.135444 0.364807 0
0.199541 0.364807 0
243 3
0.155467 0.426237 0
0.182351 0.396412 0
0.181600 0.426237 0
244 3
0.154717 0.396412 0
0.182351 0.396412 0
0.155467 0.426237 0
245 3
0.179712 0.479971 0
0.180185 0.542791 0
0.154800 0.542791 0
246 3
0.155273 0.479971 0
0.179712 0.479971 0
0.154800 0.542791 0
247 3
0.181600 0.426237 0
0.179712 0.479971 0
0.155273 0.479971 0
248 3
0.155467 0.426237 0
0.181600 0.426237 0
0.155273 0.479971 0
249 3
0.912091 0.990910 0
0.912017 0.982909 0
0.956396 0.986342 0
250 3
0.912091 0.990910 0
0.956396 0.986342 0
0.956501 0.987154 0
251 3
0.492847 0.735647 0
0.631187 0.597758 0
0.616564 0.704821 0
252 3
0.761665 0.144540 0
0.648669 0.057408 0
0.761462 0.055473 0
253 3
0.649593 0.145715 0
0.648669 0.057408 0
0.761665 0.144540 0
254 3
0.649593 0.145715 0
0.513801 0.056870 0
0.648669 0.057408 0
255 3
0.512750 0.145979 0
0.513801 0.056870 0
0.649593 0.145715 0
256 3
0.512750 0.145979 0
0.392260 0.055726 0
0.513801 0.056870 0
257 3
0.394026 0.146089 0
0.392260 0.055726 0
0.512750 0.145979 0
258 3
0.513991 0.298820 0
0.648262 0.413276 0
0.528625 0.397868 0
259 3
0.496405 0.399911 0
0.513991 0.298820 0
0.528625 0.397868 0
260 3
0.407117 0.991641 0
0.377900 0.953474 0
0.471382 0.991548 0
261 3
0.377900 0.953474 0
0.441185 0.896706 0
0.471382 0.991548 0
262 3
0.956501 0.987154 0
0.912112 0.949751 0
0.912091 0.990910 0
263 3
0.911979 0.799873 0
0.912074 0.823047 0
0.956403 0.807898 0
264 3
0.956403 0.807898 0
0.956304 0.816942 0
0.911979 0.799873 0
265 3
0.981264 0.836777 0
0.911979 0.799873 0
0.956304 0.816942 0
266 3
0.911903 0.832598 0
0.911979 0.799873 0
0.981264 0.836777 0
267 3
0.981295 0.934913 0
0.911903 0.832598 0
0.981264 0.836777 0
268 3
0.981295 0.934913 0
0.911922 0.933938 0
0.911903 0.832598 0
269 3
0.956396 0.986342 0
0.911922 0.933938 0
0.981295 0.934913 0
270 3
0.956396 0.986342 0
0.912017 0.982909 0
0.911922 0.933938 0
271 3
0.989924 0.454446 0
0.919128 0.745504 0
0.918702 0.452980 0
272 3
0.987862 0.747301 0
0.919128 0.745504 0
0.989924 0.454446 0
273 3
0.648262 0.413276 0
0.760521 0.272668 0
0.762153 0.411143 0
274 3
0.648262 0.413276 0
0.648521 0.278480 0
0.760521 0.272668 0
275 3
0.760521 0.272668 0
0.649593 0.145715 0
0.761665 0.144540 0
276 3
0.760521 0.272668 0
0.648521 0.278480 0
0.649593 0.145715 0
277 3
0.989603 0.446894 0
0.916414 0.738501 0
0.917634 0.445256 0
278 3
0.989603 0.446894 0
0.992216 0.740302 0
0.916414 0.738501 0
279 3
0.441185 0.896706 0
0.408082 0.858671 0
0.451197 0.746647 0
280 3
0.441185 0.896706 0
0.451197 0.746647 0
0.492847 0.735647 0
281 3
0.441185 0.896706 0
0.492847 0.735647 0
0.471382 0.991548 0
282 3
0.912424 0.746896 0
0.913175 0.451179 0
0.986237 0.453201 0
283 3
0.915987 0.591457 0
0.914801 0.455922 0
0.986986 0.445555 0
284 3
0.986237 0.453201 0
0.985460 0.719284 0
0.912424 0.746896 0
285 3
0.986170 0.741820 0
0.917581 0.453259 0
0.987285 0.454652 0
286 3
0.986170 0.741820 0
0.916258 0.740479 0
0.917581 0.453259 0
287 3
0.397391 0.533082 0
0.478098 0.439544 0
0.461888 0.615462 0
288 3
0.213954 0.442838 0
0.182351 0.396412 0
0.199541 0.364807 0
289 3
0.257844 0.415661 0
0.199541 0.364807 0
0.255270 0.352237 0
290 3
0.213954 0.442838 0
0.199541 0.364807 0
0.257844 0.415661 0
291 3
0.288614 0.452043 0
0.290762 0.357373 0
0.319020 0.451388 0
292 3
0.255270 0.352237 0
0.290762 0.357373 0
0.257844 0.415661 0
293 3
0.180463 0.591509 0
0.180185 0.542791 0
0.216356 0.608638 0
294 3
0.178897 0.632282 0
0.180463 0.591509 0
0.216356 0.608638 0
295 3
0.289721 0.357844 0
0.256910 0.144747 0
0.396936 0.338433 0
296 3
0.289721 0.357844 0
0.396936 0.338433 0
0.319685 0.452815 0
297 3
0.181600 0.426237 0
0.182351 0.396412 0
0.213954 0.442838 0
298 3
0.255270 0.352237 0
0.256671 0.145134 0
0.290762 0.357373 0
299 3
0.397391 0.533082 0
0.308567 0.595156 0
0.319685 0.452815 0
300 3
0.319020 0.451388 0
0.309541 0.594485 0
0.288614 0.452043 0
301 3
0.288614 0.452043 0
0.309541 0.594485 0
0.258244 0.470240 0
302 3
0.258244 0.470240 0
0.213954 0.442838 0
0.257844 0.415661 0
303 3
0.258244 0.470240 0
0.257844 0.415661 0
0.288614 0.452043 0
304 3
0.258244 0.470240 0
0.215037 0.566992 0
0.213954 0.442838 0
305 3
0.258244 0.470240 0
0.309541 0.594485 0
0.215037 0.566992 0
306 3
0.309541 0.594485 0
0.216356 0.608638 0
0.215037 0.566992 0
307 3
0.179712 0.479971 0
0.181600 0.426237 0
0.215037 0.566992 0
308 3
0.215037 0.566992 0
0.216356 0.608638 0
0.180185 0.542791 0
309 3
0.179712 0.479971 0
0.215037 0.566992 0
0.180185 0.542791 0
310 3
0.215037 0.566992 0
0.181600 0.426237 0
0.213954 0.442838 0
4
0.000000 0.000000 0.000000
0.000000 0.000000 0.000000
0.000000 0.000000 0.000000
1.000000 1.000000 1.000000
