1
9
Orlando\LWO\hd_dscha.TGA
Orlando\LWO\hd_dscha.TGA
Orlando\LWO\hd_dscha.TGA
Orlando\LWO\hd_dscha.TGA
Orlando\LWO\hd_dscha.TGA
Orlando\LWO\hd_dscha.TGA
Orlando\LWO\hd_dscha.TGA
Orlando\LWO\hd_dscha.TGA
Orlando\LWO\hd_dscha.TGA
317
0 3
0.428614 0.819086 0
0.472172 0.835470 0
0.334169 0.962180 0
1 3
0.334169 0.962180 0
0.472172 0.835470 0
0.428614 0.819086 0
2 3
0.334169 0.962180 0
0.472172 0.835470 0
0.435476 0.931350 0
3 3
0.334169 0.962180 0
0.435476 0.931350 0
0.472172 0.835470 0
4 3
0.334169 0.962180 0
0.428614 0.819086 0
0.336279 0.908754 0
5 3
0.334169 0.962180 0
0.336279 0.908754 0
0.428614 0.819086 0
6 3
0.577584 0.418021 0
0.662002 0.408301 0
0.666538 0.232304 0
7 3
0.577584 0.418021 0
0.666538 0.232304 0
0.558880 0.350785 0
8 3
0.577584 0.418021 0
0.666538 0.232304 0
0.662002 0.408301 0
9 3
0.577584 0.418021 0
0.558880 0.350785 0
0.666538 0.232304 0
10 3
0.558880 0.350785 0
0.666538 0.232304 0
0.524275 0.245403 0
11 3
0.558880 0.350785 0
0.524275 0.245403 0
0.666538 0.232304 0
12 3
0.495504 0.660867 0
0.424216 0.581093 0
0.428614 0.819086 0
13 3
0.428614 0.819086 0
0.495718 0.722545 0
0.495504 0.660867 0
14 3
0.428614 0.819086 0
0.424216 0.581093 0
0.495504 0.660867 0
15 3
0.495504 0.660867 0
0.495718 0.722545 0
0.428614 0.819086 0
16 3
0.511758 0.205472 0
0.627577 0.205969 0
0.530924 0.089834 0
17 3
0.514546 0.120299 0
0.551687 0.022991 0
0.629645 0.120736 0
18 3
0.386024 0.089841 0
0.511758 0.205472 0
0.530924 0.089834 0
19 3
0.426841 0.022384 0
0.551687 0.022991 0
0.514546 0.120299 0
20 3
0.497243 0.578456 0
0.511348 0.642374 0
0.540601 0.639798 0
21 3
0.497243 0.578456 0
0.540601 0.639798 0
0.564705 0.566285 0
22 3
0.497770 0.412398 0
0.497243 0.578456 0
0.564705 0.566285 0
23 3
0.544522 0.360115 0
0.497770 0.412398 0
0.564705 0.566285 0
24 3
0.564705 0.566285 0
0.568723 0.419813 0
0.544522 0.360115 0
25 3
0.540601 0.639798 0
0.511348 0.642374 0
0.497243 0.578456 0
26 3
0.564705 0.566285 0
0.540601 0.639798 0
0.497243 0.578456 0
27 3
0.564705 0.566285 0
0.497243 0.578456 0
0.497770 0.412398 0
28 3
0.564705 0.566285 0
0.497770 0.412398 0
0.544522 0.360115 0
29 3
0.544522 0.360115 0
0.568723 0.419813 0
0.564705 0.566285 0
30 3
0.497770 0.412398 0
0.424477 0.196543 0
0.336020 0.355683 0
31 3
0.497770 0.412398 0
0.336020 0.355683 0
0.380180 0.437519 0
32 3
0.336020 0.355683 0
0.426561 0.198765 0
0.497770 0.412398 0
33 3
0.497770 0.412398 0
0.380180 0.437519 0
0.336020 0.355683 0
34 3
0.428614 0.819086 0
0.424216 0.581093 0
0.349117 0.588369 0
35 3
0.428614 0.819086 0
0.349117 0.588369 0
0.424216 0.581093 0
36 3
0.424216 0.581093 0
0.380180 0.437519 0
0.349117 0.588369 0
37 3
0.424216 0.581093 0
0.349117 0.588369 0
0.380180 0.437519 0
38 3
0.380180 0.437519 0
0.424216 0.581093 0
0.497770 0.412398 0
39 3
0.497770 0.412398 0
0.424216 0.581093 0
0.380180 0.437519 0
40 3
0.580885 0.054854 0
0.458836 0.113722 0
0.411829 0.051634 0
41 3
0.695831 0.165543 0
0.802815 0.016521 0
0.850143 0.165803 0
42 3
0.648273 0.556588 0
0.619973 0.664731 0
0.763269 0.720740 0
43 3
0.763269 0.720740 0
0.619973 0.664731 0
0.648273 0.556588 0
44 3
0.764128 0.553603 0
0.648273 0.556588 0
0.763269 0.720740 0
45 3
0.764128 0.553603 0
0.763269 0.720740 0
0.648273 0.556588 0
46 3
0.747068 0.746809 0
0.763269 0.720740 0
0.619973 0.664731 0
47 3
0.619973 0.664731 0
0.763269 0.720740 0
0.747068 0.746809 0
48 3
0.618393 0.725651 0
0.747068 0.746809 0
0.619973 0.664731 0
49 3
0.618393 0.725651 0
0.619973 0.664731 0
0.747068 0.746809 0
50 3
0.123449 0.900322 0
0.086152 0.889470 0
0.069242 0.817535 0
51 3
0.228115 0.817535 0
0.211205 0.889470 0
0.173908 0.900322 0
52 3
0.122580 0.815401 0
0.123449 0.900322 0
0.069242 0.817535 0
53 3
0.174777 0.815505 0
0.228115 0.817535 0
0.173908 0.900322 0
54 3
0.112795 0.963861 0
0.123449 0.900322 0
0.173908 0.900322 0
55 3
0.112795 0.963861 0
0.173908 0.900322 0
0.184641 0.963861 0
56 3
0.122580 0.815401 0
0.174777 0.815505 0
0.173908 0.900322 0
57 3
0.173908 0.900322 0
0.123449 0.900322 0
0.122580 0.815401 0
58 3
0.086152 0.889470 0
0.123449 0.900322 0
0.112795 0.963861 0
59 3
0.211205 0.889470 0
0.184641 0.963861 0
0.173908 0.900322 0
60 3
0.435476 0.931350 0
0.435476 0.931350 0
0.334169 0.962180 0
61 3
0.435476 0.931350 0
0.334169 0.962180 0
0.334169 0.962180 0
62 3
0.747068 0.746809 0
0.618393 0.725651 0
0.618303 0.995153 0
63 3
0.618303 0.995153 0
0.618393 0.725651 0
0.747068 0.746809 0
64 3
0.745722 0.994508 0
0.747068 0.746809 0
0.618303 0.995153 0
65 3
0.745722 0.994508 0
0.618303 0.995153 0
0.747068 0.746809 0
66 3
0.619973 0.664731 0
0.648273 0.556588 0
0.575943 0.569096 0
67 3
0.619973 0.664731 0
0.575943 0.569096 0
0.549091 0.647269 0
68 3
0.619973 0.664731 0
0.549091 0.647269 0
0.575943 0.569096 0
69 3
0.619973 0.664731 0
0.575943 0.569096 0
0.648273 0.556588 0
70 3
0.666538 0.232304 0
0.656573 0.133325 0
0.525589 0.152614 0
71 3
0.525589 0.152614 0
0.656573 0.133325 0
0.666538 0.232304 0
72 3
0.524275 0.245403 0
0.666538 0.232304 0
0.525589 0.152614 0
73 3
0.524275 0.245403 0
0.525589 0.152614 0
0.666538 0.232304 0
74 3
0.524275 0.245403 0
0.424477 0.196543 0
0.497770 0.412398 0
75 3
0.497770 0.412398 0
0.520109 0.350933 0
0.524275 0.245403 0
76 3
0.497770 0.412398 0
0.426561 0.198765 0
0.524275 0.245403 0
77 3
0.524275 0.245403 0
0.520109 0.350933 0
0.497770 0.412398 0
78 3
0.174777 0.815505 0
0.175796 0.788354 0
0.214097 0.736248 0
79 3
0.083260 0.735636 0
0.121562 0.788354 0
0.122580 0.815401 0
80 3
0.175796 0.788354 0
0.174777 0.815505 0
0.122580 0.815401 0
81 3
0.175796 0.788354 0
0.122580 0.815401 0
0.121562 0.788354 0
82 3
0.418638 0.167272 0
0.424477 0.196543 0
0.524275 0.245403 0
83 3
0.418320 0.166527 0
0.524275 0.245403 0
0.426561 0.198765 0
84 3
0.418638 0.167272 0
0.345977 0.209481 0
0.424477 0.196543 0
85 3
0.418320 0.166527 0
0.426561 0.198765 0
0.345977 0.204650 0
86 3
0.418638 0.167272 0
0.412462 0.102521 0
0.320155 0.148514 0
87 3
0.418638 0.167272 0
0.320155 0.148514 0
0.345977 0.209481 0
88 3
0.418320 0.166527 0
0.345977 0.204650 0
0.320155 0.148514 0
89 3
0.418320 0.166527 0
0.320155 0.148514 0
0.412462 0.102521 0
90 3
0.058160 0.087920 0
0.057763 0.040528 0
0.149008 0.057858 0
91 3
0.058160 0.087920 0
0.149008 0.057858 0
0.149015 0.115104 0
92 3
0.459424 0.186747 0
0.551978 0.169417 0
0.549792 0.273736 0
93 3
0.249792 0.220403 0
0.149015 0.115104 0
0.149008 0.057858 0
94 3
0.428614 0.819086 0
0.341460 0.745020 0
0.349117 0.588369 0
95 3
0.428614 0.819086 0
0.349117 0.588369 0
0.341460 0.745020 0
96 3
0.228115 0.817535 0
0.174777 0.815505 0
0.214097 0.736248 0
97 3
0.175796 0.788354 0
0.121562 0.788354 0
0.148678 0.728773 0
98 3
0.121562 0.788354 0
0.129023 0.729212 0
0.148678 0.728773 0
99 3
0.175796 0.788354 0
0.148678 0.728773 0
0.168334 0.729212 0
100 3
0.175796 0.788354 0
0.168334 0.729212 0
0.214097 0.736248 0
101 3
0.083260 0.735636 0
0.129023 0.729212 0
0.121562 0.788354 0
102 3
0.069242 0.817535 0
0.083260 0.735636 0
0.122580 0.815401 0
103 3
0.033016 0.569048 0
0.105344 0.612674 0
0.055849 0.734961 0
104 3
0.241508 0.734961 0
0.192216 0.612674 0
0.263971 0.569048 0
105 3
0.214097 0.736248 0
0.192216 0.612674 0
0.241508 0.734961 0
106 3
0.083260 0.735636 0
0.105344 0.612674 0
0.129055 0.729124 0
107 3
0.192216 0.612674 0
0.168302 0.729085 0
0.164146 0.649202 0
108 3
0.164146 0.649202 0
0.168302 0.729085 0
0.133211 0.649202 0
109 3
0.168302 0.729085 0
0.129055 0.729124 0
0.133211 0.649202 0
110 3
0.133211 0.649202 0
0.129055 0.729124 0
0.105344 0.612674 0
111 3
0.083260 0.735636 0
0.069242 0.817535 0
0.055849 0.734961 0
112 3
0.083260 0.735636 0
0.055849 0.734961 0
0.105344 0.612674 0
113 3
0.214097 0.736248 0
0.168302 0.729085 0
0.192216 0.612674 0
114 3
0.214097 0.736248 0
0.241508 0.734961 0
0.228115 0.817535 0
115 3
0.033399 0.429192 0
0.045143 0.395770 0
0.071364 0.392634 0
116 3
0.028802 0.344071 0
0.045143 0.395770 0
0.033399 0.429192 0
117 3
0.071364 0.392634 0
0.045143 0.395770 0
0.028802 0.344071 0
118 3
0.225993 0.401523 0
0.251344 0.404659 0
0.263958 0.438081 0
119 3
0.265154 0.344071 0
0.251344 0.404659 0
0.225993 0.401523 0
120 3
0.263958 0.438081 0
0.251344 0.404659 0
0.265154 0.344071 0
121 3
0.525589 0.152614 0
0.418638 0.167272 0
0.524275 0.245403 0
122 3
0.418320 0.166527 0
0.525589 0.152614 0
0.524275 0.245403 0
123 3
0.549014 0.714956 0
0.485631 0.994717 0
0.618303 0.995153 0
124 3
0.618303 0.995153 0
0.618393 0.725651 0
0.549014 0.714956 0
125 3
0.618303 0.995153 0
0.485631 0.994717 0
0.549014 0.714956 0
126 3
0.549014 0.714956 0
0.618393 0.725651 0
0.618303 0.995153 0
127 3
0.549091 0.647269 0
0.495718 0.722545 0
0.549014 0.714956 0
128 3
0.549091 0.647269 0
0.549014 0.714956 0
0.619973 0.664731 0
129 3
0.549091 0.647269 0
0.619973 0.664731 0
0.549014 0.714956 0
130 3
0.549091 0.647269 0
0.549014 0.714956 0
0.495718 0.722545 0
131 3
0.336279 0.908754 0
0.428614 0.819086 0
0.340254 0.804323 0
132 3
0.341460 0.745020 0
0.340254 0.804323 0
0.428614 0.819086 0
133 3
0.341460 0.745020 0
0.428614 0.819086 0
0.340254 0.804323 0
134 3
0.336279 0.908754 0
0.340254 0.804323 0
0.428614 0.819086 0
135 3
0.618496 0.995479 0
0.618303 0.995153 0
0.492785 0.995050 0
136 3
0.492785 0.995050 0
0.618303 0.995153 0
0.485631 0.994717 0
137 3
0.492785 0.995050 0
0.485631 0.994717 0
0.437392 0.994038 0
138 3
0.618496 0.995479 0
0.745722 0.994508 0
0.618303 0.995153 0
139 3
0.459424 0.186747 0
0.368179 0.169417 0
0.458836 0.113722 0
140 3
0.495718 0.722545 0
0.549091 0.647269 0
0.495504 0.660867 0
141 3
0.914993 0.989646 0
0.934708 0.984745 0
0.915534 0.982226 0
142 3
0.914993 0.989646 0
0.919272 0.986543 0
0.934708 0.984745 0
143 3
0.549014 0.714956 0
0.618393 0.725651 0
0.619973 0.664731 0
144 3
0.765484 0.136186 0
0.764602 0.088674 0
0.650343 0.080884 0
145 3
0.656573 0.133325 0
0.765484 0.136186 0
0.650343 0.080884 0
146 3
0.656573 0.133325 0
0.650343 0.080884 0
0.523395 0.100736 0
147 3
0.525589 0.152614 0
0.656573 0.133325 0
0.523395 0.100736 0
148 3
0.525589 0.152614 0
0.523395 0.100736 0
0.412462 0.102521 0
149 3
0.418638 0.167272 0
0.525589 0.152614 0
0.412462 0.102521 0
150 3
0.520109 0.350933 0
0.558880 0.350785 0
0.524275 0.245403 0
151 3
0.648273 0.556588 0
0.764128 0.553603 0
0.763485 0.401850 0
152 3
0.648273 0.556588 0
0.763485 0.401850 0
0.662002 0.408301 0
153 3
0.575943 0.569096 0
0.648273 0.556588 0
0.662002 0.408301 0
154 3
0.575943 0.569096 0
0.662002 0.408301 0
0.577584 0.418021 0
155 3
0.437392 0.994038 0
0.485631 0.994717 0
0.435476 0.931350 0
156 3
0.435476 0.931350 0
0.485631 0.994717 0
0.472172 0.835470 0
157 3
0.919272 0.986543 0
0.914993 0.989646 0
0.913089 0.932761 0
158 3
0.911506 0.845322 0
0.912556 0.808672 0
0.934776 0.815825 0
159 3
0.934776 0.815825 0
0.912556 0.808672 0
0.931578 0.815701 0
160 3
0.935563 0.842063 0
0.931578 0.815701 0
0.912556 0.808672 0
161 3
0.911875 0.843554 0
0.935563 0.842063 0
0.912556 0.808672 0
162 3
0.935230 0.921545 0
0.935563 0.842063 0
0.911875 0.843554 0
163 3
0.935230 0.921545 0
0.911875 0.843554 0
0.912517 0.921056 0
164 3
0.934708 0.984745 0
0.935230 0.921545 0
0.912517 0.921056 0
165 3
0.934708 0.984745 0
0.912517 0.921056 0
0.915534 0.982226 0
166 3
0.627577 0.205969 0
0.621865 0.090149 0
0.530924 0.089834 0
167 3
0.482435 0.161783 0
0.633734 0.161231 0
0.581186 0.014387 0
168 3
0.662002 0.408301 0
0.763485 0.401850 0
0.763040 0.232583 0
169 3
0.662002 0.408301 0
0.763040 0.232583 0
0.666538 0.232304 0
170 3
0.763040 0.232583 0
0.765484 0.136186 0
0.656573 0.133325 0
171 3
0.763040 0.232583 0
0.656573 0.133325 0
0.666538 0.232304 0
172 3
0.857716 0.207410 0
0.886846 0.090830 0
0.737834 0.089761 0
173 3
0.857716 0.207410 0
0.737834 0.089761 0
0.751128 0.206136 0
174 3
0.826363 0.163117 0
0.840156 0.014096 0
0.581186 0.014387 0
175 3
0.472172 0.835470 0
0.495718 0.722545 0
0.428614 0.819086 0
176 3
0.472172 0.835470 0
0.549014 0.714956 0
0.495718 0.722545 0
177 3
0.633734 0.161231 0
0.826363 0.163117 0
0.581186 0.014387 0
178 3
0.405999 0.012637 0
0.482435 0.161783 0
0.581186 0.014387 0
179 3
0.472172 0.835470 0
0.485631 0.994717 0
0.549014 0.714956 0
180 3
0.458836 0.113722 0
0.368179 0.169417 0
0.411829 0.051634 0
181 3
0.511758 0.205472 0
0.386024 0.089841 0
0.423066 0.207229 0
182 3
0.627577 0.205969 0
0.751128 0.206136 0
0.737834 0.089761 0
183 3
0.627577 0.205969 0
0.737834 0.089761 0
0.621865 0.090149 0
184 3
0.424216 0.581093 0
0.495504 0.660867 0
0.497243 0.578456 0
185 3
0.424216 0.581093 0
0.497243 0.578456 0
0.497770 0.412398 0
186 3
0.103744 0.429277 0
0.114385 0.343339 0
0.130382 0.391095 0
187 3
0.071364 0.392634 0
0.073102 0.331606 0
0.114385 0.343339 0
188 3
0.103744 0.429277 0
0.071364 0.392634 0
0.114385 0.343339 0
189 3
0.033399 0.429192 0
0.012552 0.423983 0
0.028802 0.344071 0
190 3
0.073102 0.331606 0
0.071364 0.392634 0
0.028802 0.344071 0
191 3
0.129883 0.607927 0
0.105344 0.612674 0
0.130109 0.554334 0
192 3
0.133211 0.649202 0
0.105344 0.612674 0
0.129883 0.607927 0
193 3
0.336020 0.355683 0
0.424477 0.196543 0
0.345977 0.209481 0
194 3
0.114385 0.343339 0
0.073102 0.331606 0
0.058160 0.087920 0
195 3
0.114385 0.343339 0
0.058160 0.087920 0
0.149015 0.115104 0
196 3
0.133543 0.425296 0
0.103744 0.429277 0
0.130382 0.391095 0
197 3
0.073102 0.331606 0
0.028802 0.344071 0
0.058160 0.087920 0
198 3
0.012552 0.423983 0
0.033399 0.429192 0
0.033016 0.569048 0
199 3
0.033399 0.429192 0
0.070957 0.449953 0
0.033016 0.569048 0
200 3
0.070957 0.449953 0
0.071364 0.392634 0
0.103744 0.429277 0
201 3
0.033399 0.429192 0
0.071364 0.392634 0
0.070957 0.449953 0
202 3
0.070957 0.449953 0
0.103744 0.429277 0
0.104965 0.574518 0
203 3
0.070957 0.449953 0
0.104965 0.574518 0
0.033016 0.569048 0
204 3
0.033016 0.569048 0
0.104965 0.574518 0
0.105344 0.612674 0
205 3
0.134108 0.494567 0
0.104965 0.574518 0
0.133543 0.425296 0
206 3
0.104965 0.574518 0
0.130109 0.554334 0
0.105344 0.612674 0
207 3
0.134108 0.494567 0
0.130109 0.554334 0
0.104965 0.574518 0
208 3
0.104965 0.574518 0
0.103744 0.429277 0
0.133543 0.425296 0
209 3
0.803166 0.992827 0
0.865828 0.992489 0
0.748837 0.992489 0
210 3
0.618496 0.995479 0
0.492785 0.995050 0
0.618303 0.995153 0
211 3
0.492785 0.995050 0
0.485631 0.994717 0
0.618303 0.995153 0
212 3
0.492785 0.995050 0
0.437392 0.994038 0
0.485631 0.994717 0
213 3
0.437392 0.994038 0
0.435476 0.931350 0
0.435476 0.931350 0
214 3
0.437392 0.994038 0
0.435476 0.931350 0
0.437392 0.994038 0
215 3
0.492785 0.995050 0
0.437392 0.994038 0
0.437392 0.994038 0
216 3
0.884277 0.101468 0
0.754265 0.047298 0
0.732471 0.101468 0
217 3
0.884277 0.101468 0
0.862482 0.047298 0
0.754265 0.047298 0
218 3
0.433245 0.005710 0
0.695831 0.165543 0
0.437008 0.165200 0
219 3
0.452065 0.036836 0
0.477570 0.137974 0
0.539020 0.139484 0
220 3
0.452065 0.036836 0
0.539020 0.139484 0
0.560279 0.037216 0
221 3
0.889246 0.232025 0
0.732471 0.101468 0
0.727502 0.232025 0
222 3
0.889246 0.232025 0
0.884277 0.101468 0
0.732471 0.101468 0
223 3
0.885772 0.403547 0
0.727502 0.232025 0
0.730976 0.403547 0
224 3
0.885772 0.403547 0
0.889246 0.232025 0
0.727502 0.232025 0
225 3
0.878211 0.553326 0
0.730976 0.403547 0
0.738537 0.553326 0
226 3
0.878211 0.553326 0
0.885772 0.403547 0
0.730976 0.403547 0
227 3
0.870212 0.724078 0
0.738537 0.553326 0
0.746536 0.724078 0
228 3
0.870212 0.724078 0
0.878211 0.553326 0
0.738537 0.553326 0
229 3
0.867462 0.775204 0
0.746536 0.724078 0
0.749286 0.750759 0
230 3
0.867462 0.775204 0
0.870212 0.724078 0
0.746536 0.724078 0
231 3
0.865828 0.992489 0
0.749286 0.750759 0
0.748837 0.992489 0
232 3
0.865828 0.992489 0
0.867462 0.775204 0
0.749286 0.750759 0
233 3
0.618496 0.995479 0
0.618303 0.995153 0
0.745722 0.994508 0
234 3
0.459424 0.186747 0
0.458836 0.113722 0
0.551978 0.169417 0
235 3
0.129883 0.607927 0
0.167248 0.554334 0
0.167474 0.607927 0
236 3
0.129883 0.607927 0
0.130109 0.554334 0
0.167248 0.554334 0
237 3
0.133211 0.649202 0
0.167474 0.607927 0
0.164146 0.649202 0
238 3
0.129883 0.607927 0
0.167474 0.607927 0
0.133211 0.649202 0
239 3
0.114385 0.343339 0
0.149015 0.115104 0
0.182972 0.343339 0
240 3
0.130382 0.391095 0
0.182972 0.343339 0
0.166975 0.391095 0
241 3
0.130382 0.391095 0
0.114385 0.343339 0
0.182972 0.343339 0
242 3
0.133543 0.425296 0
0.166975 0.391095 0
0.163814 0.425296 0
243 3
0.130382 0.391095 0
0.166975 0.391095 0
0.133543 0.425296 0
244 3
0.163249 0.494567 0
0.167248 0.554334 0
0.130109 0.554334 0
245 3
0.134108 0.494567 0
0.163249 0.494567 0
0.130109 0.554334 0
246 3
0.163814 0.425296 0
0.163249 0.494567 0
0.134108 0.494567 0
247 3
0.133543 0.425296 0
0.163814 0.425296 0
0.134108 0.494567 0
248 3
0.495718 0.722545 0
0.495504 0.660867 0
0.549091 0.647269 0
249 3
0.990273 0.991766 0
0.992359 0.982226 0
0.966935 0.984745 0
250 3
0.990273 0.991766 0
0.966935 0.984745 0
0.983910 0.988663 0
251 3
0.549014 0.714956 0
0.619973 0.664731 0
0.618393 0.725651 0
252 3
0.765484 0.136186 0
0.650343 0.080884 0
0.764602 0.088674 0
253 3
0.656573 0.133325 0
0.650343 0.080884 0
0.765484 0.136186 0
254 3
0.656573 0.133325 0
0.523395 0.100736 0
0.650343 0.080884 0
255 3
0.525589 0.152614 0
0.523395 0.100736 0
0.656573 0.133325 0
256 3
0.525589 0.152614 0
0.412462 0.102521 0
0.523395 0.100736 0
257 3
0.418320 0.166527 0
0.412462 0.102521 0
0.525589 0.152614 0
258 3
0.520109 0.350933 0
0.524275 0.245403 0
0.558880 0.350785 0
259 3
0.648273 0.556588 0
0.763485 0.401850 0
0.764128 0.553603 0
260 3
0.648273 0.556588 0
0.662002 0.408301 0
0.763485 0.401850 0
261 3
0.575943 0.569096 0
0.662002 0.408301 0
0.648273 0.556588 0
262 3
0.575943 0.569096 0
0.577584 0.418021 0
0.662002 0.408301 0
263 3
0.437392 0.994038 0
0.435476 0.931350 0
0.485631 0.994717 0
264 3
0.435476 0.931350 0
0.472172 0.835470 0
0.485631 0.994717 0
265 3
0.983910 0.988663 0
0.989550 0.934881 0
0.990273 0.991766 0
266 3
0.991170 0.808672 0
0.992220 0.841082 0
0.968407 0.815825 0
267 3
0.968407 0.815825 0
0.971605 0.815701 0
0.991170 0.808672 0
268 3
0.970247 0.842063 0
0.991170 0.808672 0
0.971605 0.815701 0
269 3
0.994478 0.843554 0
0.991170 0.808672 0
0.970247 0.842063 0
270 3
0.970580 0.921545 0
0.994478 0.843554 0
0.970247 0.842063 0
271 3
0.970580 0.921545 0
0.992748 0.921056 0
0.994478 0.843554 0
272 3
0.966935 0.984745 0
0.992748 0.921056 0
0.970580 0.921545 0
273 3
0.966935 0.984745 0
0.992359 0.982226 0
0.992748 0.921056 0
274 3
0.629645 0.120736 0
0.551687 0.022991 0
0.630042 0.023321 0
275 3
0.748391 0.009145 0
0.695831 0.165543 0
0.635677 0.006785 0
276 3
0.662002 0.408301 0
0.763040 0.232583 0
0.763485 0.401850 0
277 3
0.662002 0.408301 0
0.666538 0.232304 0
0.763040 0.232583 0
278 3
0.763040 0.232583 0
0.656573 0.133325 0
0.765484 0.136186 0
279 3
0.763040 0.232583 0
0.666538 0.232304 0
0.656573 0.133325 0
280 3
0.858352 0.122007 0
0.726578 0.021952 0
0.857206 0.020467 0
281 3
0.858352 0.122007 0
0.752427 0.120884 0
0.726578 0.021952 0
282 3
0.498356 0.006722 0
0.695831 0.165543 0
0.433245 0.005710 0
283 3
0.472172 0.835470 0
0.428614 0.819086 0
0.495718 0.722545 0
284 3
0.472172 0.835470 0
0.495718 0.722545 0
0.549014 0.714956 0
285 3
0.635677 0.006785 0
0.695831 0.165543 0
0.498356 0.006722 0
286 3
0.802815 0.016521 0
0.695831 0.165543 0
0.748391 0.009145 0
287 3
0.472172 0.835470 0
0.549014 0.714956 0
0.485631 0.994717 0
288 3
0.458836 0.113722 0
0.580885 0.054854 0
0.551978 0.169417 0
289 3
0.514546 0.120299 0
0.426405 0.121848 0
0.426841 0.022384 0
290 3
0.629645 0.120736 0
0.726578 0.021952 0
0.752427 0.120884 0
291 3
0.629645 0.120736 0
0.630042 0.023321 0
0.726578 0.021952 0
292 3
0.424216 0.581093 0
0.497243 0.578456 0
0.495504 0.660867 0
293 3
0.424216 0.581093 0
0.497770 0.412398 0
0.497243 0.578456 0
294 3
0.193613 0.438166 0
0.166975 0.391095 0
0.182972 0.343339 0
295 3
0.225993 0.401523 0
0.182972 0.343339 0
0.224255 0.331606 0
296 3
0.193613 0.438166 0
0.182972 0.343339 0
0.225993 0.401523 0
297 3
0.263958 0.438081 0
0.265154 0.344071 0
0.284805 0.423983 0
298 3
0.224255 0.331606 0
0.265154 0.344071 0
0.225993 0.401523 0
299 3
0.167474 0.607927 0
0.167248 0.554334 0
0.192216 0.612674 0
300 3
0.164146 0.649202 0
0.167474 0.607927 0
0.192216 0.612674 0
301 3
0.336020 0.355683 0
0.345977 0.204650 0
0.426561 0.198765 0
302 3
0.182972 0.343339 0
0.249792 0.220403 0
0.224255 0.331606 0
303 3
0.182972 0.343339 0
0.149015 0.115104 0
0.249792 0.220403 0
304 3
0.163814 0.425296 0
0.166975 0.391095 0
0.193613 0.438166 0
305 3
0.224255 0.331606 0
0.249792 0.220403 0
0.265154 0.344071 0
306 3
0.284805 0.423983 0
0.263971 0.569048 0
0.263958 0.438081 0
307 3
0.263958 0.438081 0
0.263971 0.569048 0
0.226400 0.458842 0
308 3
0.226400 0.458842 0
0.193613 0.438166 0
0.225993 0.401523 0
309 3
0.226400 0.458842 0
0.225993 0.401523 0
0.263958 0.438081 0
310 3
0.226400 0.458842 0
0.192392 0.574518 0
0.193613 0.438166 0
311 3
0.226400 0.458842 0
0.263971 0.569048 0
0.192392 0.574518 0
312 3
0.263971 0.569048 0
0.192216 0.612674 0
0.192392 0.574518 0
313 3
0.163249 0.494567 0
0.163814 0.425296 0
0.192392 0.574518 0
314 3
0.192392 0.574518 0
0.192216 0.612674 0
0.167248 0.554334 0
315 3
0.163249 0.494567 0
0.192392 0.574518 0
0.167248 0.554334 0
316 3
0.192392 0.574518 0
0.163814 0.425296 0
0.193613 0.438166 0
4
0.000000 -90.000000 0.000000
0.000000 180.000000 0.000000
0.000000 0.000000 0.000000
13.770971 26.541943 17.201036
4
0.000000 0.000000 0.000000
0.000000 0.000000 0.000000
0.000000 0.000000 0.000000
9.493934 21.965454 15.729694
4
-90.000000 0.000000 0.000000
0.000000 0.000000 0.000000
0.000000 0.000000 0.000000
7.159809 4.079905 9.967011
4
0.000000 0.000000 0.000000
0.000000 0.000000 0.000000
0.000000 0.000000 0.000000
16.147444 5.898612 11.023027
4
0.000000 0.000000 0.000000
0.000000 0.000000 0.000000
0.000000 0.000000 0.000000
6.197174 25.932470 16.064821
4
0.000000 0.000000 0.000000
0.000000 0.000000 0.000000
0.000000 0.000000 0.000000
1.000000 1.000000 1.000000
4
0.000000 0.000000 0.000000
0.000000 0.000000 0.000000
0.000000 0.000000 0.000000
1.000000 1.000000 1.000000
4
0.000000 0.000000 0.000000
0.000000 0.000000 0.000000
0.000000 0.000000 0.000000
1.000000 1.000000 1.000000
4
0.000000 0.000000 0.000000
0.000000 0.000000 0.000000
0.000000 0.000000 0.000000
1.000000 1.000000 1.000000
