1
5
C:\MIDWAY\NBAonNBC\HEADS\Milwaukee\LWO\hd_ejohn.TGA
C:\MIDWAY\NBAonNBC\HEADS\Milwaukee\LWO\hd_ejohn.TGA
C:\MIDWAY\NBAonNBC\HEADS\Milwaukee\LWO\hd_ejohn.TGA
C:\MIDWAY\NBAonNBC\HEADS\Milwaukee\LWO\hd_ejohn.TGA
C:\MIDWAY\NBAonNBC\HEADS\Milwaukee\LWO\hd_ejohn.TGA
321
0 3
0.087394 0.772691 0
0.099734 0.628142 0
0.124866 0.707437 0
1 3
0.124866 0.707437 0
0.121214 0.768000 0
0.087394 0.772691 0
2 3
0.173651 0.707437 0
0.202982 0.628142 0
0.211345 0.773380 0
3 3
0.211345 0.773380 0
0.177526 0.767965 0
0.173651 0.707437 0
4 3
0.121214 0.768000 0
0.124866 0.707437 0
0.173651 0.707437 0
5 3
0.121214 0.768000 0
0.173651 0.707437 0
0.177526 0.767965 0
6 3
0.124866 0.707437 0
0.129668 0.636755 0
0.168665 0.636755 0
7 3
0.168665 0.636755 0
0.173651 0.707437 0
0.124866 0.707437 0
8 3
0.202982 0.628142 0
0.173651 0.707437 0
0.168665 0.636755 0
9 3
0.129668 0.636755 0
0.124866 0.707437 0
0.099734 0.628142 0
10 3
0.122932 0.870198 0
0.175808 0.870304 0
0.177356 0.937023 0
11 3
0.122932 0.870198 0
0.177356 0.937023 0
0.121263 0.937023 0
12 3
0.344772 0.965081 0
0.437533 0.839659 0
0.482142 0.862790 0
13 3
0.344772 0.965081 0
0.437389 0.942663 0
0.482142 0.862790 0
14 3
0.344772 0.965081 0
0.482142 0.862790 0
0.437389 0.942663 0
15 3
0.344772 0.965081 0
0.482142 0.862790 0
0.437533 0.839659 0
16 3
0.121263 0.937023 0
0.078566 0.915017 0
0.122932 0.870198 0
17 3
0.175808 0.870304 0
0.222136 0.917239 0
0.177356 0.937023 0
18 3
0.066626 0.841070 0
0.122932 0.870198 0
0.078566 0.915017 0
19 3
0.231970 0.841070 0
0.222136 0.917239 0
0.175808 0.870304 0
20 3
0.437389 0.942663 0
0.437389 0.942663 0
0.344772 0.965081 0
21 3
0.437389 0.942663 0
0.344772 0.965081 0
0.344772 0.965081 0
22 3
0.108374 0.981502 0
0.121263 0.937023 0
0.177356 0.937023 0
23 3
0.108374 0.981502 0
0.177356 0.937023 0
0.191059 0.981502 0
24 3
0.078566 0.915017 0
0.121263 0.937023 0
0.108374 0.981502 0
25 3
0.222136 0.917239 0
0.191059 0.981502 0
0.177356 0.937023 0
26 3
0.539448 0.278116 0
0.568126 0.376992 0
0.640483 0.368811 0
27 3
0.539448 0.278116 0
0.641090 0.252151 0
0.640483 0.368811 0
28 3
0.568126 0.376992 0
0.590071 0.420294 0
0.640483 0.368811 0
29 3
0.640483 0.368811 0
0.590071 0.420294 0
0.568126 0.376992 0
30 3
0.631149 0.988631 0
0.732332 0.988501 0
0.731514 0.701293 0
31 3
0.631149 0.988631 0
0.626053 0.709306 0
0.731514 0.701293 0
32 3
0.631149 0.988631 0
0.731514 0.701293 0
0.626053 0.709306 0
33 3
0.631149 0.988631 0
0.731514 0.701293 0
0.732332 0.988501 0
34 3
0.346556 0.190683 0
0.409209 0.310163 0
0.413842 0.180864 0
35 3
0.346556 0.190683 0
0.413842 0.180864 0
0.419967 0.071425 0
36 3
0.346556 0.190683 0
0.419967 0.071425 0
0.413842 0.180864 0
37 3
0.346556 0.190683 0
0.413842 0.180864 0
0.409209 0.310163 0
38 3
0.553092 0.382846 0
0.493458 0.586980 0
0.508037 0.628769 0
39 3
0.553092 0.382846 0
0.535011 0.617788 0
0.508037 0.628769 0
40 3
0.553092 0.382846 0
0.508037 0.628769 0
0.535011 0.617788 0
41 3
0.553092 0.382846 0
0.508037 0.628769 0
0.493458 0.586980 0
42 3
0.553092 0.382846 0
0.511374 0.417719 0
0.493458 0.586980 0
43 3
0.493458 0.586980 0
0.511374 0.417719 0
0.553092 0.382846 0
44 3
0.586636 0.541426 0
0.539178 0.626576 0
0.630184 0.579503 0
45 3
0.630184 0.579503 0
0.639943 0.469765 0
0.586636 0.541426 0
46 3
0.630184 0.579503 0
0.539178 0.626576 0
0.586636 0.541426 0
47 3
0.586636 0.541426 0
0.639943 0.469765 0
0.630184 0.579503 0
48 3
0.437533 0.839659 0
0.408798 0.507283 0
0.343893 0.532582 0
49 3
0.437533 0.839659 0
0.331873 0.775627 0
0.343893 0.532582 0
50 3
0.437533 0.839659 0
0.343893 0.532582 0
0.331873 0.775627 0
51 3
0.437533 0.839659 0
0.343893 0.532582 0
0.408798 0.507283 0
52 3
0.175808 0.870304 0
0.172667 0.837924 0
0.211345 0.773380 0
53 3
0.231970 0.841070 0
0.175808 0.870304 0
0.211345 0.773380 0
54 3
0.172667 0.837924 0
0.175808 0.870304 0
0.122932 0.870198 0
55 3
0.172667 0.837924 0
0.122932 0.870198 0
0.126073 0.837920 0
56 3
0.172667 0.837924 0
0.126073 0.837920 0
0.149370 0.767256 0
57 3
0.126073 0.837920 0
0.121182 0.768544 0
0.149370 0.767256 0
58 3
0.087394 0.772691 0
0.126073 0.837920 0
0.122932 0.870198 0
59 3
0.172667 0.837924 0
0.149370 0.767256 0
0.177558 0.768549 0
60 3
0.172667 0.837924 0
0.177558 0.768549 0
0.211345 0.773380 0
61 3
0.087394 0.772691 0
0.121182 0.768544 0
0.126073 0.837920 0
62 3
0.066626 0.841070 0
0.087394 0.772691 0
0.122932 0.870198 0
63 3
0.030912 0.535306 0
0.099734 0.628142 0
0.052765 0.769693 0
64 3
0.245853 0.769693 0
0.202982 0.628142 0
0.267827 0.535306 0
65 3
0.211345 0.773380 0
0.202982 0.628142 0
0.245853 0.769693 0
66 3
0.087394 0.772691 0
0.066626 0.841070 0
0.052765 0.769693 0
67 3
0.087394 0.772691 0
0.052765 0.769693 0
0.099734 0.628142 0
68 3
0.211345 0.773380 0
0.245853 0.769693 0
0.231970 0.841070 0
69 3
0.027941 0.410128 0
0.037543 0.376965 0
0.069265 0.375036 0
70 3
0.033361 0.309413 0
0.037543 0.376965 0
0.027941 0.410128 0
71 3
0.069265 0.375036 0
0.037543 0.376965 0
0.033361 0.309413 0
72 3
0.229721 0.375036 0
0.260541 0.376965 0
0.271045 0.410128 0
73 3
0.264715 0.309413 0
0.260541 0.376965 0
0.229721 0.375036 0
74 3
0.271045 0.410128 0
0.260541 0.376965 0
0.264715 0.309413 0
75 3
0.437533 0.839659 0
0.338210 0.930114 0
0.344772 0.965081 0
76 3
0.437533 0.839659 0
0.344772 0.965081 0
0.338210 0.930114 0
77 3
0.419967 0.071425 0
0.349418 0.078450 0
0.346556 0.190683 0
78 3
0.346556 0.190683 0
0.349418 0.078450 0
0.419967 0.071425 0
79 3
0.413842 0.180864 0
0.409209 0.310163 0
0.539448 0.278116 0
80 3
0.539448 0.278116 0
0.532880 0.157806 0
0.413842 0.180864 0
81 3
0.539448 0.278116 0
0.409209 0.310163 0
0.413842 0.180864 0
82 3
0.413842 0.180864 0
0.532880 0.157806 0
0.539448 0.278116 0
83 3
0.408798 0.507283 0
0.511374 0.417719 0
0.409209 0.310163 0
84 3
0.409209 0.310163 0
0.368860 0.411905 0
0.408798 0.507283 0
85 3
0.409209 0.310163 0
0.511374 0.417719 0
0.408798 0.507283 0
86 3
0.408798 0.507283 0
0.368860 0.411905 0
0.409209 0.310163 0
87 3
0.523786 0.746238 0
0.488340 0.988448 0
0.631149 0.988631 0
88 3
0.631149 0.988631 0
0.626053 0.709306 0
0.523786 0.746238 0
89 3
0.631149 0.988631 0
0.488340 0.988448 0
0.523786 0.746238 0
90 3
0.523786 0.746238 0
0.626053 0.709306 0
0.631149 0.988631 0
91 3
0.553092 0.382846 0
0.535011 0.617788 0
0.580298 0.539998 0
92 3
0.580298 0.539998 0
0.587764 0.422762 0
0.553092 0.382846 0
93 3
0.553092 0.382846 0
0.587764 0.422762 0
0.580298 0.539998 0
94 3
0.553092 0.382846 0
0.580298 0.539998 0
0.535011 0.617788 0
95 3
0.539178 0.626576 0
0.496718 0.758221 0
0.523786 0.746238 0
96 3
0.539178 0.626576 0
0.523786 0.746238 0
0.630184 0.579503 0
97 3
0.539178 0.626576 0
0.630184 0.579503 0
0.523786 0.746238 0
98 3
0.539178 0.626576 0
0.523786 0.746238 0
0.496718 0.758221 0
99 3
0.338210 0.930114 0
0.437533 0.839659 0
0.332515 0.844182 0
100 3
0.331873 0.775627 0
0.332515 0.844182 0
0.437533 0.839659 0
101 3
0.331873 0.775627 0
0.437533 0.839659 0
0.332515 0.844182 0
102 3
0.338210 0.930114 0
0.332515 0.844182 0
0.437533 0.839659 0
103 3
0.636221 0.987946 0
0.631149 0.988631 0
0.492852 0.987485 0
104 3
0.492852 0.987485 0
0.631149 0.988631 0
0.488340 0.988448 0
105 3
0.492852 0.987485 0
0.488340 0.988448 0
0.445735 0.986722 0
106 3
0.636221 0.987946 0
0.732332 0.988501 0
0.631149 0.988631 0
107 3
0.149414 0.089322 0
0.078902 0.066842 0
0.149415 0.005159 0
108 3
0.149020 0.206847 0
0.078902 0.066842 0
0.149414 0.089322 0
109 3
0.496718 0.758221 0
0.539178 0.626576 0
0.497553 0.635432 0
110 3
0.918067 0.606702 0
0.952304 0.601202 0
0.918526 0.597354 0
111 3
0.918067 0.606702 0
0.924661 0.602915 0
0.952304 0.601202 0
112 3
0.523786 0.746238 0
0.626053 0.709306 0
0.630184 0.579503 0
113 3
0.626053 0.709306 0
0.733190 0.572105 0
0.630184 0.579503 0
114 3
0.626053 0.709306 0
0.731514 0.701293 0
0.733190 0.572105 0
115 3
0.733269 0.151289 0
0.732277 0.070183 0
0.640795 0.072488 0
116 3
0.641102 0.153358 0
0.733269 0.151289 0
0.640795 0.072488 0
117 3
0.641102 0.153358 0
0.640795 0.072488 0
0.532855 0.072114 0
118 3
0.532880 0.157806 0
0.641102 0.153358 0
0.532855 0.072114 0
119 3
0.532880 0.157806 0
0.532855 0.072114 0
0.419967 0.071425 0
120 3
0.413842 0.180864 0
0.532880 0.157806 0
0.419967 0.071425 0
121 3
0.539448 0.278116 0
0.640483 0.368811 0
0.641090 0.252151 0
122 3
0.529281 0.377772 0
0.568126 0.376992 0
0.539448 0.278116 0
123 3
0.529281 0.377772 0
0.539448 0.278116 0
0.409209 0.310163 0
124 3
0.639943 0.469765 0
0.732136 0.454496 0
0.732070 0.355706 0
125 3
0.639943 0.469765 0
0.732070 0.355706 0
0.640483 0.368811 0
126 3
0.586636 0.541426 0
0.639943 0.469765 0
0.640483 0.368811 0
127 3
0.586636 0.541426 0
0.640483 0.368811 0
0.590071 0.420294 0
128 3
0.630184 0.579503 0
0.733190 0.572105 0
0.732136 0.454496 0
129 3
0.630184 0.579503 0
0.732136 0.454496 0
0.639943 0.469765 0
130 3
0.445735 0.986722 0
0.488340 0.988448 0
0.437389 0.942663 0
131 3
0.437389 0.942663 0
0.488340 0.988448 0
0.482142 0.862790 0
132 3
0.924661 0.602915 0
0.918067 0.606702 0
0.920785 0.573017 0
133 3
0.409209 0.310163 0
0.511374 0.417719 0
0.529281 0.377772 0
134 3
0.915690 0.455787 0
0.914599 0.422124 0
0.928614 0.425155 0
135 3
0.928614 0.425155 0
0.914599 0.422124 0
0.932827 0.422593 0
136 3
0.942708 0.453847 0
0.932827 0.422593 0
0.914599 0.422124 0
137 3
0.915094 0.456105 0
0.942708 0.453847 0
0.914599 0.422124 0
138 3
0.948543 0.547670 0
0.942708 0.453847 0
0.915094 0.456105 0
139 3
0.948543 0.547670 0
0.915094 0.456105 0
0.917509 0.546454 0
140 3
0.952304 0.601202 0
0.948543 0.547670 0
0.917509 0.546454 0
141 3
0.952304 0.601202 0
0.917509 0.546454 0
0.918526 0.597354 0
142 3
0.532855 0.072114 0
0.532478 0.009645 0
0.463683 0.010924 0
143 3
0.419967 0.071425 0
0.532855 0.072114 0
0.463683 0.010924 0
144 3
0.976167 0.880135 0
0.973204 0.757854 0
0.918028 0.824766 0
145 3
0.640483 0.368811 0
0.732070 0.355706 0
0.733281 0.246288 0
146 3
0.640483 0.368811 0
0.733281 0.246288 0
0.641090 0.252151 0
147 3
0.733281 0.246288 0
0.733269 0.151289 0
0.641102 0.153358 0
148 3
0.733281 0.246288 0
0.641102 0.153358 0
0.641090 0.252151 0
149 3
0.732277 0.070183 0
0.731549 0.010432 0
0.640148 0.009247 0
150 3
0.732277 0.070183 0
0.640148 0.009247 0
0.640795 0.072488 0
151 3
0.982030 0.658626 0
0.918405 0.644890 0
0.918028 0.824766 0
152 3
0.482142 0.862790 0
0.496718 0.758221 0
0.437533 0.839659 0
153 3
0.482142 0.862790 0
0.523786 0.746238 0
0.496718 0.758221 0
154 3
0.973204 0.757854 0
0.982030 0.658626 0
0.918028 0.824766 0
155 3
0.984199 0.976960 0
0.976167 0.880135 0
0.918028 0.824766 0
156 3
0.917993 0.992504 0
0.984199 0.976960 0
0.918028 0.824766 0
157 3
0.149020 0.206847 0
0.050128 0.194775 0
0.078902 0.066842 0
158 3
0.482142 0.862790 0
0.488340 0.988448 0
0.523786 0.746238 0
159 3
0.539448 0.278116 0
0.641090 0.252151 0
0.641102 0.153358 0
160 3
0.539448 0.278116 0
0.641102 0.153358 0
0.532880 0.157806 0
161 3
0.419456 0.010255 0
0.419967 0.071425 0
0.463683 0.010924 0
162 3
0.349272 0.010819 0
0.349418 0.078450 0
0.419456 0.010255 0
163 3
0.419967 0.071425 0
0.419456 0.010255 0
0.349418 0.078450 0
164 3
0.532855 0.072114 0
0.640795 0.072488 0
0.640148 0.009247 0
165 3
0.532855 0.072114 0
0.640148 0.009247 0
0.532478 0.009645 0
166 3
0.408798 0.507283 0
0.437533 0.839659 0
0.496718 0.758221 0
167 3
0.408798 0.507283 0
0.497553 0.635432 0
0.493458 0.586980 0
168 3
0.497553 0.635432 0
0.408798 0.507283 0
0.496718 0.758221 0
169 3
0.408798 0.507283 0
0.493458 0.586980 0
0.511374 0.417719 0
170 3
0.113286 0.411655 0
0.117774 0.320021 0
0.133738 0.388300 0
171 3
0.069265 0.375036 0
0.072637 0.311342 0
0.117774 0.320021 0
172 3
0.113286 0.411655 0
0.069265 0.375036 0
0.117774 0.320021 0
173 3
0.027941 0.410128 0
0.007115 0.409383 0
0.033361 0.309413 0
174 3
0.072637 0.311342 0
0.069265 0.375036 0
0.033361 0.309413 0
175 3
0.128311 0.608304 0
0.099734 0.628142 0
0.128581 0.569022 0
176 3
0.129668 0.636755 0
0.099734 0.628142 0
0.128311 0.608304 0
177 3
0.337259 0.312881 0
0.409209 0.310163 0
0.346556 0.190683 0
178 3
0.337259 0.312881 0
0.368860 0.411905 0
0.409209 0.310163 0
179 3
0.117774 0.320021 0
0.072637 0.311342 0
0.050128 0.194775 0
180 3
0.117774 0.320021 0
0.050128 0.194775 0
0.149020 0.206847 0
181 3
0.134531 0.415988 0
0.113286 0.411655 0
0.133738 0.388300 0
182 3
0.072637 0.311342 0
0.033361 0.309413 0
0.050128 0.194775 0
183 3
0.408798 0.507283 0
0.368860 0.411905 0
0.343893 0.532582 0
184 3
0.007115 0.409383 0
0.027941 0.410128 0
0.030912 0.535306 0
185 3
0.027941 0.410128 0
0.068843 0.433080 0
0.030912 0.535306 0
186 3
0.068843 0.433080 0
0.069265 0.375036 0
0.113286 0.411655 0
187 3
0.027941 0.410128 0
0.069265 0.375036 0
0.068843 0.433080 0
188 3
0.068843 0.433080 0
0.113286 0.411655 0
0.100789 0.581717 0
189 3
0.068843 0.433080 0
0.100789 0.581717 0
0.030912 0.535306 0
190 3
0.030912 0.535306 0
0.100789 0.581717 0
0.099734 0.628142 0
191 3
0.132063 0.480842 0
0.100789 0.581717 0
0.134531 0.415988 0
192 3
0.100789 0.581717 0
0.128581 0.569022 0
0.099734 0.628142 0
193 3
0.132063 0.480842 0
0.128581 0.569022 0
0.100789 0.581717 0
194 3
0.100789 0.581717 0
0.113286 0.411655 0
0.134531 0.415988 0
195 3
0.814922 0.990598 0
0.881243 0.989930 0
0.744720 0.989930 0
196 3
0.636221 0.987946 0
0.492852 0.987485 0
0.631149 0.988631 0
197 3
0.492852 0.987485 0
0.488340 0.988448 0
0.631149 0.988631 0
198 3
0.492852 0.987485 0
0.445735 0.986722 0
0.488340 0.988448 0
199 3
0.445735 0.986722 0
0.437389 0.942663 0
0.437389 0.942663 0
200 3
0.445735 0.986722 0
0.437389 0.942663 0
0.445735 0.986722 0
201 3
0.492852 0.987485 0
0.445735 0.986722 0
0.445735 0.986722 0
202 3
0.887783 0.149293 0
0.767230 0.070726 0
0.744144 0.149293 0
203 3
0.887783 0.149293 0
0.862613 0.070726 0
0.767230 0.070726 0
204 3
0.957234 0.644890 0
0.918028 0.824766 0
0.918405 0.644890 0
205 3
0.862613 0.070726 0
0.838025 0.011524 0
0.791818 0.011524 0
206 3
0.862613 0.070726 0
0.791818 0.011524 0
0.767230 0.070726 0
207 3
0.891506 0.243700 0
0.744144 0.149293 0
0.740421 0.243700 0
208 3
0.891506 0.243700 0
0.887783 0.149293 0
0.744144 0.149293 0
209 3
0.889121 0.351465 0
0.740421 0.243700 0
0.742805 0.351465 0
210 3
0.889121 0.351465 0
0.891506 0.243700 0
0.740421 0.243700 0
211 3
0.886753 0.454528 0
0.742805 0.351465 0
0.745174 0.454528 0
212 3
0.886753 0.454528 0
0.889121 0.351465 0
0.742805 0.351465 0
213 3
0.884201 0.570936 0
0.745174 0.454528 0
0.747725 0.570936 0
214 3
0.884201 0.570936 0
0.886753 0.454528 0
0.745174 0.454528 0
215 3
0.879521 0.707836 0
0.747725 0.570936 0
0.748525 0.707836 0
216 3
0.879521 0.707836 0
0.884201 0.570936 0
0.747725 0.570936 0
217 3
0.881243 0.989930 0
0.748525 0.707836 0
0.744720 0.989930 0
218 3
0.881243 0.989930 0
0.879521 0.707836 0
0.748525 0.707836 0
219 3
0.636221 0.987946 0
0.631149 0.988631 0
0.732332 0.988501 0
220 3
0.149414 0.089322 0
0.149415 0.005159 0
0.216012 0.066842 0
221 3
0.149020 0.206847 0
0.149414 0.089322 0
0.216012 0.066842 0
222 3
0.128311 0.608304 0
0.169752 0.569022 0
0.170022 0.608304 0
223 3
0.128311 0.608304 0
0.128581 0.569022 0
0.169752 0.569022 0
224 3
0.129668 0.636755 0
0.170022 0.608304 0
0.168665 0.636755 0
225 3
0.128311 0.608304 0
0.170022 0.608304 0
0.129668 0.636755 0
226 3
0.117774 0.320021 0
0.149020 0.206847 0
0.181212 0.320021 0
227 3
0.133738 0.388300 0
0.181212 0.320021 0
0.165248 0.388300 0
228 3
0.133738 0.388300 0
0.117774 0.320021 0
0.181212 0.320021 0
229 3
0.134531 0.415988 0
0.165248 0.388300 0
0.164455 0.415988 0
230 3
0.133738 0.388300 0
0.165248 0.388300 0
0.134531 0.415988 0
231 3
0.166923 0.480842 0
0.169752 0.569022 0
0.128581 0.569022 0
232 3
0.132063 0.480842 0
0.166923 0.480842 0
0.128581 0.569022 0
233 3
0.164455 0.415988 0
0.166923 0.480842 0
0.132063 0.480842 0
234 3
0.134531 0.415988 0
0.164455 0.415988 0
0.132063 0.480842 0
235 3
0.496718 0.758221 0
0.497553 0.635432 0
0.539178 0.626576 0
236 3
0.993858 0.606702 0
0.993400 0.599436 0
0.960379 0.603289 0
237 3
0.993858 0.606702 0
0.960379 0.603289 0
0.987265 0.602915 0
238 3
0.523786 0.746238 0
0.630184 0.579503 0
0.626053 0.709306 0
239 3
0.626053 0.709306 0
0.630184 0.579503 0
0.733190 0.572105 0
240 3
0.626053 0.709306 0
0.733190 0.572105 0
0.731514 0.701293 0
241 3
0.733269 0.151289 0
0.640795 0.072488 0
0.732277 0.070183 0
242 3
0.641102 0.153358 0
0.640795 0.072488 0
0.733269 0.151289 0
243 3
0.641102 0.153358 0
0.532855 0.072114 0
0.640795 0.072488 0
244 3
0.532880 0.157806 0
0.532855 0.072114 0
0.641102 0.153358 0
245 3
0.532880 0.157806 0
0.419967 0.071425 0
0.532855 0.072114 0
246 3
0.413842 0.180864 0
0.419967 0.071425 0
0.532880 0.157806 0
247 3
0.539448 0.278116 0
0.640483 0.368811 0
0.568126 0.376992 0
248 3
0.529281 0.377772 0
0.539448 0.278116 0
0.568126 0.376992 0
249 3
0.529281 0.377772 0
0.409209 0.310163 0
0.539448 0.278116 0
250 3
0.639943 0.469765 0
0.732070 0.355706 0
0.732136 0.454496 0
251 3
0.639943 0.469765 0
0.640483 0.368811 0
0.732070 0.355706 0
252 3
0.586636 0.541426 0
0.640483 0.368811 0
0.639943 0.469765 0
253 3
0.586636 0.541426 0
0.590071 0.420294 0
0.640483 0.368811 0
254 3
0.630184 0.579503 0
0.732136 0.454496 0
0.733190 0.572105 0
255 3
0.630184 0.579503 0
0.639943 0.469765 0
0.732136 0.454496 0
256 3
0.445735 0.986722 0
0.437389 0.942663 0
0.488340 0.988448 0
257 3
0.437389 0.942663 0
0.482142 0.862790 0
0.488340 0.988448 0
258 3
0.987265 0.602915 0
0.991141 0.573017 0
0.993858 0.606702 0
259 3
0.409209 0.310163 0
0.529281 0.377772 0
0.511374 0.417719 0
260 3
0.987347 0.422124 0
0.990277 0.453704 0
0.974726 0.425155 0
261 3
0.974726 0.425155 0
0.970514 0.422593 0
0.987347 0.422124 0
262 3
0.960633 0.453847 0
0.987347 0.422124 0
0.970514 0.422593 0
263 3
0.992884 0.456105 0
0.987347 0.422124 0
0.960633 0.453847 0
264 3
0.957278 0.547670 0
0.992884 0.456105 0
0.960633 0.453847 0
265 3
0.957278 0.547670 0
0.992406 0.546454 0
0.992884 0.456105 0
266 3
0.960379 0.603289 0
0.992406 0.546454 0
0.957278 0.547670 0
267 3
0.960379 0.603289 0
0.993400 0.599436 0
0.992406 0.546454 0
268 3
0.532855 0.072114 0
0.463683 0.010924 0
0.532478 0.009645 0
269 3
0.419967 0.071425 0
0.463683 0.010924 0
0.532855 0.072114 0
270 3
0.986118 0.858661 0
0.918028 0.824766 0
0.988391 0.765054 0
271 3
0.640483 0.368811 0
0.733281 0.246288 0
0.732070 0.355706 0
272 3
0.640483 0.368811 0
0.641090 0.252151 0
0.733281 0.246288 0
273 3
0.733281 0.246288 0
0.641102 0.153358 0
0.733269 0.151289 0
274 3
0.733281 0.246288 0
0.641090 0.252151 0
0.641102 0.153358 0
275 3
0.732277 0.070183 0
0.640148 0.009247 0
0.731549 0.010432 0
276 3
0.732277 0.070183 0
0.640795 0.072488 0
0.640148 0.009247 0
277 3
0.983046 0.689096 0
0.918028 0.824766 0
0.957234 0.644890 0
278 3
0.482142 0.862790 0
0.437533 0.839659 0
0.496718 0.758221 0
279 3
0.482142 0.862790 0
0.496718 0.758221 0
0.523786 0.746238 0
280 3
0.988391 0.765054 0
0.918028 0.824766 0
0.983046 0.689096 0
281 3
0.979958 0.932780 0
0.918028 0.824766 0
0.986118 0.858661 0
282 3
0.917993 0.992504 0
0.918028 0.824766 0
0.979958 0.932780 0
283 3
0.149020 0.206847 0
0.216012 0.066842 0
0.247912 0.194775 0
284 3
0.482142 0.862790 0
0.523786 0.746238 0
0.488340 0.988448 0
285 3
0.539448 0.278116 0
0.641102 0.153358 0
0.641090 0.252151 0
286 3
0.539448 0.278116 0
0.532880 0.157806 0
0.641102 0.153358 0
287 3
0.419456 0.010255 0
0.463683 0.010924 0
0.419967 0.071425 0
288 3
0.349272 0.010819 0
0.419456 0.010255 0
0.349418 0.078450 0
289 3
0.419967 0.071425 0
0.349418 0.078450 0
0.419456 0.010255 0
290 3
0.532855 0.072114 0
0.640148 0.009247 0
0.640795 0.072488 0
291 3
0.532855 0.072114 0
0.532478 0.009645 0
0.640148 0.009247 0
292 3
0.408798 0.507283 0
0.496718 0.758221 0
0.437533 0.839659 0
293 3
0.408798 0.507283 0
0.493458 0.586980 0
0.497553 0.635432 0
294 3
0.497553 0.635432 0
0.496718 0.758221 0
0.408798 0.507283 0
295 3
0.408798 0.507283 0
0.511374 0.417719 0
0.493458 0.586980 0
296 3
0.185700 0.411655 0
0.165248 0.388300 0
0.181212 0.320021 0
297 3
0.229721 0.375036 0
0.181212 0.320021 0
0.226349 0.311342 0
298 3
0.185700 0.411655 0
0.181212 0.320021 0
0.229721 0.375036 0
299 3
0.271045 0.410128 0
0.264715 0.309413 0
0.291871 0.409383 0
300 3
0.226349 0.311342 0
0.264715 0.309413 0
0.229721 0.375036 0
301 3
0.170022 0.608304 0
0.169752 0.569022 0
0.202982 0.628142 0
302 3
0.168665 0.636755 0
0.170022 0.608304 0
0.202982 0.628142 0
303 3
0.337259 0.312881 0
0.346556 0.190683 0
0.409209 0.310163 0
304 3
0.337259 0.312881 0
0.409209 0.310163 0
0.368860 0.411905 0
305 3
0.181212 0.320021 0
0.247912 0.194775 0
0.226349 0.311342 0
306 3
0.181212 0.320021 0
0.149020 0.206847 0
0.247912 0.194775 0
307 3
0.164455 0.415988 0
0.165248 0.388300 0
0.185700 0.411655 0
308 3
0.226349 0.311342 0
0.247912 0.194775 0
0.264715 0.309413 0
309 3
0.408798 0.507283 0
0.343893 0.532582 0
0.368860 0.411905 0
310 3
0.291871 0.409383 0
0.267827 0.535306 0
0.271045 0.410128 0
311 3
0.271045 0.410128 0
0.267827 0.535306 0
0.230143 0.433080 0
312 3
0.230143 0.433080 0
0.185700 0.411655 0
0.229721 0.375036 0
313 3
0.230143 0.433080 0
0.229721 0.375036 0
0.271045 0.410128 0
314 3
0.230143 0.433080 0
0.201698 0.581717 0
0.185700 0.411655 0
315 3
0.230143 0.433080 0
0.267827 0.535306 0
0.201698 0.581717 0
316 3
0.267827 0.535306 0
0.202982 0.628142 0
0.201698 0.581717 0
317 3
0.166923 0.480842 0
0.164455 0.415988 0
0.201698 0.581717 0
318 3
0.201698 0.581717 0
0.202982 0.628142 0
0.169752 0.569022 0
319 3
0.166923 0.480842 0
0.201698 0.581717 0
0.169752 0.569022 0
320 3
0.201698 0.581717 0
0.164455 0.415988 0
0.185700 0.411655 0
4
0.000000 0.000000 0.000000
0.000000 0.000000 0.000000
0.000000 0.000000 0.000000
10.119127 21.203566 15.661346
4
0.000000 -90.000000 0.000000
0.000000 180.000000 0.000000
0.000000 0.000000 0.000000
13.800842 26.601685 16.900663
4
0.000000 0.000000 0.000000
0.000000 0.000000 0.000000
0.000000 0.000000 0.000000
15.582000 5.011903 10.296951
4
-90.000000 0.000000 0.000000
0.000000 0.000000 0.000000
0.000000 0.000000 0.000000
6.238666 3.619333 7.891437
4
0.000000 0.000000 0.000000
0.000000 0.000000 0.000000
0.000000 0.000000 0.000000
5.308179 25.770731 15.539455
