1
1
Los_Angeles_Lakers\LWO\hd_ejone.tga
302
0 3
0.287286 0.316455 0
0.380394 0.296839 0
0.374805 0.185599 0
1 3
0.287286 0.316455 0
0.270154 0.156544 0
0.374805 0.185599 0
2 3
0.287286 0.316455 0
0.374805 0.185599 0
0.270154 0.156544 0
3 3
0.287286 0.316455 0
0.374805 0.185599 0
0.380393 0.296839 0
4 3
0.270154 0.156544 0
0.374805 0.185599 0
0.247486 0.068450 0
5 3
0.270154 0.156544 0
0.247486 0.068450 0
0.374805 0.185599 0
6 3
0.161814 0.159996 0
0.143227 0.315428 0
0.076609 0.300123 0
7 3
0.161814 0.159996 0
0.269713 0.155785 0
0.250257 0.300123 0
8 3
0.726209 0.242250 0
0.726209 0.432042 0
0.614350 0.369783 0
9 3
0.726209 0.242250 0
0.838068 0.369783 0
0.726209 0.432042 0
10 3
0.075567 0.068645 0
0.161814 0.009619 0
0.161814 0.071650 0
11 3
0.247486 0.068450 0
0.349158 0.010403 0
0.162468 0.009220 0
12 3
0.248060 0.068645 0
0.161814 0.071650 0
0.161814 0.009619 0
13 3
0.247486 0.068450 0
0.162468 0.009220 0
0.349158 0.010403 0
14 3
0.128360 0.988698 0
0.135391 0.959047 0
0.188808 0.959047 0
15 3
0.128360 0.988698 0
0.188808 0.959047 0
0.195992 0.988698 0
16 3
0.161814 0.852815 0
0.190545 0.896562 0
0.133082 0.896562 0
17 3
0.449312 0.665608 0
0.428667 0.635662 0
0.452949 0.502401 0
18 3
0.449312 0.665608 0
0.452949 0.502401 0
0.479283 0.463416 0
19 3
0.449312 0.665608 0
0.479283 0.463416 0
0.452949 0.502401 0
20 3
0.452949 0.502401 0
0.428667 0.635662 0
0.449312 0.665608 0
21 3
0.499823 0.628060 0
0.449312 0.665608 0
0.479283 0.463416 0
22 3
0.499823 0.628060 0
0.479283 0.463416 0
0.505105 0.462330 0
23 3
0.499823 0.628060 0
0.505105 0.462330 0
0.479283 0.463416 0
24 3
0.499823 0.628060 0
0.479283 0.463416 0
0.449312 0.665608 0
25 3
0.910798 0.949418 0
0.954052 0.946197 0
0.953991 0.861287 0
26 3
0.953991 0.861287 0
0.910689 0.871881 0
0.910798 0.949418 0
27 3
0.953991 0.861287 0
0.954052 0.946197 0
0.910798 0.949418 0
28 3
0.910798 0.949418 0
0.910689 0.871881 0
0.953991 0.861287 0
29 3
0.499823 0.628060 0
0.525454 0.518028 0
0.505105 0.462330 0
30 3
0.600520 0.985554 0
0.596116 0.773776 0
0.455654 0.774456 0
31 3
0.600520 0.985554 0
0.455654 0.774456 0
0.416340 0.985929 0
32 3
0.600520 0.985554 0
0.416340 0.985929 0
0.455654 0.774456 0
33 3
0.600520 0.985554 0
0.455654 0.774456 0
0.596116 0.773776 0
34 3
0.612853 0.569233 0
0.620819 0.459887 0
0.541651 0.515413 0
35 3
0.541651 0.515413 0
0.511532 0.643420 0
0.612853 0.569233 0
36 3
0.541651 0.515413 0
0.620819 0.459887 0
0.612853 0.569233 0
37 3
0.612853 0.569233 0
0.511532 0.643420 0
0.541651 0.515413 0
38 3
0.612853 0.569233 0
0.725125 0.465614 0
0.620819 0.459887 0
39 3
0.612853 0.569233 0
0.620819 0.459887 0
0.725125 0.465614 0
40 3
0.353190 0.818760 0
0.248912 0.764807 0
0.288155 0.543519 0
41 3
0.224447 0.950201 0
0.353190 0.818760 0
0.248912 0.764807 0
42 3
0.353190 0.818760 0
0.288155 0.543519 0
0.248912 0.764807 0
43 3
0.224447 0.950201 0
0.248912 0.764807 0
0.353190 0.818760 0
44 3
0.353190 0.818760 0
0.373049 0.569560 0
0.288155 0.543519 0
45 3
0.373049 0.569560 0
0.418234 0.774057 0
0.436942 0.691092 0
46 3
0.373049 0.569560 0
0.436942 0.691092 0
0.428667 0.635662 0
47 3
0.373049 0.569560 0
0.428667 0.635662 0
0.436942 0.691092 0
48 3
0.373049 0.569560 0
0.436942 0.691092 0
0.418234 0.774057 0
49 3
0.373049 0.569560 0
0.353190 0.818760 0
0.418234 0.774057 0
50 3
0.418234 0.774057 0
0.353190 0.818760 0
0.373049 0.569560 0
51 3
0.135391 0.959047 0
0.133082 0.896562 0
0.190545 0.896562 0
52 3
0.190545 0.896562 0
0.188808 0.959047 0
0.135391 0.959047 0
53 3
0.133082 0.896562 0
0.135391 0.959047 0
0.098569 0.949544 0
54 3
0.225058 0.949544 0
0.188808 0.959047 0
0.190545 0.896562 0
55 3
0.133082 0.896562 0
0.098569 0.949544 0
0.112076 0.852815 0
56 3
0.112076 0.852815 0
0.161814 0.852815 0
0.133082 0.896562 0
57 3
0.211551 0.852815 0
0.225058 0.949544 0
0.190545 0.896562 0
58 3
0.190545 0.896562 0
0.161814 0.852815 0
0.211551 0.852815 0
59 3
0.098569 0.949544 0
0.135391 0.959047 0
0.128360 0.988698 0
60 3
0.225058 0.949544 0
0.195992 0.988698 0
0.188808 0.959047 0
61 3
0.072928 0.767328 0
0.112821 0.587952 0
0.146989 0.609604 0
62 3
0.247454 0.767328 0
0.199340 0.793473 0
0.184972 0.609604 0
63 3
0.199340 0.793473 0
0.161814 0.852815 0
0.124287 0.793473 0
64 3
0.499823 0.628060 0
0.505105 0.462330 0
0.525454 0.518028 0
65 3
0.072928 0.767328 0
0.146989 0.609604 0
0.124287 0.793473 0
66 3
0.247454 0.767328 0
0.184972 0.609604 0
0.210806 0.587952 0
67 3
0.455654 0.774456 0
0.511532 0.643420 0
0.436942 0.691092 0
68 3
0.455654 0.774456 0
0.436942 0.691092 0
0.418234 0.774057 0
69 3
0.455654 0.774456 0
0.418234 0.774057 0
0.436942 0.691092 0
70 3
0.455654 0.774456 0
0.436942 0.691092 0
0.511532 0.643420 0
71 3
0.260988 0.972439 0
0.335254 0.945104 0
0.384301 0.868213 0
72 3
0.384301 0.868213 0
0.335254 0.945104 0
0.260988 0.972439 0
73 3
0.224447 0.950201 0
0.260988 0.972439 0
0.384301 0.868213 0
74 3
0.224447 0.950201 0
0.353190 0.818760 0
0.384301 0.868213 0
75 3
0.224447 0.950201 0
0.384301 0.868213 0
0.353190 0.818760 0
76 3
0.224447 0.950201 0
0.384301 0.868213 0
0.260988 0.972439 0
77 3
0.124287 0.793473 0
0.161814 0.852815 0
0.112076 0.852815 0
78 3
0.124287 0.793473 0
0.112076 0.852815 0
0.072928 0.767328 0
79 3
0.098569 0.949544 0
0.072928 0.767328 0
0.112076 0.852815 0
80 3
0.199340 0.793473 0
0.211551 0.852815 0
0.161814 0.852815 0
81 3
0.225058 0.949544 0
0.211551 0.852815 0
0.247454 0.767328 0
82 3
0.247454 0.767328 0
0.211551 0.852815 0
0.199340 0.793473 0
83 3
0.596116 0.773776 0
0.612853 0.569233 0
0.511532 0.643420 0
84 3
0.511532 0.643420 0
0.612853 0.569233 0
0.596116 0.773776 0
85 3
0.596116 0.773776 0
0.727065 0.657306 0
0.612853 0.569233 0
86 3
0.596116 0.773776 0
0.612853 0.569233 0
0.727065 0.657306 0
87 3
0.511532 0.643420 0
0.455654 0.774456 0
0.596116 0.773776 0
88 3
0.511532 0.643420 0
0.596116 0.773776 0
0.455654 0.774456 0
89 3
0.373049 0.569560 0
0.428667 0.635662 0
0.452949 0.502401 0
90 3
0.373049 0.569560 0
0.452949 0.502401 0
0.428667 0.635662 0
91 3
0.910980 0.972451 0
0.954052 0.946197 0
0.910798 0.949418 0
92 3
0.910980 0.972451 0
0.954241 0.980178 0
0.954052 0.946197 0
93 3
0.954241 0.980178 0
0.910980 0.972451 0
0.954795 0.952926 0
94 3
0.910974 0.861692 0
0.910895 0.839171 0
0.939562 0.825537 0
95 3
0.910895 0.839171 0
0.910745 0.838463 0
0.939562 0.825537 0
96 3
0.939562 0.825537 0
0.910745 0.838463 0
0.939435 0.823958 0
97 3
0.953991 0.861287 0
0.939435 0.823958 0
0.910745 0.838463 0
98 3
0.910689 0.871881 0
0.953991 0.861287 0
0.910745 0.838463 0
99 3
0.910980 0.972451 0
0.910798 0.949418 0
0.954052 0.946197 0
100 3
0.910980 0.972451 0
0.954052 0.946197 0
0.954241 0.980178 0
101 3
0.954241 0.980178 0
0.954795 0.952926 0
0.910980 0.972451 0
102 3
0.910974 0.861692 0
0.939562 0.825537 0
0.910895 0.839171 0
103 3
0.910895 0.839171 0
0.939562 0.825537 0
0.910745 0.838463 0
104 3
0.939562 0.825537 0
0.939435 0.823958 0
0.910745 0.838463 0
105 3
0.953991 0.861287 0
0.910745 0.838463 0
0.939435 0.823958 0
106 3
0.910689 0.871881 0
0.910745 0.838463 0
0.953991 0.861287 0
107 3
0.318048 0.419667 0
0.373049 0.569560 0
0.452949 0.502401 0
108 3
0.318048 0.419667 0
0.452949 0.502401 0
0.373049 0.569560 0
109 3
0.601846 0.985064 0
0.600520 0.985554 0
0.425557 0.987115 0
110 3
0.425557 0.987115 0
0.600520 0.985554 0
0.416340 0.985929 0
111 3
0.425557 0.987115 0
0.416340 0.985929 0
0.369951 0.987659 0
112 3
0.601846 0.985064 0
0.727034 0.986371 0
0.600520 0.985554 0
113 3
0.161814 0.159996 0
0.075567 0.068645 0
0.161814 0.071650 0
114 3
0.600520 0.985554 0
0.727034 0.986371 0
0.596116 0.773776 0
115 3
0.596116 0.773776 0
0.727034 0.986371 0
0.727024 0.771635 0
116 3
0.596116 0.773776 0
0.727024 0.771635 0
0.727065 0.657306 0
117 3
0.725059 0.188044 0
0.727013 0.071306 0
0.601347 0.072543 0
118 3
0.614455 0.185250 0
0.725059 0.188044 0
0.601347 0.072543 0
119 3
0.614455 0.185250 0
0.601347 0.072543 0
0.486112 0.077314 0
120 3
0.495027 0.183096 0
0.614455 0.185250 0
0.486112 0.077314 0
121 3
0.495027 0.183096 0
0.486112 0.077314 0
0.397603 0.073530 0
122 3
0.374805 0.185599 0
0.495027 0.183096 0
0.397603 0.073530 0
123 3
0.541651 0.515413 0
0.620819 0.459887 0
0.622222 0.291427 0
124 3
0.541651 0.515413 0
0.622222 0.291427 0
0.515486 0.438162 0
125 3
0.515486 0.438162 0
0.622222 0.291427 0
0.505089 0.281613 0
126 3
0.472405 0.440583 0
0.515486 0.438162 0
0.505089 0.281613 0
127 3
0.472405 0.440583 0
0.505089 0.281613 0
0.380394 0.296839 0
128 3
0.612853 0.569233 0
0.725071 0.571802 0
0.725125 0.465614 0
129 3
0.612853 0.569233 0
0.727065 0.657306 0
0.725071 0.571802 0
130 3
0.369951 0.987659 0
0.416340 0.985929 0
0.335254 0.945104 0
131 3
0.335254 0.945104 0
0.416340 0.985929 0
0.384301 0.868213 0
132 3
0.380394 0.296839 0
0.452949 0.502401 0
0.472405 0.440583 0
133 3
0.486112 0.077314 0
0.460237 0.010778 0
0.409385 0.009435 0
134 3
0.397603 0.073530 0
0.486112 0.077314 0
0.409385 0.009435 0
135 3
0.380394 0.296839 0
0.495027 0.183096 0
0.374805 0.185599 0
136 3
0.505089 0.281613 0
0.495027 0.183096 0
0.380394 0.296839 0
137 3
0.601651 0.249904 0
0.605206 0.163612 0
0.726209 0.242250 0
138 3
0.620819 0.459887 0
0.725125 0.465614 0
0.725125 0.299547 0
139 3
0.620819 0.459887 0
0.725125 0.299547 0
0.622222 0.291427 0
140 3
0.725125 0.299547 0
0.725059 0.188044 0
0.614455 0.185250 0
141 3
0.725125 0.299547 0
0.614455 0.185250 0
0.622222 0.291427 0
142 3
0.727013 0.071306 0
0.726843 0.012190 0
0.579115 0.013759 0
143 3
0.727013 0.071306 0
0.579115 0.013759 0
0.601347 0.072543 0
144 3
0.628221 0.098255 0
0.683421 0.046581 0
0.726209 0.242250 0
145 3
0.384301 0.868213 0
0.418234 0.774057 0
0.353190 0.818760 0
146 3
0.384301 0.868213 0
0.455654 0.774456 0
0.418234 0.774057 0
147 3
0.605206 0.163612 0
0.628221 0.098255 0
0.726209 0.242250 0
148 3
0.614350 0.369783 0
0.601651 0.249904 0
0.726209 0.242250 0
149 3
0.161814 0.159996 0
0.053914 0.155785 0
0.075567 0.068645 0
150 3
0.384301 0.868213 0
0.416340 0.985929 0
0.455654 0.774456 0
151 3
0.505089 0.281613 0
0.622222 0.291427 0
0.614455 0.185250 0
152 3
0.505089 0.281613 0
0.614455 0.185250 0
0.495027 0.183096 0
153 3
0.247486 0.068450 0
0.374805 0.185599 0
0.397603 0.073530 0
154 3
0.349158 0.010403 0
0.397603 0.073530 0
0.409385 0.009435 0
155 3
0.397603 0.073530 0
0.349158 0.010403 0
0.247486 0.068450 0
156 3
0.486112 0.077314 0
0.601347 0.072543 0
0.579115 0.013759 0
157 3
0.486112 0.077314 0
0.579115 0.013759 0
0.460237 0.010778 0
158 3
0.123646 0.418629 0
0.143227 0.315428 0
0.153885 0.382255 0
159 3
0.084659 0.374726 0
0.076609 0.300123 0
0.143227 0.315428 0
160 3
0.123646 0.418629 0
0.084659 0.374726 0
0.143227 0.315428 0
161 3
0.049078 0.415545 0
0.003754 0.419581 0
0.034191 0.312614 0
162 3
0.084659 0.374726 0
0.049078 0.415545 0
0.034191 0.312614 0
163 3
0.076609 0.300123 0
0.084659 0.374726 0
0.034191 0.312614 0
164 3
0.149706 0.581117 0
0.112821 0.587952 0
0.149858 0.543479 0
165 3
0.146989 0.609604 0
0.112821 0.587952 0
0.149706 0.581117 0
166 3
0.318048 0.419667 0
0.452949 0.502401 0
0.380394 0.296839 0
167 3
0.287286 0.316455 0
0.318048 0.419667 0
0.380394 0.296839 0
168 3
0.161814 0.159996 0
0.076609 0.300123 0
0.053914 0.155785 0
169 3
0.154331 0.409817 0
0.123646 0.418629 0
0.153885 0.382255 0
170 3
0.076609 0.300123 0
0.034191 0.312614 0
0.053914 0.155785 0
171 3
0.373049 0.569560 0
0.318048 0.419667 0
0.288155 0.543519 0
172 3
0.003754 0.419581 0
0.049078 0.415545 0
0.032746 0.543905 0
173 3
0.049078 0.415545 0
0.084304 0.440137 0
0.032746 0.543905 0
174 3
0.084304 0.440137 0
0.084659 0.374726 0
0.123646 0.418629 0
175 3
0.049078 0.415545 0
0.084659 0.374726 0
0.084304 0.440137 0
176 3
0.224447 0.950201 0
0.197237 0.986529 0
0.260988 0.972439 0
177 3
0.084304 0.440137 0
0.123646 0.418629 0
0.125227 0.509780 0
178 3
0.084304 0.440137 0
0.125227 0.509780 0
0.032746 0.543905 0
179 3
0.032746 0.543905 0
0.125227 0.509780 0
0.112821 0.587952 0
180 3
0.112821 0.587952 0
0.072928 0.767328 0
0.032746 0.543905 0
181 3
0.154293 0.486958 0
0.125227 0.509780 0
0.154331 0.409817 0
182 3
0.125227 0.509780 0
0.149858 0.543479 0
0.112821 0.587952 0
183 3
0.154293 0.486958 0
0.149858 0.543479 0
0.125227 0.509780 0
184 3
0.125227 0.509780 0
0.123646 0.418629 0
0.154331 0.409817 0
185 3
0.888994 0.984939 0
0.889107 0.985445 0
0.726474 0.985445 0
186 3
0.601846 0.985064 0
0.425557 0.987115 0
0.600520 0.985554 0
187 3
0.425557 0.987115 0
0.416340 0.985929 0
0.600520 0.985554 0
188 3
0.425557 0.987115 0
0.369951 0.987659 0
0.416340 0.985929 0
189 3
0.197237 0.986529 0
0.197237 0.986529 0
0.260988 0.972439 0
190 3
0.260988 0.972439 0
0.197237 0.986529 0
0.260988 0.972439 0
191 3
0.260988 0.972439 0
0.260988 0.972439 0
0.335254 0.945104 0
192 3
0.260988 0.972439 0
0.335254 0.945104 0
0.335254 0.945104 0
193 3
0.369951 0.987659 0
0.335254 0.945104 0
0.335254 0.945104 0
194 3
0.369951 0.987659 0
0.335254 0.945104 0
0.369951 0.987659 0
195 3
0.425557 0.987115 0
0.369951 0.987659 0
0.369951 0.987659 0
196 3
0.889138 0.187957 0
0.726541 0.072979 0
0.726461 0.187957 0
197 3
0.889138 0.187957 0
0.889105 0.072979 0
0.726541 0.072979 0
198 3
0.768997 0.046581 0
0.726209 0.242250 0
0.683421 0.046581 0
199 3
0.889105 0.072979 0
0.889053 0.013197 0
0.726668 0.013197 0
200 3
0.889105 0.072979 0
0.726668 0.013197 0
0.726541 0.072979 0
201 3
0.889143 0.298785 0
0.726461 0.187957 0
0.726447 0.298785 0
202 3
0.889143 0.298785 0
0.889138 0.187957 0
0.726461 0.187957 0
203 3
0.889137 0.465882 0
0.726447 0.298785 0
0.726447 0.465882 0
204 3
0.889137 0.465882 0
0.889143 0.298785 0
0.726447 0.298785 0
205 3
0.889133 0.572879 0
0.726447 0.465882 0
0.726455 0.572879 0
206 3
0.889133 0.572879 0
0.889137 0.465882 0
0.726447 0.465882 0
207 3
0.889123 0.659472 0
0.726455 0.572879 0
0.726472 0.659472 0
208 3
0.889123 0.659472 0
0.889133 0.572879 0
0.726455 0.572879 0
209 3
0.889127 0.772478 0
0.726472 0.659472 0
0.726463 0.772478 0
210 3
0.889127 0.772478 0
0.889123 0.659472 0
0.726472 0.659472 0
211 3
0.889107 0.985445 0
0.726463 0.772478 0
0.726474 0.985445 0
212 3
0.889107 0.985445 0
0.889127 0.772478 0
0.726463 0.772478 0
213 3
0.601846 0.985064 0
0.600520 0.985554 0
0.727034 0.986371 0
214 3
0.161814 0.159996 0
0.161814 0.071650 0
0.248060 0.068645 0
215 3
0.149706 0.581117 0
0.182103 0.543479 0
0.182255 0.581117 0
216 3
0.149706 0.581117 0
0.149858 0.543479 0
0.182103 0.543479 0
217 3
0.146989 0.609604 0
0.182255 0.581117 0
0.184972 0.609604 0
218 3
0.149706 0.581117 0
0.182255 0.581117 0
0.146989 0.609604 0
219 3
0.143227 0.315428 0
0.161814 0.159996 0
0.184567 0.315428 0
220 3
0.153885 0.382255 0
0.184567 0.315428 0
0.178076 0.382255 0
221 3
0.153885 0.382255 0
0.143227 0.315428 0
0.184567 0.315428 0
222 3
0.154331 0.409817 0
0.178076 0.382255 0
0.177630 0.409817 0
223 3
0.153885 0.382255 0
0.178076 0.382255 0
0.154331 0.409817 0
224 3
0.184972 0.609604 0
0.199340 0.793473 0
0.124287 0.793473 0
225 3
0.146989 0.609604 0
0.184972 0.609604 0
0.124287 0.793473 0
226 3
0.177668 0.486958 0
0.182103 0.543479 0
0.149858 0.543479 0
227 3
0.154293 0.486958 0
0.177668 0.486958 0
0.149858 0.543479 0
228 3
0.177630 0.409817 0
0.177668 0.486958 0
0.154293 0.486958 0
229 3
0.154331 0.409817 0
0.177630 0.409817 0
0.154293 0.486958 0
230 3
0.600520 0.985554 0
0.596116 0.773776 0
0.727034 0.986371 0
231 3
0.596116 0.773776 0
0.727024 0.771635 0
0.727034 0.986371 0
232 3
0.596116 0.773776 0
0.727065 0.657306 0
0.727024 0.771635 0
233 3
0.725059 0.188044 0
0.601347 0.072543 0
0.727013 0.071306 0
234 3
0.614455 0.185250 0
0.601347 0.072543 0
0.725059 0.188044 0
235 3
0.614455 0.185250 0
0.486112 0.077314 0
0.601347 0.072543 0
236 3
0.495027 0.183096 0
0.486112 0.077314 0
0.614455 0.185250 0
237 3
0.495027 0.183096 0
0.397603 0.073530 0
0.486112 0.077314 0
238 3
0.374805 0.185599 0
0.397603 0.073530 0
0.495027 0.183096 0
239 3
0.541651 0.515413 0
0.622222 0.291427 0
0.620819 0.459887 0
240 3
0.541651 0.515413 0
0.515486 0.438162 0
0.622222 0.291427 0
241 3
0.515486 0.438162 0
0.505089 0.281613 0
0.622222 0.291427 0
242 3
0.472405 0.440583 0
0.505089 0.281613 0
0.515486 0.438162 0
243 3
0.472405 0.440583 0
0.380393 0.296839 0
0.505089 0.281613 0
244 3
0.612853 0.569233 0
0.725125 0.465614 0
0.725071 0.571802 0
245 3
0.612853 0.569233 0
0.725071 0.571802 0
0.727065 0.657306 0
246 3
0.369951 0.987659 0
0.335254 0.945104 0
0.416340 0.985929 0
247 3
0.335254 0.945104 0
0.384301 0.868213 0
0.416340 0.985929 0
248 3
0.380393 0.296839 0
0.472405 0.440583 0
0.452949 0.502401 0
249 3
0.486112 0.077314 0
0.409385 0.009435 0
0.460237 0.010778 0
250 3
0.397603 0.073530 0
0.409385 0.009435 0
0.486112 0.077314 0
251 3
0.380393 0.296839 0
0.374805 0.185599 0
0.495027 0.183096 0
252 3
0.505089 0.281613 0
0.380393 0.296839 0
0.495027 0.183096 0
253 3
0.850767 0.249904 0
0.726209 0.242250 0
0.847212 0.163612 0
254 3
0.620819 0.459887 0
0.725125 0.299547 0
0.725125 0.465614 0
255 3
0.620819 0.459887 0
0.622222 0.291427 0
0.725125 0.299547 0
256 3
0.725125 0.299547 0
0.614455 0.185250 0
0.725059 0.188044 0
257 3
0.725125 0.299547 0
0.622222 0.291427 0
0.614455 0.185250 0
258 3
0.727013 0.071306 0
0.579115 0.013759 0
0.726843 0.012190 0
259 3
0.727013 0.071306 0
0.601347 0.072543 0
0.579115 0.013759 0
260 3
0.824196 0.098255 0
0.726209 0.242250 0
0.768997 0.046581 0
261 3
0.384301 0.868213 0
0.353190 0.818760 0
0.418234 0.774057 0
262 3
0.384301 0.868213 0
0.418234 0.774057 0
0.455654 0.774456 0
263 3
0.847212 0.163612 0
0.726209 0.242250 0
0.824196 0.098255 0
264 3
0.838068 0.369783 0
0.726209 0.242250 0
0.850767 0.249904 0
265 3
0.161814 0.159996 0
0.248060 0.068645 0
0.269713 0.155785 0
266 3
0.384301 0.868213 0
0.455654 0.774456 0
0.416340 0.985929 0
267 3
0.505089 0.281613 0
0.614455 0.185250 0
0.622222 0.291427 0
268 3
0.505089 0.281613 0
0.495027 0.183096 0
0.614455 0.185250 0
269 3
0.247486 0.068450 0
0.397603 0.073530 0
0.374805 0.185599 0
270 3
0.349158 0.010403 0
0.409385 0.009435 0
0.397603 0.073530 0
271 3
0.397603 0.073530 0
0.247486 0.068450 0
0.349158 0.010403 0
272 3
0.486112 0.077314 0
0.579115 0.013759 0
0.601347 0.072543 0
273 3
0.486112 0.077314 0
0.460237 0.010778 0
0.579115 0.013759 0
274 3
0.204149 0.418629 0
0.178076 0.382255 0
0.184567 0.315428 0
275 3
0.238968 0.374726 0
0.184567 0.315428 0
0.250257 0.300123 0
276 3
0.204149 0.418629 0
0.184567 0.315428 0
0.238968 0.374726 0
277 3
0.278716 0.415545 0
0.287353 0.312614 0
0.317791 0.419581 0
278 3
0.238968 0.374726 0
0.287353 0.312614 0
0.278716 0.415545 0
279 3
0.250257 0.300123 0
0.287353 0.312614 0
0.238968 0.374726 0
280 3
0.182255 0.581117 0
0.182103 0.543479 0
0.210806 0.587952 0
281 3
0.184972 0.609604 0
0.182255 0.581117 0
0.210806 0.587952 0
282 3
0.318048 0.419667 0
0.380393 0.296839 0
0.452949 0.502401 0
283 3
0.287286 0.316455 0
0.380393 0.296839 0
0.318048 0.419667 0
284 3
0.161814 0.159996 0
0.250257 0.300123 0
0.184567 0.315428 0
285 3
0.177630 0.409817 0
0.178076 0.382255 0
0.204149 0.418629 0
286 3
0.250257 0.300123 0
0.269713 0.155785 0
0.287353 0.312614 0
287 3
0.373049 0.569560 0
0.288155 0.543519 0
0.318048 0.419667 0
288 3
0.317791 0.419581 0
0.288798 0.543905 0
0.278716 0.415545 0
289 3
0.278716 0.415545 0
0.288798 0.543905 0
0.239323 0.440137 0
290 3
0.239323 0.440137 0
0.204149 0.418629 0
0.238968 0.374726 0
291 3
0.278716 0.415545 0
0.239323 0.440137 0
0.238968 0.374726 0
292 3
0.224447 0.950201 0
0.260988 0.972439 0
0.197237 0.986529 0
293 3
0.239323 0.440137 0
0.202567 0.509780 0
0.204149 0.418629 0
294 3
0.239323 0.440137 0
0.288798 0.543905 0
0.202567 0.509780 0
295 3
0.288798 0.543905 0
0.210806 0.587952 0
0.202567 0.509780 0
296 3
0.210806 0.587952 0
0.288798 0.543905 0
0.247454 0.767328 0
297 3
0.353190 0.818760 0
0.288155 0.543519 0
0.373049 0.569560 0
298 3
0.177668 0.486958 0
0.177630 0.409817 0
0.202567 0.509780 0
299 3
0.202567 0.509780 0
0.210806 0.587952 0
0.182103 0.543479 0
300 3
0.177668 0.486958 0
0.202567 0.509780 0
0.182103 0.543479 0
301 3
0.202567 0.509780 0
0.177630 0.409817 0
0.204149 0.418629 0
4
0.000000 0.000000 0.000000
0.000000 0.000000 0.000000
0.000000 0.000000 0.000000
1.000000 1.000000 1.000000
