2
1
hf_reflect
MIDWAY\NBAonNBC\NbaPlayer\BODY_reflction_Lwo\hd_amour.tga
45
0 3
0.196597 0.621281 0
0.156576 0.395724 0
0.301857 0.533780 0
1 3
0.154310 0.580847 0
0.156576 0.395724 0
0.196597 0.621281 0
2 3
0.012273 0.533780 0
0.156576 0.395724 0
0.104931 0.621281 0
3 3
0.154310 0.580847 0
0.104931 0.621281 0
0.156576 0.395724 0
4 3
0.298621 0.031075 0
0.271723 0.319057 0
0.537041 0.031075 0
5 3
0.537041 0.031075 0
0.494128 0.004950 0
0.298621 0.031075 0
6 3
0.537041 0.031075 0
0.271723 0.319057 0
0.298621 0.031075 0
7 3
0.537041 0.031075 0
0.298621 0.031075 0
0.494128 0.004950 0
8 3
0.038389 0.319057 0
0.156576 0.395724 0
0.012273 0.533780 0
9 3
0.071538 0.972950 0
0.012273 0.533780 0
0.104931 0.621281 0
10 3
0.537041 0.717671 0
0.537041 0.031075 0
0.301857 0.533780 0
11 3
0.537041 0.717671 0
0.301857 0.533780 0
0.242371 0.972950 0
12 3
0.271723 0.319057 0
0.301857 0.533780 0
0.537041 0.031075 0
13 3
0.301857 0.533780 0
0.156576 0.395724 0
0.271723 0.319057 0
14 3
0.242371 0.972950 0
0.196597 0.621281 0
0.301857 0.533780 0
15 3
0.271723 0.319057 0
0.537041 0.031075 0
0.301857 0.533780 0
16 3
0.301857 0.533780 0
0.537041 0.031075 0
0.537041 0.717671 0
17 3
0.537041 0.717671 0
0.242371 0.972950 0
0.301857 0.533780 0
18 3
0.154310 0.580847 0
0.196597 0.621281 0
0.104931 0.621281 0
19 3
0.242371 0.972950 0
0.071538 0.972950 0
0.104931 0.621281 0
20 3
0.104931 0.621281 0
0.196597 0.621281 0
0.242371 0.972950 0
21 3
0.271723 0.319057 0
0.156576 0.395724 0
0.038389 0.319057 0
22 3
0.596062 0.995050 0
0.537041 0.717671 0
0.408052 0.928228 0
23 3
0.408052 0.928228 0
0.458461 0.995050 0
0.596062 0.995050 0
24 3
0.458461 0.995050 0
0.408052 0.928228 0
0.408052 0.928228 0
25 3
0.408052 0.928228 0
0.458461 0.995050 0
0.458461 0.995050 0
26 3
0.408052 0.928228 0
0.537041 0.717671 0
0.596062 0.995050 0
27 3
0.408052 0.928228 0
0.596062 0.995050 0
0.458461 0.995050 0
28 3
0.537041 0.717671 0
0.870084 0.717671 0
0.871300 0.995050 0
29 3
0.871300 0.995050 0
0.596062 0.995050 0
0.537041 0.717671 0
30 3
0.871300 0.995050 0
0.870084 0.717671 0
0.537041 0.717671 0
31 3
0.537041 0.717671 0
0.596062 0.995050 0
0.871300 0.995050 0
32 3
0.242371 0.972950 0
0.408052 0.928228 0
0.537041 0.717671 0
33 3
0.408052 0.928228 0
0.242371 0.972950 0
0.242371 0.972950 0
34 3
0.242371 0.972950 0
0.408052 0.928228 0
0.408052 0.928228 0
35 3
0.242371 0.972950 0
0.537041 0.717671 0
0.408052 0.928228 0
36 3
0.537041 0.717671 0
0.537041 0.031075 0
0.871705 0.402668 0
37 3
0.871705 0.402668 0
0.870084 0.717671 0
0.537041 0.717671 0
38 3
0.871705 0.402668 0
0.537041 0.031075 0
0.537041 0.717671 0
39 3
0.871705 0.402668 0
0.537041 0.717671 0
0.870084 0.717671 0
40 3
0.537041 0.031075 0
0.494128 0.004950 0
0.869679 0.030515 0
41 3
0.869679 0.030515 0
0.871705 0.402668 0
0.537041 0.031075 0
42 3
0.869679 0.030515 0
0.494128 0.004950 0
0.537041 0.031075 0
43 3
0.869679 0.030515 0
0.537041 0.031075 0
0.871705 0.402668 0
44 3
0.159038 0.031075 0
0.271723 0.319057 0
0.038389 0.319057 0
4
0.000000 0.000000 0.000000
0.000000 0.000000 0.000000
0.000000 0.000000 0.000000
1.000000 1.000000 1.000000
