2
1
hd_gpayt
MIDWAY\NBAonNBC\NbaPlayer\Pose3\hd_gpayt.tga
313
0 3
0.380829 0.572555 0
0.474871 0.459575 0
0.372526 0.312036 0
1 3
0.372526 0.312036 0
0.474871 0.459575 0
0.380829 0.572555 0
2 3
0.372526 0.312036 0
0.285475 0.449008 0
0.380829 0.572555 0
3 3
0.380829 0.572555 0
0.285475 0.449008 0
0.372526 0.312036 0
4 3
0.782578 0.505522 0
0.671791 0.517026 0
0.624992 0.742605 0
5 3
0.624992 0.742605 0
0.671791 0.517026 0
0.782578 0.505522 0
6 3
0.782882 0.744306 0
0.782578 0.505522 0
0.624992 0.742605 0
7 3
0.883990 0.742248 0
0.884005 0.506129 0
0.781998 0.506129 0
8 3
0.883990 0.742248 0
0.781998 0.506129 0
0.782007 0.742248 0
9 3
0.782882 0.744306 0
0.624992 0.742605 0
0.782578 0.505522 0
10 3
0.226927 0.954046 0
0.355780 0.973365 0
0.423788 0.902139 0
11 3
0.226927 0.954046 0
0.390705 0.860168 0
0.423788 0.902139 0
12 3
0.226927 0.954046 0
0.423788 0.902139 0
0.390705 0.860168 0
13 3
0.226927 0.954046 0
0.423788 0.902139 0
0.355780 0.973365 0
14 3
0.226927 0.954046 0
0.183779 0.993978 0
0.355780 0.973365 0
15 3
0.355780 0.973365 0
0.183779 0.993978 0
0.226927 0.954046 0
16 3
0.380829 0.572555 0
0.390705 0.860168 0
0.438546 0.775077 0
17 3
0.380829 0.572555 0
0.438546 0.775077 0
0.441620 0.712553 0
18 3
0.380829 0.572555 0
0.441620 0.712553 0
0.440957 0.638359 0
19 3
0.438546 0.775077 0
0.390705 0.860168 0
0.380829 0.572555 0
20 3
0.380829 0.572555 0
0.440957 0.638359 0
0.441620 0.712553 0
21 3
0.380829 0.572555 0
0.441620 0.712553 0
0.438546 0.775077 0
22 3
0.503737 0.415656 0
0.516266 0.300832 0
0.372526 0.312036 0
23 3
0.503737 0.415656 0
0.372526 0.312036 0
0.516266 0.300832 0
24 3
0.372526 0.312036 0
0.474871 0.459575 0
0.503737 0.415656 0
25 3
0.372526 0.312036 0
0.503737 0.415656 0
0.474871 0.459575 0
26 3
0.390705 0.860168 0
0.380829 0.572555 0
0.287390 0.592671 0
27 3
0.390705 0.860168 0
0.256118 0.783554 0
0.287390 0.592671 0
28 3
0.390705 0.860168 0
0.287390 0.592671 0
0.256118 0.783554 0
29 3
0.390705 0.860168 0
0.287390 0.592671 0
0.380829 0.572555 0
30 3
0.241540 0.167059 0
0.181745 0.308659 0
0.150204 0.173735 0
31 3
0.241540 0.167059 0
0.150204 0.173735 0
0.150734 0.062568 0
32 3
0.111371 0.308659 0
0.063394 0.305750 0
0.042786 0.167059 0
33 3
0.181745 0.308659 0
0.241540 0.167059 0
0.227224 0.305750 0
34 3
0.111371 0.308659 0
0.042786 0.167059 0
0.150204 0.173735 0
35 3
0.390705 0.860168 0
0.256118 0.783554 0
0.241523 0.890357 0
36 3
0.390705 0.860168 0
0.241523 0.890357 0
0.256118 0.783554 0
37 3
0.042786 0.167059 0
0.055076 0.064004 0
0.150734 0.062568 0
38 3
0.241540 0.167059 0
0.150734 0.062568 0
0.235269 0.064004 0
39 3
0.042786 0.167059 0
0.150734 0.062568 0
0.150204 0.173735 0
40 3
0.115101 0.953824 0
0.063446 0.955185 0
0.047560 0.892871 0
41 3
0.241523 0.892871 0
0.226926 0.955185 0
0.179856 0.953824 0
42 3
0.116724 0.868103 0
0.115101 0.953824 0
0.047560 0.892871 0
43 3
0.178234 0.868209 0
0.241523 0.892871 0
0.179856 0.953824 0
44 3
0.441620 0.712553 0
0.438546 0.775077 0
0.486257 0.772191 0
45 3
0.441620 0.712553 0
0.486257 0.772191 0
0.494823 0.710219 0
46 3
0.441620 0.712553 0
0.494823 0.710219 0
0.486257 0.772191 0
47 3
0.441620 0.712553 0
0.486257 0.772191 0
0.438546 0.775077 0
48 3
0.077068 0.789454 0
0.095633 0.645943 0
0.114330 0.738858 0
49 3
0.114330 0.738858 0
0.118998 0.783265 0
0.077068 0.789454 0
50 3
0.176161 0.738858 0
0.189166 0.645943 0
0.216047 0.790141 0
51 3
0.216047 0.790141 0
0.171707 0.783230 0
0.176161 0.738858 0
52 3
0.118998 0.783265 0
0.114330 0.738858 0
0.176161 0.738858 0
53 3
0.118998 0.783265 0
0.176161 0.738858 0
0.171707 0.783230 0
54 3
0.114330 0.738858 0
0.122989 0.661043 0
0.161632 0.661043 0
55 3
0.161632 0.661043 0
0.176161 0.738858 0
0.114330 0.738858 0
56 3
0.189166 0.645943 0
0.176161 0.738858 0
0.161632 0.661043 0
57 3
0.122989 0.661043 0
0.114330 0.738858 0
0.095633 0.645943 0
58 3
0.116724 0.868103 0
0.178234 0.868209 0
0.179856 0.953824 0
59 3
0.116724 0.868103 0
0.179856 0.953824 0
0.115101 0.953824 0
60 3
0.355780 0.973365 0
0.355780 0.973365 0
0.183779 0.993978 0
61 3
0.355780 0.973365 0
0.183779 0.993978 0
0.183779 0.993978 0
62 3
0.113062 0.995050 0
0.115101 0.953824 0
0.179856 0.953824 0
63 3
0.113062 0.995050 0
0.179856 0.953824 0
0.182645 0.995050 0
64 3
0.063446 0.955185 0
0.115101 0.953824 0
0.113062 0.995050 0
65 3
0.226926 0.955185 0
0.182645 0.995050 0
0.179856 0.953824 0
66 3
0.516266 0.300832 0
0.547485 0.417218 0
0.671921 0.409654 0
67 3
0.516266 0.300832 0
0.671499 0.277405 0
0.671921 0.409654 0
68 3
0.547485 0.417218 0
0.572692 0.486390 0
0.671921 0.409654 0
69 3
0.671921 0.409654 0
0.572692 0.486390 0
0.547485 0.417218 0
70 3
0.624965 0.991183 0
0.782982 0.991252 0
0.782882 0.744306 0
71 3
0.624965 0.991183 0
0.624992 0.742605 0
0.782882 0.744306 0
72 3
0.624965 0.991183 0
0.782882 0.744306 0
0.624992 0.742605 0
73 3
0.624965 0.991183 0
0.782882 0.744306 0
0.782982 0.991252 0
74 3
0.241540 0.166608 0
0.372526 0.312036 0
0.368495 0.157238 0
75 3
0.241540 0.166608 0
0.368495 0.157238 0
0.366744 0.062896 0
76 3
0.241540 0.166608 0
0.366744 0.062896 0
0.368495 0.157238 0
77 3
0.241540 0.166608 0
0.368495 0.157238 0
0.372526 0.312036 0
78 3
0.526942 0.426179 0
0.440957 0.638359 0
0.461455 0.690263 0
79 3
0.526942 0.426179 0
0.493075 0.679278 0
0.461455 0.690263 0
80 3
0.526942 0.426179 0
0.461455 0.690263 0
0.493075 0.679278 0
81 3
0.526942 0.426179 0
0.461455 0.690263 0
0.440957 0.638359 0
82 3
0.526942 0.426179 0
0.474871 0.459575 0
0.440957 0.638359 0
83 3
0.440957 0.638359 0
0.474871 0.459575 0
0.526942 0.426179 0
84 3
0.550654 0.618041 0
0.494823 0.710219 0
0.624992 0.742605 0
85 3
0.624992 0.742605 0
0.671791 0.517026 0
0.550654 0.618041 0
86 3
0.624992 0.742605 0
0.494823 0.710219 0
0.550654 0.618041 0
87 3
0.550654 0.618041 0
0.671791 0.517026 0
0.624992 0.742605 0
88 3
0.178234 0.868209 0
0.179141 0.845132 0
0.216047 0.790141 0
89 3
0.241523 0.892871 0
0.178234 0.868209 0
0.216047 0.790141 0
90 3
0.179141 0.845132 0
0.178234 0.868209 0
0.116724 0.868103 0
91 3
0.179141 0.845132 0
0.116724 0.868103 0
0.115818 0.845125 0
92 3
0.179141 0.845132 0
0.115818 0.845125 0
0.146437 0.782523 0
93 3
0.115818 0.845125 0
0.118967 0.782377 0
0.146437 0.782523 0
94 3
0.077068 0.789454 0
0.115818 0.845125 0
0.116724 0.868103 0
95 3
0.179141 0.845132 0
0.146437 0.782523 0
0.171737 0.782381 0
96 3
0.179141 0.845132 0
0.171737 0.782381 0
0.216047 0.790141 0
97 3
0.077068 0.789454 0
0.118967 0.782377 0
0.115818 0.845125 0
98 3
0.047560 0.892871 0
0.077068 0.789454 0
0.116724 0.868103 0
99 3
0.007667 0.593880 0
0.095633 0.645943 0
0.032446 0.784789 0
100 3
0.256117 0.784789 0
0.189166 0.645943 0
0.287390 0.593880 0
101 3
0.216047 0.790141 0
0.189166 0.645943 0
0.256117 0.784789 0
102 3
0.077068 0.789454 0
0.047560 0.892871 0
0.032446 0.784789 0
103 3
0.077068 0.789454 0
0.032446 0.784789 0
0.095633 0.645943 0
104 3
0.216047 0.790141 0
0.256117 0.784789 0
0.241523 0.892871 0
105 3
0.042650 0.447302 0
0.051419 0.414479 0
0.076227 0.412710 0
106 3
0.026154 0.313280 0
0.051419 0.414479 0
0.042650 0.447302 0
107 3
0.076227 0.412710 0
0.051419 0.414479 0
0.026154 0.313280 0
108 3
0.219714 0.412710 0
0.243611 0.414479 0
0.253205 0.447302 0
109 3
0.261558 0.313280 0
0.243611 0.414479 0
0.219714 0.412710 0
110 3
0.253205 0.447302 0
0.243611 0.414479 0
0.261558 0.313280 0
111 3
0.366744 0.062896 0
0.235268 0.062647 0
0.241540 0.166608 0
112 3
0.241540 0.166608 0
0.235268 0.062647 0
0.366744 0.062896 0
113 3
0.368495 0.157238 0
0.372526 0.312036 0
0.516266 0.300832 0
114 3
0.516266 0.300832 0
0.516520 0.153679 0
0.368495 0.157238 0
115 3
0.516266 0.300832 0
0.372526 0.312036 0
0.368495 0.157238 0
116 3
0.368495 0.157238 0
0.516520 0.153679 0
0.516266 0.300832 0
117 3
0.486257 0.772191 0
0.458047 0.992461 0
0.624965 0.991183 0
118 3
0.624965 0.991183 0
0.624992 0.742605 0
0.486257 0.772191 0
119 3
0.624965 0.991183 0
0.458047 0.992461 0
0.486257 0.772191 0
120 3
0.486257 0.772191 0
0.624992 0.742605 0
0.624965 0.991183 0
121 3
0.526942 0.426179 0
0.493075 0.679278 0
0.532807 0.616636 0
122 3
0.532807 0.616636 0
0.558496 0.481551 0
0.526942 0.426179 0
123 3
0.526942 0.426179 0
0.558496 0.481551 0
0.532807 0.616636 0
124 3
0.526942 0.426179 0
0.532807 0.616636 0
0.493075 0.679278 0
125 3
0.494823 0.710219 0
0.486257 0.772191 0
0.624992 0.742605 0
126 3
0.494823 0.710219 0
0.624992 0.742605 0
0.486257 0.772191 0
127 3
0.226927 0.954046 0
0.390705 0.860168 0
0.241523 0.890357 0
128 3
0.226927 0.954046 0
0.241523 0.890357 0
0.390705 0.860168 0
129 3
0.615969 0.992923 0
0.624965 0.991183 0
0.469042 0.992827 0
130 3
0.469042 0.992827 0
0.624965 0.991183 0
0.458047 0.992461 0
131 3
0.469042 0.992827 0
0.458047 0.992461 0
0.394892 0.992768 0
132 3
0.615969 0.992923 0
0.782982 0.991252 0
0.624965 0.991183 0
133 3
0.150734 0.062568 0
0.055076 0.064004 0
0.150452 0.006620 0
134 3
0.781384 0.151911 0
0.783276 0.062716 0
0.672678 0.063707 0
135 3
0.671438 0.151605 0
0.781384 0.151911 0
0.672678 0.063707 0
136 3
0.671438 0.151605 0
0.672678 0.063707 0
0.515045 0.063205 0
137 3
0.516520 0.153679 0
0.671438 0.151605 0
0.515045 0.063205 0
138 3
0.516520 0.153679 0
0.515045 0.063205 0
0.366744 0.062896 0
139 3
0.368495 0.157238 0
0.516520 0.153679 0
0.366744 0.062896 0
140 3
0.516266 0.300832 0
0.671921 0.409654 0
0.671499 0.277405 0
141 3
0.503737 0.415656 0
0.547485 0.417218 0
0.516266 0.300832 0
142 3
0.671791 0.517026 0
0.782578 0.505522 0
0.782271 0.397627 0
143 3
0.671791 0.517026 0
0.782271 0.397627 0
0.671921 0.409654 0
144 3
0.550654 0.618041 0
0.671791 0.517026 0
0.671921 0.409654 0
145 3
0.550654 0.618041 0
0.671921 0.409654 0
0.572692 0.486390 0
146 3
0.394892 0.992768 0
0.458047 0.992461 0
0.355780 0.973365 0
147 3
0.355780 0.973365 0
0.458047 0.992461 0
0.423788 0.902139 0
148 3
0.515045 0.063205 0
0.516529 0.006027 0
0.433803 0.006002 0
149 3
0.366744 0.062896 0
0.515045 0.063205 0
0.433803 0.006002 0
150 3
0.671921 0.409654 0
0.782271 0.397627 0
0.782417 0.269851 0
151 3
0.671921 0.409654 0
0.782417 0.269851 0
0.671499 0.277405 0
152 3
0.782417 0.269851 0
0.781384 0.151911 0
0.671438 0.151605 0
153 3
0.782417 0.269851 0
0.671438 0.151605 0
0.671499 0.277405 0
154 3
0.783276 0.062716 0
0.783027 0.004951 0
0.672242 0.005719 0
155 3
0.783276 0.062716 0
0.672242 0.005719 0
0.672678 0.063707 0
156 3
0.423788 0.902139 0
0.438546 0.775077 0
0.390705 0.860168 0
157 3
0.423788 0.902139 0
0.486257 0.772191 0
0.438546 0.775077 0
158 3
0.423788 0.902139 0
0.458047 0.992461 0
0.486257 0.772191 0
159 3
0.516266 0.300832 0
0.671499 0.277405 0
0.671438 0.151605 0
160 3
0.516266 0.300832 0
0.671438 0.151605 0
0.516520 0.153679 0
161 3
0.263025 0.004469 0
0.366744 0.062896 0
0.433803 0.006002 0
162 3
0.150452 0.006620 0
0.055076 0.064004 0
0.028154 0.004951 0
163 3
0.366744 0.062896 0
0.263025 0.004469 0
0.235268 0.062647 0
164 3
0.515045 0.063205 0
0.672678 0.063707 0
0.672242 0.005719 0
165 3
0.515045 0.063205 0
0.672242 0.005719 0
0.516529 0.006027 0
166 3
0.380829 0.572555 0
0.440957 0.638359 0
0.474871 0.459575 0
167 3
0.104090 0.448703 0
0.111371 0.308659 0
0.130206 0.378168 0
168 3
0.076227 0.412710 0
0.063394 0.305750 0
0.111371 0.308659 0
169 3
0.104090 0.448703 0
0.076227 0.412710 0
0.111371 0.308659 0
170 3
0.042650 0.447302 0
0.006478 0.446811 0
0.026154 0.313280 0
171 3
0.063394 0.305750 0
0.076227 0.412710 0
0.026154 0.313280 0
172 3
0.123727 0.627230 0
0.095633 0.645943 0
0.123995 0.581269 0
173 3
0.122989 0.661043 0
0.095633 0.645943 0
0.123727 0.627230 0
174 3
0.262688 0.312564 0
0.372526 0.312036 0
0.241540 0.166608 0
175 3
0.262688 0.312564 0
0.285475 0.449008 0
0.372526 0.312036 0
176 3
0.130930 0.418137 0
0.104090 0.448703 0
0.130206 0.378168 0
177 3
0.063394 0.305750 0
0.026154 0.313280 0
0.042786 0.167059 0
178 3
0.380829 0.572555 0
0.285475 0.449008 0
0.287390 0.592671 0
179 3
0.006478 0.446811 0
0.042650 0.447302 0
0.007667 0.593880 0
180 3
0.042650 0.447302 0
0.075841 0.479838 0
0.007667 0.593880 0
181 3
0.075841 0.479838 0
0.076227 0.412710 0
0.104090 0.448703 0
182 3
0.042650 0.447302 0
0.076227 0.412710 0
0.075841 0.479838 0
183 3
0.075841 0.479838 0
0.104090 0.448703 0
0.096679 0.593499 0
184 3
0.075841 0.479838 0
0.096679 0.593499 0
0.007667 0.593880 0
185 3
0.007667 0.593880 0
0.096679 0.593499 0
0.095633 0.645943 0
186 3
0.128675 0.503020 0
0.096679 0.593499 0
0.130930 0.418137 0
187 3
0.096679 0.593499 0
0.123995 0.581269 0
0.095633 0.645943 0
188 3
0.128675 0.503020 0
0.123995 0.581269 0
0.096679 0.593499 0
189 3
0.096679 0.593499 0
0.104090 0.448703 0
0.130930 0.418137 0
190 3
0.833333 0.992827 0
0.884016 0.991487 0
0.781991 0.991487 0
191 3
0.615969 0.992923 0
0.469042 0.992827 0
0.624965 0.991183 0
192 3
0.469042 0.992827 0
0.458047 0.992461 0
0.624965 0.991183 0
193 3
0.469042 0.992827 0
0.394892 0.992768 0
0.458047 0.992461 0
194 3
0.394892 0.992768 0
0.355780 0.973365 0
0.355780 0.973365 0
195 3
0.394892 0.992768 0
0.355780 0.973365 0
0.394892 0.992768 0
196 3
0.469042 0.992827 0
0.394892 0.992768 0
0.394892 0.992768 0
197 3
0.884078 0.151968 0
0.782154 0.063862 0
0.781955 0.151968 0
198 3
0.884078 0.151968 0
0.883739 0.063862 0
0.782154 0.063862 0
199 3
0.883739 0.063862 0
0.883296 0.004951 0
0.782414 0.004951 0
200 3
0.883739 0.063862 0
0.782414 0.004951 0
0.782154 0.063862 0
201 3
0.884154 0.269250 0
0.781955 0.151968 0
0.781910 0.269250 0
202 3
0.884154 0.269250 0
0.884078 0.151968 0
0.781955 0.151968 0
203 3
0.884107 0.398992 0
0.781910 0.269250 0
0.781937 0.398992 0
204 3
0.884107 0.398992 0
0.884154 0.269250 0
0.781910 0.269250 0
205 3
0.884005 0.506129 0
0.781937 0.398992 0
0.781998 0.506129 0
206 3
0.884005 0.506129 0
0.884107 0.398992 0
0.781937 0.398992 0
207 3
0.884016 0.991487 0
0.782007 0.742248 0
0.781991 0.991487 0
208 3
0.884016 0.991487 0
0.883990 0.742248 0
0.782007 0.742248 0
209 3
0.615969 0.992923 0
0.624965 0.991183 0
0.782982 0.991252 0
210 3
0.150734 0.062568 0
0.150452 0.006620 0
0.235269 0.064004 0
211 3
0.123727 0.627230 0
0.160626 0.581269 0
0.160894 0.627230 0
212 3
0.123727 0.627230 0
0.123995 0.581269 0
0.160626 0.581269 0
213 3
0.122989 0.661043 0
0.160894 0.627230 0
0.161632 0.661043 0
214 3
0.123727 0.627230 0
0.160894 0.627230 0
0.122989 0.661043 0
215 3
0.111371 0.308659 0
0.150204 0.173735 0
0.181745 0.308659 0
216 3
0.130206 0.378168 0
0.181745 0.308659 0
0.158744 0.378168 0
217 3
0.130206 0.378168 0
0.111371 0.308659 0
0.181745 0.308659 0
218 3
0.130930 0.418137 0
0.158744 0.378168 0
0.158019 0.418137 0
219 3
0.130206 0.378168 0
0.158744 0.378168 0
0.130930 0.418137 0
220 3
0.156348 0.503020 0
0.160626 0.581269 0
0.123995 0.581269 0
221 3
0.128675 0.503020 0
0.156348 0.503020 0
0.123995 0.581269 0
222 3
0.158019 0.418137 0
0.156348 0.503020 0
0.128675 0.503020 0
223 3
0.130930 0.418137 0
0.158019 0.418137 0
0.128675 0.503020 0
224 3
0.781384 0.151911 0
0.672678 0.063707 0
0.783276 0.062716 0
225 3
0.671438 0.151605 0
0.672678 0.063707 0
0.781384 0.151911 0
226 3
0.671438 0.151605 0
0.515045 0.063205 0
0.672678 0.063707 0
227 3
0.516520 0.153679 0
0.515045 0.063205 0
0.671438 0.151605 0
228 3
0.516520 0.153679 0
0.366744 0.062896 0
0.515045 0.063205 0
229 3
0.368495 0.157238 0
0.366744 0.062896 0
0.516520 0.153679 0
230 3
0.516266 0.300832 0
0.671921 0.409654 0
0.547485 0.417218 0
231 3
0.503737 0.415656 0
0.516266 0.300832 0
0.547485 0.417218 0
232 3
0.671791 0.517026 0
0.782271 0.397627 0
0.782578 0.505522 0
233 3
0.671791 0.517026 0
0.671921 0.409654 0
0.782271 0.397627 0
234 3
0.550654 0.618041 0
0.671921 0.409654 0
0.671791 0.517026 0
235 3
0.550654 0.618041 0
0.572692 0.486390 0
0.671921 0.409654 0
236 3
0.394892 0.992768 0
0.355780 0.973365 0
0.458047 0.992461 0
237 3
0.355780 0.973365 0
0.423788 0.902139 0
0.458047 0.992461 0
238 3
0.515045 0.063205 0
0.433803 0.006002 0
0.516529 0.006027 0
239 3
0.366744 0.062896 0
0.433803 0.006002 0
0.515045 0.063205 0
240 3
0.671921 0.409654 0
0.782417 0.269851 0
0.782271 0.397627 0
241 3
0.671921 0.409654 0
0.671499 0.277405 0
0.782417 0.269851 0
242 3
0.782417 0.269851 0
0.671438 0.151605 0
0.781384 0.151911 0
243 3
0.782417 0.269851 0
0.671499 0.277405 0
0.671438 0.151605 0
244 3
0.783276 0.062716 0
0.672242 0.005719 0
0.783027 0.004951 0
245 3
0.783276 0.062716 0
0.672678 0.063707 0
0.672242 0.005719 0
246 3
0.423788 0.902139 0
0.390705 0.860168 0
0.438546 0.775077 0
247 3
0.423788 0.902139 0
0.438546 0.775077 0
0.486257 0.772191 0
248 3
0.423788 0.902139 0
0.486257 0.772191 0
0.458047 0.992461 0
249 3
0.516266 0.300832 0
0.671438 0.151605 0
0.671499 0.277405 0
250 3
0.516266 0.300832 0
0.516520 0.153679 0
0.671438 0.151605 0
251 3
0.263025 0.004469 0
0.433803 0.006002 0
0.366744 0.062896 0
252 3
0.150452 0.006620 0
0.262497 0.004951 0
0.235269 0.064004 0
253 3
0.366744 0.062896 0
0.235268 0.062647 0
0.263025 0.004469 0
254 3
0.515045 0.063205 0
0.672242 0.005719 0
0.672678 0.063707 0
255 3
0.515045 0.063205 0
0.516529 0.006027 0
0.672242 0.005719 0
256 3
0.380829 0.572555 0
0.474871 0.459575 0
0.440957 0.638359 0
257 3
0.187272 0.448703 0
0.158744 0.378168 0
0.181745 0.308659 0
258 3
0.219714 0.412710 0
0.181745 0.308659 0
0.227224 0.305750 0
259 3
0.187272 0.448703 0
0.181745 0.308659 0
0.219714 0.412710 0
260 3
0.253205 0.447302 0
0.261558 0.313280 0
0.286637 0.446811 0
261 3
0.227224 0.305750 0
0.261558 0.313280 0
0.219714 0.412710 0
262 3
0.160894 0.627230 0
0.160626 0.581269 0
0.189166 0.645943 0
263 3
0.161632 0.661043 0
0.160894 0.627230 0
0.189166 0.645943 0
264 3
0.262688 0.312564 0
0.241540 0.166608 0
0.372526 0.312036 0
265 3
0.262688 0.312564 0
0.372526 0.312036 0
0.285475 0.449008 0
266 3
0.158019 0.418137 0
0.158744 0.378168 0
0.187272 0.448703 0
267 3
0.227224 0.305750 0
0.241540 0.167059 0
0.261558 0.313280 0
268 3
0.380829 0.572555 0
0.287390 0.592671 0
0.285475 0.449008 0
269 3
0.286637 0.446811 0
0.287390 0.593880 0
0.253205 0.447302 0
270 3
0.253205 0.447302 0
0.287390 0.593880 0
0.220100 0.479838 0
271 3
0.220100 0.479838 0
0.187272 0.448703 0
0.219714 0.412710 0
272 3
0.220100 0.479838 0
0.219714 0.412710 0
0.253205 0.447302 0
273 3
0.220100 0.479838 0
0.187893 0.593499 0
0.187272 0.448703 0
274 3
0.220100 0.479838 0
0.287390 0.593880 0
0.187893 0.593499 0
275 3
0.287390 0.593880 0
0.189166 0.645943 0
0.187893 0.593499 0
276 3
0.156348 0.503020 0
0.158019 0.418137 0
0.187893 0.593499 0
277 3
0.187893 0.593499 0
0.189166 0.645943 0
0.160626 0.581269 0
278 3
0.156348 0.503020 0
0.187893 0.593499 0
0.160626 0.581269 0
279 3
0.187893 0.593499 0
0.158019 0.418137 0
0.187272 0.448703 0
280 3
0.912836 0.985879 0
0.974074 0.981091 0
0.912794 0.978043 0
281 3
0.912836 0.985879 0
0.974483 0.982757 0
0.974074 0.981091 0
282 3
0.974483 0.982757 0
0.912836 0.985879 0
0.912845 0.948855 0
283 3
0.912820 0.827304 0
0.912759 0.800924 0
0.946901 0.806199 0
284 3
0.946901 0.806199 0
0.912759 0.800924 0
0.973650 0.816513 0
285 3
0.990105 0.837290 0
0.973650 0.816513 0
0.912759 0.800924 0
286 3
0.912713 0.833706 0
0.990105 0.837290 0
0.912759 0.800924 0
287 3
0.990306 0.929606 0
0.990105 0.837290 0
0.912713 0.833706 0
288 3
0.990306 0.929606 0
0.912713 0.833706 0
0.912738 0.928603 0
289 3
0.974074 0.981091 0
0.990306 0.929606 0
0.912738 0.928603 0
290 3
0.974074 0.981091 0
0.912738 0.928603 0
0.912794 0.978043 0
291 3
0.912836 0.985879 0
0.912794 0.978043 0
0.974074 0.981091 0
292 3
0.912836 0.985879 0
0.974074 0.981091 0
0.974483 0.982757 0
293 3
0.974483 0.982757 0
0.912845 0.948855 0
0.912836 0.985879 0
294 3
0.912759 0.800924 0
0.912820 0.827304 0
0.946901 0.806199 0
295 3
0.946901 0.806199 0
0.973650 0.816513 0
0.912759 0.800924 0
296 3
0.990105 0.837290 0
0.912759 0.800924 0
0.973650 0.816513 0
297 3
0.912713 0.833706 0
0.912759 0.800924 0
0.990105 0.837290 0
298 3
0.990306 0.929606 0
0.912713 0.833706 0
0.990105 0.837290 0
299 3
0.990306 0.929606 0
0.912738 0.928603 0
0.912713 0.833706 0
300 3
0.974074 0.981091 0
0.912738 0.928603 0
0.990306 0.929606 0
301 3
0.974074 0.981091 0
0.912794 0.978043 0
0.912738 0.928603 0
302 3
0.990700 0.666947 0
0.991189 0.587416 0
0.915605 0.600789 0
303 3
0.990992 0.508516 0
0.915866 0.444989 0
0.915605 0.600789 0
304 3
0.991189 0.587416 0
0.990992 0.508516 0
0.915605 0.600789 0
305 3
0.990003 0.762185 0
0.990700 0.666947 0
0.915605 0.600789 0
306 3
0.914563 0.762927 0
0.990003 0.762185 0
0.915605 0.600789 0
307 3
0.989846 0.445584 0
0.915605 0.600789 0
0.915866 0.444989 0
308 3
0.991499 0.674861 0
0.915605 0.600789 0
0.991227 0.594996 0
309 3
0.990292 0.514713 0
0.915605 0.600789 0
0.989846 0.445584 0
310 3
0.991227 0.594996 0
0.915605 0.600789 0
0.990292 0.514713 0
311 3
0.991372 0.762463 0
0.915605 0.600789 0
0.991499 0.674861 0
312 3
0.914563 0.762927 0
0.915605 0.600789 0
0.991372 0.762463 0
4
0.000000 0.000000 0.000000
0.000000 0.000000 0.000000
0.000000 0.000000 0.000000
1.000000 1.000000 1.000000
