1
11
Washington\Lwo\hd_gmure.tga
Washington\Lwo\hd_gmure.tga
Washington\Lwo\hd_gmure.tga
Washington\Lwo\hd_gmure.tga
Washington\Lwo\hd_gmure.tga
Washington\Lwo\hd_gmure.tga
Washington\Lwo\hd_gmure.tga
Washington\Lwo\hd_gmure.tga
Washington\Lwo\hd_gmure.tga
Washington\Lwo\hd_gmure.tga
Washington\Lwo\hd_gmure.tga
313
0 3
0.374618 0.741620 0
0.472040 0.878669 0
0.520901 0.763686 0
1 3
0.374618 0.741620 0
0.516204 0.585239 0
0.516232 0.676601 0
2 3
0.374618 0.741620 0
0.516232 0.676601 0
0.516204 0.585239 0
3 3
0.516232 0.676601 0
0.544638 0.659906 0
0.516204 0.585239 0
4 3
0.516232 0.676601 0
0.516204 0.585239 0
0.544638 0.659906 0
5 3
0.374618 0.741620 0
0.520901 0.763686 0
0.516232 0.676601 0
6 3
0.680333 0.243084 0
0.676021 0.427062 0
0.604945 0.463801 0
7 3
0.604945 0.463801 0
0.676021 0.427062 0
0.680333 0.243084 0
8 3
0.554790 0.249340 0
0.680333 0.243084 0
0.604945 0.463801 0
9 3
0.554790 0.249340 0
0.604945 0.463801 0
0.680333 0.243084 0
10 3
0.601220 0.506722 0
0.577741 0.456706 0
0.544638 0.659906 0
11 3
0.601220 0.506722 0
0.581666 0.604251 0
0.544638 0.659906 0
12 3
0.544638 0.659906 0
0.568908 0.638729 0
0.581666 0.604251 0
13 3
0.581666 0.604251 0
0.568908 0.638729 0
0.544638 0.659906 0
14 3
0.527444 0.475872 0
0.516204 0.585239 0
0.544638 0.659906 0
15 3
0.544638 0.659906 0
0.516204 0.585239 0
0.527444 0.475872 0
16 3
0.544924 0.444941 0
0.527444 0.475872 0
0.544638 0.659906 0
17 3
0.544638 0.659906 0
0.527444 0.475872 0
0.544924 0.444941 0
18 3
0.577741 0.456706 0
0.544924 0.444941 0
0.544638 0.659906 0
19 3
0.544638 0.659906 0
0.544924 0.444941 0
0.578227 0.458276 0
20 3
0.601220 0.506722 0
0.544638 0.659906 0
0.581666 0.604251 0
21 3
0.601220 0.506722 0
0.544638 0.659906 0
0.578227 0.458276 0
22 3
0.520901 0.763686 0
0.472040 0.878669 0
0.374618 0.741620 0
23 3
0.374618 0.741620 0
0.516232 0.676601 0
0.520901 0.763686 0
24 3
0.374618 0.741620 0
0.370957 0.564123 0
0.458127 0.502066 0
25 3
0.374618 0.741620 0
0.458127 0.502066 0
0.516204 0.585239 0
26 3
0.374618 0.741620 0
0.516204 0.585239 0
0.458127 0.502066 0
27 3
0.374618 0.741620 0
0.458127 0.502066 0
0.370957 0.564123 0
28 3
0.458127 0.502066 0
0.527444 0.475872 0
0.516204 0.585239 0
29 3
0.516204 0.585239 0
0.527444 0.475872 0
0.458127 0.502066 0
30 3
0.554790 0.249340 0
0.604945 0.463801 0
0.550505 0.438132 0
31 3
0.554790 0.249340 0
0.550505 0.438132 0
0.604945 0.463801 0
32 3
0.772410 0.418751 0
0.772182 0.236444 0
0.680333 0.243084 0
33 3
0.680333 0.243084 0
0.676021 0.427062 0
0.772410 0.418751 0
34 3
0.836746 0.229941 0
0.713442 0.229941 0
0.711166 0.416914 0
35 3
0.836746 0.229941 0
0.711166 0.416914 0
0.839306 0.416914 0
36 3
0.680333 0.243084 0
0.772182 0.236444 0
0.772410 0.418751 0
37 3
0.772410 0.418751 0
0.676021 0.427062 0
0.680333 0.243084 0
38 3
0.914776 0.774208 0
0.992413 0.775627 0
0.962316 0.780386 0
39 3
0.962316 0.780386 0
0.914952 0.775859 0
0.914776 0.774208 0
40 3
0.962316 0.780386 0
0.992413 0.775627 0
0.915702 0.775860 0
41 3
0.915702 0.775860 0
0.914952 0.775859 0
0.962316 0.780386 0
42 3
0.914776 0.774208 0
0.914680 0.808133 0
0.992413 0.775627 0
43 3
0.992413 0.775627 0
0.914680 0.808133 0
0.915702 0.775860 0
44 3
0.080666 0.830808 0
0.137610 0.838416 0
0.138253 0.938877 0
45 3
0.247308 0.830808 0
0.224140 0.937315 0
0.193889 0.938877 0
46 3
0.080666 0.830808 0
0.138253 0.938877 0
0.101751 0.937315 0
47 3
0.247308 0.830808 0
0.193889 0.938877 0
0.194686 0.838531 0
48 3
0.472040 0.878669 0
0.375670 0.958413 0
0.471400 0.958807 0
49 3
0.471400 0.958807 0
0.508161 0.867065 0
0.472040 0.878669 0
50 3
0.471400 0.958807 0
0.375670 0.958413 0
0.472040 0.878669 0
51 3
0.472040 0.878669 0
0.508161 0.867065 0
0.471400 0.958807 0
52 3
0.375670 0.958413 0
0.374857 0.991195 0
0.471400 0.958807 0
53 3
0.471400 0.958807 0
0.374857 0.991195 0
0.375670 0.958413 0
54 3
0.166071 0.117647 0
0.130350 0.268691 0
0.082195 0.257949 0
55 3
0.249947 0.257949 0
0.201792 0.268691 0
0.166071 0.117647 0
56 3
0.062689 0.136806 0
0.166071 0.117647 0
0.082195 0.257949 0
57 3
0.263203 0.136806 0
0.249947 0.257949 0
0.166071 0.117647 0
58 3
0.676021 0.427062 0
0.675001 0.599427 0
0.771281 0.595557 0
59 3
0.676021 0.427062 0
0.771281 0.595557 0
0.772410 0.418751 0
60 3
0.676021 0.427062 0
0.772410 0.418751 0
0.771281 0.595557 0
61 3
0.676021 0.427062 0
0.771281 0.595557 0
0.675001 0.599427 0
62 3
0.676021 0.427062 0
0.604945 0.463801 0
0.604110 0.600677 0
63 3
0.676021 0.427062 0
0.604110 0.600677 0
0.604945 0.463801 0
64 3
0.109405 0.720130 0
0.118884 0.594760 0
0.144247 0.667328 0
65 3
0.144247 0.667328 0
0.146607 0.719333 0
0.109405 0.720130 0
66 3
0.192062 0.667326 0
0.219241 0.594760 0
0.220653 0.720819 0
67 3
0.220653 0.720819 0
0.189701 0.719290 0
0.192062 0.667326 0
68 3
0.146607 0.719333 0
0.144247 0.667328 0
0.192062 0.667326 0
69 3
0.146607 0.719333 0
0.192062 0.667326 0
0.189701 0.719290 0
70 3
0.144247 0.667328 0
0.152468 0.608293 0
0.183841 0.608293 0
71 3
0.183841 0.608293 0
0.192062 0.667326 0
0.144247 0.667328 0
72 3
0.219241 0.594760 0
0.192062 0.667326 0
0.183841 0.608293 0
73 3
0.152468 0.608293 0
0.144247 0.667328 0
0.118884 0.594760 0
74 3
0.137610 0.838416 0
0.194686 0.838531 0
0.193889 0.938877 0
75 3
0.137610 0.838416 0
0.193889 0.938877 0
0.138253 0.938877 0
76 3
0.471400 0.958807 0
0.471400 0.958807 0
0.374857 0.991195 0
77 3
0.471400 0.958807 0
0.374857 0.991195 0
0.374857 0.991195 0
78 3
0.136249 0.988383 0
0.138253 0.938877 0
0.193889 0.938877 0
79 3
0.136249 0.988383 0
0.193889 0.938877 0
0.195893 0.988383 0
80 3
0.101751 0.937315 0
0.138253 0.938877 0
0.136249 0.988383 0
81 3
0.224140 0.937315 0
0.195893 0.988383 0
0.193889 0.938877 0
82 3
0.674288 0.991279 0
0.771325 0.992516 0
0.770905 0.706911 0
83 3
0.674288 0.991279 0
0.673121 0.717399 0
0.770905 0.706911 0
84 3
0.674288 0.991279 0
0.770905 0.706911 0
0.673121 0.717399 0
85 3
0.674288 0.991279 0
0.770905 0.706911 0
0.771325 0.992516 0
86 3
0.367474 0.138804 0
0.447979 0.262335 0
0.447845 0.123473 0
87 3
0.367474 0.138804 0
0.447845 0.123473 0
0.446609 0.011262 0
88 3
0.367474 0.138804 0
0.446609 0.011262 0
0.447845 0.123473 0
89 3
0.367474 0.138804 0
0.447845 0.123473 0
0.447979 0.262335 0
90 3
0.604110 0.600677 0
0.565783 0.669883 0
0.675001 0.599427 0
91 3
0.675001 0.599427 0
0.676021 0.427062 0
0.604110 0.600677 0
92 3
0.675001 0.599427 0
0.565783 0.669883 0
0.604110 0.600677 0
93 3
0.604110 0.600677 0
0.676021 0.427062 0
0.675001 0.599427 0
94 3
0.194686 0.838531 0
0.193217 0.765222 0
0.220653 0.720819 0
95 3
0.247308 0.830808 0
0.194686 0.838531 0
0.220653 0.720819 0
96 3
0.193217 0.765222 0
0.194686 0.838531 0
0.137610 0.838416 0
97 3
0.193217 0.765222 0
0.137610 0.838416 0
0.143091 0.765222 0
98 3
0.193217 0.765222 0
0.143091 0.765222 0
0.166071 0.719280 0
99 3
0.143091 0.765222 0
0.146573 0.719164 0
0.166071 0.719280 0
100 3
0.109405 0.720130 0
0.143091 0.765222 0
0.137610 0.838416 0
101 3
0.193217 0.765222 0
0.166071 0.719280 0
0.189736 0.719164 0
102 3
0.193217 0.765222 0
0.189736 0.719164 0
0.220653 0.720819 0
103 3
0.109405 0.720130 0
0.146573 0.719164 0
0.143091 0.765222 0
104 3
0.080666 0.830808 0
0.109405 0.720130 0
0.137610 0.838416 0
105 3
0.042169 0.557343 0
0.118884 0.594760 0
0.066233 0.719554 0
106 3
0.259658 0.719554 0
0.219241 0.594760 0
0.280366 0.557343 0
107 3
0.220653 0.720819 0
0.219241 0.594760 0
0.259658 0.719554 0
108 3
0.109405 0.720130 0
0.080666 0.830808 0
0.066233 0.719554 0
109 3
0.109405 0.720130 0
0.066233 0.719554 0
0.118884 0.594760 0
110 3
0.220653 0.720819 0
0.259658 0.719554 0
0.247308 0.830808 0
111 3
0.050912 0.389269 0
0.060981 0.346322 0
0.090249 0.350401 0
112 3
0.031317 0.276908 0
0.060981 0.346322 0
0.050912 0.389269 0
113 3
0.090249 0.350401 0
0.060981 0.346322 0
0.031317 0.276908 0
114 3
0.241893 0.350227 0
0.271161 0.346148 0
0.281230 0.389095 0
115 3
0.292492 0.276908 0
0.271161 0.346148 0
0.241893 0.350227 0
116 3
0.281230 0.389095 0
0.271161 0.346148 0
0.292492 0.276908 0
117 3
0.446609 0.011262 0
0.365256 0.028686 0
0.367474 0.138804 0
118 3
0.367474 0.138804 0
0.365256 0.028686 0
0.446609 0.011262 0
119 3
0.447845 0.123473 0
0.447979 0.262335 0
0.554790 0.249340 0
120 3
0.554790 0.249340 0
0.551141 0.123438 0
0.447845 0.123473 0
121 3
0.554790 0.249340 0
0.447979 0.262335 0
0.447845 0.123473 0
122 3
0.447845 0.123473 0
0.551141 0.123438 0
0.554790 0.249340 0
123 3
0.458127 0.502066 0
0.527444 0.475872 0
0.447979 0.262335 0
124 3
0.447979 0.262335 0
0.409315 0.387306 0
0.458127 0.502066 0
125 3
0.447979 0.262335 0
0.527444 0.475872 0
0.458127 0.502066 0
126 3
0.458127 0.502066 0
0.409315 0.387306 0
0.447979 0.262335 0
127 3
0.550554 0.767901 0
0.524306 0.992519 0
0.674288 0.991279 0
128 3
0.674288 0.991279 0
0.673121 0.717399 0
0.550554 0.767901 0
129 3
0.674288 0.991279 0
0.524306 0.992519 0
0.550554 0.767901 0
130 3
0.550554 0.767901 0
0.673121 0.717399 0
0.674288 0.991279 0
131 3
0.565783 0.669883 0
0.520901 0.763686 0
0.550554 0.767901 0
132 3
0.565783 0.669883 0
0.550554 0.767901 0
0.675001 0.599427 0
133 3
0.565783 0.669883 0
0.675001 0.599427 0
0.550554 0.767901 0
134 3
0.565783 0.669883 0
0.550554 0.767901 0
0.520901 0.763686 0
135 3
0.375670 0.958413 0
0.472040 0.878669 0
0.377399 0.835019 0
136 3
0.374618 0.741620 0
0.377399 0.835019 0
0.472040 0.878669 0
137 3
0.374618 0.741620 0
0.472040 0.878669 0
0.377399 0.835019 0
138 3
0.375670 0.958413 0
0.377399 0.835019 0
0.472040 0.878669 0
139 3
0.675403 0.992252 0
0.674288 0.991279 0
0.538141 0.992827 0
140 3
0.538141 0.992827 0
0.674288 0.991279 0
0.524306 0.992519 0
141 3
0.538141 0.992827 0
0.524306 0.992519 0
0.472557 0.991531 0
142 3
0.675403 0.992252 0
0.771325 0.992516 0
0.674288 0.991279 0
143 3
0.165865 0.057316 0
0.086902 0.047303 0
0.165851 0.014887 0
144 3
0.166071 0.117647 0
0.086902 0.047303 0
0.165865 0.057316 0
145 3
0.520901 0.763686 0
0.565783 0.669883 0
0.516232 0.676601 0
146 3
0.915028 0.989365 0
0.993216 0.989968 0
0.914844 0.972482 0
147 3
0.915028 0.989365 0
0.963104 0.983788 0
0.993216 0.989968 0
148 3
0.550554 0.767901 0
0.673121 0.717399 0
0.675001 0.599427 0
149 3
0.673121 0.717399 0
0.771281 0.595557 0
0.675001 0.599427 0
150 3
0.673121 0.717399 0
0.770905 0.706911 0
0.771281 0.595557 0
151 3
0.772664 0.117094 0
0.770128 0.004984 0
0.677395 0.008466 0
152 3
0.678414 0.122715 0
0.772664 0.117094 0
0.677395 0.008466 0
153 3
0.678414 0.122715 0
0.677395 0.008466 0
0.549430 0.010984 0
154 3
0.551141 0.123438 0
0.678414 0.122715 0
0.549430 0.010984 0
155 3
0.551141 0.123438 0
0.549430 0.010984 0
0.446609 0.011262 0
156 3
0.447845 0.123473 0
0.551141 0.123438 0
0.446609 0.011262 0
157 3
0.550505 0.438132 0
0.554790 0.249340 0
0.447979 0.262335 0
158 3
0.472557 0.991531 0
0.524306 0.992519 0
0.471400 0.958807 0
159 3
0.471400 0.958807 0
0.524306 0.992519 0
0.508161 0.867065 0
160 3
0.447979 0.262335 0
0.527444 0.475872 0
0.550505 0.438132 0
161 3
0.915031 0.813085 0
0.914952 0.775859 0
0.962316 0.780386 0
162 3
0.992719 0.922492 0
0.992413 0.775627 0
0.914680 0.808133 0
163 3
0.992719 0.922492 0
0.914680 0.808133 0
0.914721 0.921999 0
164 3
0.993216 0.989968 0
0.992719 0.922492 0
0.914721 0.921999 0
165 3
0.993216 0.989968 0
0.914721 0.921999 0
0.914844 0.972482 0
166 3
0.990086 0.558479 0
0.989068 0.433351 0
0.912863 0.433884 0
167 3
0.913188 0.678800 0
0.991542 0.679335 0
0.946889 0.591968 0
168 3
0.916106 0.644994 0
0.915986 0.552603 0
0.990486 0.563601 0
169 3
0.772182 0.236444 0
0.772664 0.117094 0
0.678414 0.122715 0
170 3
0.772182 0.236444 0
0.678414 0.122715 0
0.680333 0.243084 0
171 3
0.992911 0.557573 0
0.990426 0.431085 0
0.911700 0.433815 0
172 3
0.992911 0.557573 0
0.911700 0.433815 0
0.918882 0.558502 0
173 3
0.917019 0.439487 0
0.990751 0.384513 0
0.990486 0.563601 0
174 3
0.508161 0.867065 0
0.520901 0.763686 0
0.472040 0.878669 0
175 3
0.508161 0.867065 0
0.550554 0.767901 0
0.520901 0.763686 0
176 3
0.915986 0.552603 0
0.917019 0.439487 0
0.990486 0.563601 0
177 3
0.939046 0.722736 0
0.916106 0.644994 0
0.990486 0.563601 0
178 3
0.990195 0.726713 0
0.939046 0.722736 0
0.990486 0.563601 0
179 3
0.166071 0.117647 0
0.062689 0.136806 0
0.086902 0.047303 0
180 3
0.508161 0.867065 0
0.524306 0.992519 0
0.550554 0.767901 0
181 3
0.554790 0.249340 0
0.680333 0.243084 0
0.678414 0.122715 0
182 3
0.554790 0.249340 0
0.678414 0.122715 0
0.551141 0.123438 0
183 3
0.918254 0.576645 0
0.961104 0.672134 0
0.990639 0.576413 0
184 3
0.165851 0.014887 0
0.086902 0.047303 0
0.105783 0.004950 0
185 3
0.992355 0.672134 0
0.949504 0.576645 0
0.917495 0.672700 0
186 3
0.990086 0.558479 0
0.918882 0.558502 0
0.911700 0.433815 0
187 3
0.990086 0.558479 0
0.911700 0.433815 0
0.989068 0.433351 0
188 3
0.125545 0.387641 0
0.130350 0.268691 0
0.148546 0.314196 0
189 3
0.090249 0.350401 0
0.082195 0.257949 0
0.130350 0.268691 0
190 3
0.125545 0.387641 0
0.090249 0.350401 0
0.130350 0.268691 0
191 3
0.050912 0.389269 0
0.011229 0.390582 0
0.031317 0.276908 0
192 3
0.082195 0.257949 0
0.090249 0.350401 0
0.031317 0.276908 0
193 3
0.150993 0.576217 0
0.118884 0.594760 0
0.151287 0.520595 0
194 3
0.152468 0.608293 0
0.118884 0.594760 0
0.150993 0.576217 0
195 3
0.366877 0.283320 0
0.447979 0.262335 0
0.367474 0.138804 0
196 3
0.366877 0.283320 0
0.409315 0.387306 0
0.447979 0.262335 0
197 3
0.150894 0.361102 0
0.125545 0.387641 0
0.148546 0.314196 0
198 3
0.082195 0.257949 0
0.031317 0.276908 0
0.062689 0.136806 0
199 3
0.458127 0.502066 0
0.409315 0.387306 0
0.370957 0.564123 0
200 3
0.011229 0.390582 0
0.050912 0.389269 0
0.042169 0.557343 0
201 3
0.050912 0.389269 0
0.089826 0.410764 0
0.042169 0.557343 0
202 3
0.089826 0.410764 0
0.090249 0.350401 0
0.125545 0.387641 0
203 3
0.050912 0.389269 0
0.090249 0.350401 0
0.089826 0.410764 0
204 3
0.089826 0.410764 0
0.125545 0.387641 0
0.121037 0.541240 0
205 3
0.089826 0.410764 0
0.121037 0.541240 0
0.042169 0.557343 0
206 3
0.042169 0.557343 0
0.121037 0.541240 0
0.118884 0.594760 0
207 3
0.151216 0.411952 0
0.121037 0.541240 0
0.150894 0.361102 0
208 3
0.121037 0.541240 0
0.151287 0.520595 0
0.118884 0.594760 0
209 3
0.151216 0.411952 0
0.151287 0.520595 0
0.121037 0.541240 0
210 3
0.121037 0.541240 0
0.125545 0.387641 0
0.150894 0.361102 0
211 3
0.775388 0.990605 0
0.836471 0.990898 0
0.714262 0.990898 0
212 3
0.675403 0.992252 0
0.538141 0.992827 0
0.674288 0.991279 0
213 3
0.538141 0.992827 0
0.524306 0.992519 0
0.674288 0.991279 0
214 3
0.538141 0.992827 0
0.472557 0.991531 0
0.524306 0.992519 0
215 3
0.472557 0.991531 0
0.471400 0.958807 0
0.471400 0.958807 0
216 3
0.472557 0.991531 0
0.471400 0.958807 0
0.472557 0.991531 0
217 3
0.538141 0.992827 0
0.472557 0.991531 0
0.472557 0.991531 0
218 3
0.834007 0.118569 0
0.736205 0.005632 0
0.714963 0.118569 0
219 3
0.834007 0.118569 0
0.813966 0.005632 0
0.736205 0.005632 0
220 3
0.992304 0.384513 0
0.915486 0.563601 0
0.915751 0.384513 0
221 3
0.994083 0.514595 0
0.983353 0.426630 0
0.924200 0.426630 0
222 3
0.994083 0.514595 0
0.924200 0.426630 0
0.914688 0.514595 0
223 3
0.836746 0.229941 0
0.714963 0.118569 0
0.713442 0.229941 0
224 3
0.836746 0.229941 0
0.834007 0.118569 0
0.714963 0.118569 0
225 3
0.837030 0.596417 0
0.711166 0.416914 0
0.713441 0.596417 0
226 3
0.837030 0.596417 0
0.839306 0.416914 0
0.711166 0.416914 0
227 3
0.835174 0.709614 0
0.713441 0.596417 0
0.715552 0.709614 0
228 3
0.835174 0.709614 0
0.837030 0.596417 0
0.713441 0.596417 0
229 3
0.836471 0.990898 0
0.715552 0.709614 0
0.714262 0.990898 0
230 3
0.836471 0.990898 0
0.835174 0.709614 0
0.715552 0.709614 0
231 3
0.675403 0.992252 0
0.674288 0.991279 0
0.771325 0.992516 0
232 3
0.165865 0.057316 0
0.165851 0.014887 0
0.245240 0.047303 0
233 3
0.166071 0.117647 0
0.165865 0.057316 0
0.245240 0.047303 0
234 3
0.150993 0.576217 0
0.185021 0.520595 0
0.185315 0.576217 0
235 3
0.150993 0.576217 0
0.151287 0.520595 0
0.185021 0.520595 0
236 3
0.152468 0.608293 0
0.185315 0.576217 0
0.183841 0.608293 0
237 3
0.150993 0.576217 0
0.185315 0.576217 0
0.152468 0.608293 0
238 3
0.130350 0.268691 0
0.166071 0.117647 0
0.201792 0.268691 0
239 3
0.148546 0.314196 0
0.201792 0.268691 0
0.183596 0.314196 0
240 3
0.148546 0.314196 0
0.130350 0.268691 0
0.201792 0.268691 0
241 3
0.150894 0.361102 0
0.183596 0.314196 0
0.181248 0.361102 0
242 3
0.148546 0.314196 0
0.183596 0.314196 0
0.150894 0.361102 0
243 3
0.180926 0.411952 0
0.185021 0.520595 0
0.151287 0.520595 0
244 3
0.151216 0.411952 0
0.180926 0.411952 0
0.151287 0.520595 0
245 3
0.181248 0.361102 0
0.180926 0.411952 0
0.151216 0.411952 0
246 3
0.150894 0.361102 0
0.181248 0.361102 0
0.151216 0.411952 0
247 3
0.520901 0.763686 0
0.516232 0.676601 0
0.565783 0.669883 0
248 3
0.915028 0.989365 0
0.914844 0.972482 0
0.993216 0.989968 0
249 3
0.915028 0.989365 0
0.993216 0.989968 0
0.963104 0.983788 0
250 3
0.550554 0.767901 0
0.675001 0.599427 0
0.673121 0.717399 0
251 3
0.673121 0.717399 0
0.675001 0.599427 0
0.771281 0.595557 0
252 3
0.673121 0.717399 0
0.771281 0.595557 0
0.770905 0.706911 0
253 3
0.772664 0.117094 0
0.677395 0.008466 0
0.770128 0.004984 0
254 3
0.678414 0.122715 0
0.677395 0.008466 0
0.772664 0.117094 0
255 3
0.678414 0.122715 0
0.549430 0.010984 0
0.677395 0.008466 0
256 3
0.551141 0.123438 0
0.549430 0.010984 0
0.678414 0.122715 0
257 3
0.551141 0.123438 0
0.446609 0.011262 0
0.549430 0.010984 0
258 3
0.447845 0.123473 0
0.446609 0.011262 0
0.551141 0.123438 0
259 3
0.550505 0.438132 0
0.447979 0.262335 0
0.554790 0.249340 0
260 3
0.472557 0.991531 0
0.471400 0.958807 0
0.524306 0.992519 0
261 3
0.471400 0.958807 0
0.508161 0.867065 0
0.524306 0.992519 0
262 3
0.447979 0.262335 0
0.550505 0.438132 0
0.527444 0.475872 0
263 3
0.914952 0.775859 0
0.915031 0.813085 0
0.962316 0.780386 0
264 3
0.992719 0.922492 0
0.914680 0.808133 0
0.992413 0.775627 0
265 3
0.992719 0.922492 0
0.914721 0.921999 0
0.914680 0.808133 0
266 3
0.993216 0.989968 0
0.914721 0.921999 0
0.992719 0.922492 0
267 3
0.993216 0.989968 0
0.914844 0.972482 0
0.914721 0.921999 0
268 3
0.990086 0.558479 0
0.912863 0.433884 0
0.989068 0.433351 0
269 3
0.913188 0.678800 0
0.946889 0.591968 0
0.991542 0.679335 0
270 3
0.991913 0.647216 0
0.915486 0.563601 0
0.992057 0.554826 0
271 3
0.772182 0.236444 0
0.678414 0.122715 0
0.772664 0.117094 0
272 3
0.772182 0.236444 0
0.680333 0.243084 0
0.678414 0.122715 0
273 3
0.992911 0.557573 0
0.911700 0.433815 0
0.990426 0.431085 0
274 3
0.992911 0.557573 0
0.918882 0.558502 0
0.911700 0.433815 0
275 3
0.993208 0.477265 0
0.915486 0.563601 0
0.992304 0.384513 0
276 3
0.508161 0.867065 0
0.472040 0.878669 0
0.520901 0.763686 0
277 3
0.508161 0.867065 0
0.520901 0.763686 0
0.550554 0.767901 0
278 3
0.992057 0.554826 0
0.915486 0.563601 0
0.993208 0.477265 0
279 3
0.992316 0.722736 0
0.915486 0.563601 0
0.991913 0.647216 0
280 3
0.915195 0.726713 0
0.915486 0.563601 0
0.992316 0.722736 0
281 3
0.166071 0.117647 0
0.245240 0.047303 0
0.263203 0.136806 0
282 3
0.508161 0.867065 0
0.550554 0.767901 0
0.524306 0.992519 0
283 3
0.554790 0.249340 0
0.678414 0.122715 0
0.680333 0.243084 0
284 3
0.554790 0.249340 0
0.551141 0.123438 0
0.678414 0.122715 0
285 3
0.918254 0.576645 0
0.990639 0.576413 0
0.961104 0.672134 0
286 3
0.165851 0.014887 0
0.226359 0.004950 0
0.245240 0.047303 0
287 3
0.992355 0.672134 0
0.917495 0.672700 0
0.949504 0.576645 0
288 3
0.990086 0.558479 0
0.911700 0.433815 0
0.918882 0.558502 0
289 3
0.990086 0.558479 0
0.989068 0.433351 0
0.911700 0.433815 0
290 3
0.206597 0.387468 0
0.183596 0.314196 0
0.201792 0.268691 0
291 3
0.241893 0.350227 0
0.201792 0.268691 0
0.249947 0.257949 0
292 3
0.206597 0.387468 0
0.201792 0.268691 0
0.241893 0.350227 0
293 3
0.281230 0.389095 0
0.292492 0.276908 0
0.306330 0.390582 0
294 3
0.249947 0.257949 0
0.292492 0.276908 0
0.241893 0.350227 0
295 3
0.185315 0.576217 0
0.185021 0.520595 0
0.219241 0.594760 0
296 3
0.183841 0.608293 0
0.185315 0.576217 0
0.219241 0.594760 0
297 3
0.366877 0.283320 0
0.367474 0.138804 0
0.447979 0.262335 0
298 3
0.366877 0.283320 0
0.447979 0.262335 0
0.409315 0.387306 0
299 3
0.181248 0.361102 0
0.183596 0.314196 0
0.206597 0.387468 0
300 3
0.249947 0.257949 0
0.263203 0.136806 0
0.292492 0.276908 0
301 3
0.458127 0.502066 0
0.370957 0.564123 0
0.409315 0.387306 0
302 3
0.306330 0.390582 0
0.280366 0.557343 0
0.281230 0.389095 0
303 3
0.281230 0.389095 0
0.280366 0.557343 0
0.242316 0.410590 0
304 3
0.242316 0.410590 0
0.206597 0.387468 0
0.241893 0.350227 0
305 3
0.242316 0.410590 0
0.241893 0.350227 0
0.281230 0.389095 0
306 3
0.242316 0.410590 0
0.217088 0.541240 0
0.206597 0.387468 0
307 3
0.242316 0.410590 0
0.280366 0.557343 0
0.217088 0.541240 0
308 3
0.280366 0.557343 0
0.219241 0.594760 0
0.217088 0.541240 0
309 3
0.180926 0.411952 0
0.181248 0.361102 0
0.217088 0.541240 0
310 3
0.217088 0.541240 0
0.219241 0.594760 0
0.185021 0.520595 0
311 3
0.180926 0.411952 0
0.217088 0.541240 0
0.185021 0.520595 0
312 3
0.217088 0.541240 0
0.181248 0.361102 0
0.206597 0.387468 0
4
0.000000 -90.000000 0.000000
0.000000 180.000000 0.000000
0.000000 0.000000 0.000000
13.892020 26.784040 15.589709
4
0.000000 0.000000 0.000000
0.000000 0.000000 0.000000
0.000000 0.000000 0.000000
5.459412 26.047089 15.753250
4
0.000000 -90.000000 0.000000
0.000000 0.000000 0.000000
0.000000 0.000000 0.000000
17.780197 4.715824 11.248011
4
0.000000 0.000000 0.000000
0.000000 0.000000 0.000000
0.000000 0.000000 0.000000
10.701627 21.618694 16.160160
4
-90.000000 0.000000 0.000000
0.000000 0.000000 0.000000
0.000000 0.000000 0.000000
6.040267 3.520134 9.393485
4
0.000000 0.000000 0.000000
0.000000 0.000000 0.000000
0.000000 0.000000 0.000000
1.000000 1.000000 1.000000
4
0.000000 0.000000 0.000000
0.000000 0.000000 0.000000
0.000000 0.000000 0.000000
1.000000 1.000000 1.000000
4
0.000000 0.000000 0.000000
0.000000 0.000000 0.000000
0.000000 0.000000 0.000000
1.000000 1.000000 1.000000
4
0.000000 0.000000 0.000000
0.000000 0.000000 0.000000
0.000000 0.000000 0.000000
1.000000 1.000000 1.000000
4
0.000000 0.000000 0.000000
0.000000 0.000000 0.000000
0.000000 0.000000 0.000000
1.000000 1.000000 1.000000
4
0.000000 0.000000 0.000000
0.000000 0.000000 0.000000
0.000000 0.000000 0.000000
1.000000 1.000000 1.000000
