1
4
C:\MIDWAY\NBAonNBC\HEADS\Milwaukee\LWO\hd_grobi.TGA
C:\MIDWAY\NBAonNBC\HEADS\Milwaukee\LWO\hd_grobi.TGA
C:\MIDWAY\NBAonNBC\HEADS\Milwaukee\LWO\hd_grobi.TGA
C:\MIDWAY\NBAonNBC\HEADS\Milwaukee\LWO\hd_grobi.TGA
319
0 3
0.353598 0.973088 0
0.468719 0.843820 0
0.491398 0.870541 0
1 3
0.353598 0.973088 0
0.446898 0.959444 0
0.491398 0.870541 0
2 3
0.353598 0.973088 0
0.491398 0.870541 0
0.446898 0.959444 0
3 3
0.353598 0.973088 0
0.491398 0.870541 0
0.468719 0.843820 0
4 3
0.129191 0.944855 0
0.094844 0.925551 0
0.124106 0.844564 0
5 3
0.187137 0.844674 0
0.216399 0.925551 0
0.182052 0.944855 0
6 3
0.077701 0.824103 0
0.124106 0.844564 0
0.094844 0.925551 0
7 3
0.233520 0.824103 0
0.216399 0.925551 0
0.187137 0.844674 0
8 3
0.124106 0.844564 0
0.155621 0.897711 0
0.129191 0.944855 0
9 3
0.182052 0.944855 0
0.155621 0.897711 0
0.187137 0.844674 0
10 3
0.446898 0.959444 0
0.446898 0.959444 0
0.353598 0.973088 0
11 3
0.446898 0.959444 0
0.353598 0.973088 0
0.353598 0.973088 0
12 3
0.117044 0.995417 0
0.129191 0.944855 0
0.182052 0.944855 0
13 3
0.117044 0.995417 0
0.182052 0.944855 0
0.194966 0.995417 0
14 3
0.124106 0.844564 0
0.187137 0.844674 0
0.155621 0.897711 0
15 3
0.094844 0.925551 0
0.129191 0.944855 0
0.117044 0.995417 0
16 3
0.216399 0.925551 0
0.194966 0.995417 0
0.182052 0.944855 0
17 3
0.182052 0.944855 0
0.129191 0.944855 0
0.155621 0.897711 0
18 3
0.567653 0.319497 0
0.577827 0.371039 0
0.682643 0.421716 0
19 3
0.567653 0.319497 0
0.682234 0.303233 0
0.682643 0.421716 0
20 3
0.577827 0.371039 0
0.600897 0.420910 0
0.682643 0.421716 0
21 3
0.682643 0.421716 0
0.600897 0.420910 0
0.577827 0.371039 0
22 3
0.673646 0.984807 0
0.759461 0.984906 0
0.762230 0.725391 0
23 3
0.673646 0.984807 0
0.672575 0.729085 0
0.762230 0.725391 0
24 3
0.673646 0.984807 0
0.762230 0.725391 0
0.672575 0.729085 0
25 3
0.673646 0.984807 0
0.762230 0.725391 0
0.759461 0.984906 0
26 3
0.391111 0.196897 0
0.453404 0.350027 0
0.464935 0.183751 0
27 3
0.391111 0.196897 0
0.464935 0.183751 0
0.476351 0.058347 0
28 3
0.391111 0.196897 0
0.476351 0.058347 0
0.464935 0.183751 0
29 3
0.391111 0.196897 0
0.464935 0.183751 0
0.453404 0.350027 0
30 3
0.566295 0.380147 0
0.515176 0.567906 0
0.526457 0.611884 0
31 3
0.566295 0.380147 0
0.546746 0.602809 0
0.526457 0.611884 0
32 3
0.566295 0.380147 0
0.526457 0.611884 0
0.546746 0.602809 0
33 3
0.566295 0.380147 0
0.526457 0.611884 0
0.515176 0.567906 0
34 3
0.566295 0.380147 0
0.530695 0.417055 0
0.515176 0.567906 0
35 3
0.515176 0.567906 0
0.530695 0.417055 0
0.566295 0.380147 0
36 3
0.597101 0.547061 0
0.544531 0.622547 0
0.672903 0.620586 0
37 3
0.672903 0.620586 0
0.673061 0.523231 0
0.597101 0.547061 0
38 3
0.672903 0.620586 0
0.544531 0.622547 0
0.597101 0.547061 0
39 3
0.597101 0.547061 0
0.673061 0.523231 0
0.672903 0.620586 0
40 3
0.468719 0.843820 0
0.447934 0.566810 0
0.382541 0.564976 0
41 3
0.468719 0.843820 0
0.357308 0.768834 0
0.382541 0.564976 0
42 3
0.468719 0.843820 0
0.382541 0.564976 0
0.357308 0.768834 0
43 3
0.468719 0.843820 0
0.382541 0.564976 0
0.447934 0.566810 0
44 3
0.187137 0.844674 0
0.183895 0.822194 0
0.223827 0.764318 0
45 3
0.233520 0.824103 0
0.187137 0.844674 0
0.223827 0.764318 0
46 3
0.183895 0.822194 0
0.187137 0.844674 0
0.124106 0.844564 0
47 3
0.183895 0.822194 0
0.124106 0.844564 0
0.127350 0.822194 0
48 3
0.183895 0.822194 0
0.127350 0.822194 0
0.155621 0.761750 0
49 3
0.127350 0.822194 0
0.126519 0.763105 0
0.155621 0.761750 0
50 3
0.087416 0.763661 0
0.127350 0.822194 0
0.124106 0.844564 0
51 3
0.183895 0.822194 0
0.155621 0.761750 0
0.184724 0.763105 0
52 3
0.183895 0.822194 0
0.184724 0.763105 0
0.223827 0.764318 0
53 3
0.087416 0.763661 0
0.126519 0.763105 0
0.127350 0.822194 0
54 3
0.077701 0.824103 0
0.087416 0.763661 0
0.124106 0.844564 0
55 3
0.038069 0.564471 0
0.104375 0.619008 0
0.064639 0.762938 0
56 3
0.246604 0.762938 0
0.206755 0.619008 0
0.273174 0.564471 0
57 3
0.223827 0.764318 0
0.206755 0.619008 0
0.246604 0.762938 0
58 3
0.087416 0.763661 0
0.104375 0.619008 0
0.126552 0.762533 0
59 3
0.206755 0.619008 0
0.184691 0.762492 0
0.172223 0.632282 0
60 3
0.172223 0.632282 0
0.184691 0.762492 0
0.138670 0.632282 0
61 3
0.184691 0.762492 0
0.126552 0.762533 0
0.138670 0.632282 0
62 3
0.138670 0.632282 0
0.126552 0.762533 0
0.104375 0.619008 0
63 3
0.087416 0.763661 0
0.077701 0.824103 0
0.064639 0.762938 0
64 3
0.087416 0.763661 0
0.064639 0.762938 0
0.104375 0.619008 0
65 3
0.223827 0.764318 0
0.184691 0.762492 0
0.206755 0.619008 0
66 3
0.223827 0.764318 0
0.246604 0.762938 0
0.233520 0.824103 0
67 3
0.039948 0.446104 0
0.049085 0.410298 0
0.079273 0.406938 0
68 3
0.033888 0.345057 0
0.049085 0.410298 0
0.039948 0.446104 0
69 3
0.079273 0.406938 0
0.049085 0.410298 0
0.033888 0.345057 0
70 3
0.231970 0.406938 0
0.261299 0.410298 0
0.271296 0.446104 0
71 3
0.274122 0.345057 0
0.261299 0.410298 0
0.231970 0.406938 0
72 3
0.271296 0.446104 0
0.261299 0.410298 0
0.274122 0.345057 0
73 3
0.468719 0.843820 0
0.354769 0.908365 0
0.353598 0.973088 0
74 3
0.468719 0.843820 0
0.353598 0.973088 0
0.354769 0.908365 0
75 3
0.476351 0.058347 0
0.421103 0.071886 0
0.391111 0.196897 0
76 3
0.391111 0.196897 0
0.421103 0.071886 0
0.476351 0.058347 0
77 3
0.464935 0.183751 0
0.453404 0.350027 0
0.567653 0.319497 0
78 3
0.567653 0.319497 0
0.565619 0.161398 0
0.464935 0.183751 0
79 3
0.567653 0.319497 0
0.453404 0.350027 0
0.464935 0.183751 0
80 3
0.464935 0.183751 0
0.565619 0.161398 0
0.567653 0.319497 0
81 3
0.447934 0.566810 0
0.530695 0.417055 0
0.453404 0.350027 0
82 3
0.453404 0.350027 0
0.409639 0.457606 0
0.447934 0.566810 0
83 3
0.453404 0.350027 0
0.530695 0.417055 0
0.447934 0.566810 0
84 3
0.447934 0.566810 0
0.409639 0.457606 0
0.453404 0.350027 0
85 3
0.540056 0.758103 0
0.502923 0.986208 0
0.673646 0.984807 0
86 3
0.673646 0.984807 0
0.672575 0.729085 0
0.540056 0.758103 0
87 3
0.673646 0.984807 0
0.502923 0.986208 0
0.540056 0.758103 0
88 3
0.540056 0.758103 0
0.672575 0.729085 0
0.673646 0.984807 0
89 3
0.566295 0.380147 0
0.546746 0.602809 0
0.580818 0.548471 0
90 3
0.580818 0.548471 0
0.591596 0.423387 0
0.566295 0.380147 0
91 3
0.566295 0.380147 0
0.591596 0.423387 0
0.580818 0.548471 0
92 3
0.566295 0.380147 0
0.580818 0.548471 0
0.546746 0.602809 0
93 3
0.544531 0.622547 0
0.512487 0.767451 0
0.540056 0.758103 0
94 3
0.544531 0.622547 0
0.540056 0.758103 0
0.672903 0.620586 0
95 3
0.544531 0.622547 0
0.672903 0.620586 0
0.540056 0.758103 0
96 3
0.544531 0.622547 0
0.540056 0.758103 0
0.512487 0.767451 0
97 3
0.354769 0.908365 0
0.468719 0.843820 0
0.356088 0.831672 0
98 3
0.357308 0.768834 0
0.356088 0.831672 0
0.468719 0.843820 0
99 3
0.357308 0.768834 0
0.468719 0.843820 0
0.356088 0.831672 0
100 3
0.354769 0.908365 0
0.356088 0.831672 0
0.468719 0.843820 0
101 3
0.674821 0.985164 0
0.673646 0.984807 0
0.504984 0.986522 0
102 3
0.504984 0.986522 0
0.673646 0.984807 0
0.502923 0.986208 0
103 3
0.504984 0.986522 0
0.502923 0.986208 0
0.461750 0.986517 0
104 3
0.674821 0.985164 0
0.759461 0.984906 0
0.673646 0.984807 0
105 3
0.155546 0.091121 0
0.088444 0.070933 0
0.155548 0.009710 0
106 3
0.155171 0.205406 0
0.088444 0.070933 0
0.155546 0.091121 0
107 3
0.512487 0.767451 0
0.544531 0.622547 0
0.520219 0.622286 0
108 3
0.917761 0.602077 0
0.946171 0.598180 0
0.916676 0.594848 0
109 3
0.917761 0.602077 0
0.942638 0.597972 0
0.946171 0.598180 0
110 3
0.540056 0.758103 0
0.672575 0.729085 0
0.672903 0.620586 0
111 3
0.672575 0.729085 0
0.762336 0.618762 0
0.672903 0.620586 0
112 3
0.672575 0.729085 0
0.762230 0.725391 0
0.762336 0.618762 0
113 3
0.769060 0.150339 0
0.769842 0.044079 0
0.680308 0.042442 0
114 3
0.680690 0.154418 0
0.769060 0.150339 0
0.680308 0.042442 0
115 3
0.680690 0.154418 0
0.680308 0.042442 0
0.566334 0.044189 0
116 3
0.565619 0.161398 0
0.680690 0.154418 0
0.566334 0.044189 0
117 3
0.565619 0.161398 0
0.566334 0.044189 0
0.476351 0.058347 0
118 3
0.464935 0.183751 0
0.565619 0.161398 0
0.476351 0.058347 0
119 3
0.567653 0.319497 0
0.682643 0.421716 0
0.682234 0.303233 0
120 3
0.549999 0.371244 0
0.577827 0.371039 0
0.567653 0.319497 0
121 3
0.549999 0.371244 0
0.567653 0.319497 0
0.453404 0.350027 0
122 3
0.673061 0.523231 0
0.763254 0.513611 0
0.769292 0.415081 0
123 3
0.673061 0.523231 0
0.769292 0.415081 0
0.682643 0.421716 0
124 3
0.597101 0.547061 0
0.673061 0.523231 0
0.682643 0.421716 0
125 3
0.597101 0.547061 0
0.682643 0.421716 0
0.600897 0.420910 0
126 3
0.672903 0.620586 0
0.762336 0.618762 0
0.763254 0.513611 0
127 3
0.672903 0.620586 0
0.763254 0.513611 0
0.673061 0.523231 0
128 3
0.461750 0.986517 0
0.502923 0.986208 0
0.446898 0.959444 0
129 3
0.446898 0.959444 0
0.502923 0.986208 0
0.491398 0.870541 0
130 3
0.942638 0.597972 0
0.917761 0.602077 0
0.918738 0.558197 0
131 3
0.453404 0.350027 0
0.530695 0.417055 0
0.549999 0.371244 0
132 3
0.915852 0.461051 0
0.919669 0.422802 0
0.940911 0.424561 0
133 3
0.940911 0.424561 0
0.919669 0.422802 0
0.941979 0.424397 0
134 3
0.943364 0.449961 0
0.941979 0.424397 0
0.919669 0.422802 0
135 3
0.915035 0.451933 0
0.943364 0.449961 0
0.919669 0.422802 0
136 3
0.944778 0.548674 0
0.943364 0.449961 0
0.915035 0.451933 0
137 3
0.944778 0.548674 0
0.915035 0.451933 0
0.916551 0.548027 0
138 3
0.946171 0.598180 0
0.944778 0.548674 0
0.916551 0.548027 0
139 3
0.946171 0.598180 0
0.916551 0.548027 0
0.916676 0.594848 0
140 3
0.566334 0.044189 0
0.566002 0.010829 0
0.522337 0.008174 0
141 3
0.476351 0.058347 0
0.566334 0.044189 0
0.522337 0.008174 0
142 3
0.522337 0.008174 0
0.566002 0.010829 0
0.558773 0.009141 0
143 3
0.682643 0.421716 0
0.769292 0.415081 0
0.768506 0.303565 0
144 3
0.682643 0.421716 0
0.768506 0.303565 0
0.682234 0.303233 0
145 3
0.768506 0.303565 0
0.769060 0.150339 0
0.680690 0.154418 0
146 3
0.768506 0.303565 0
0.680690 0.154418 0
0.682234 0.303233 0
147 3
0.769842 0.044079 0
0.768691 0.009113 0
0.682025 0.009274 0
148 3
0.769842 0.044079 0
0.682025 0.009274 0
0.680308 0.042442 0
149 3
0.682025 0.009274 0
0.768691 0.009113 0
0.558773 0.009141 0
150 3
0.491398 0.870541 0
0.512487 0.767451 0
0.468719 0.843820 0
151 3
0.491398 0.870541 0
0.540056 0.758103 0
0.512487 0.767451 0
152 3
0.566002 0.010829 0
0.682025 0.009274 0
0.558773 0.009141 0
153 3
0.478717 0.010674 0
0.522337 0.008174 0
0.558773 0.009141 0
154 3
0.428207 0.010563 0
0.478717 0.010674 0
0.558773 0.009141 0
155 3
0.155171 0.205406 0
0.061061 0.195224 0
0.088444 0.070933 0
156 3
0.491398 0.870541 0
0.502923 0.986208 0
0.540056 0.758103 0
157 3
0.567653 0.319497 0
0.682234 0.303233 0
0.680690 0.154418 0
158 3
0.567653 0.319497 0
0.680690 0.154418 0
0.565619 0.161398 0
159 3
0.478717 0.010674 0
0.476351 0.058347 0
0.522337 0.008174 0
160 3
0.428207 0.010563 0
0.421103 0.071886 0
0.478717 0.010674 0
161 3
0.476351 0.058347 0
0.478717 0.010674 0
0.421103 0.071886 0
162 3
0.566334 0.044189 0
0.680308 0.042442 0
0.682025 0.009274 0
163 3
0.566334 0.044189 0
0.682025 0.009274 0
0.566002 0.010829 0
164 3
0.447934 0.566810 0
0.468719 0.843820 0
0.512487 0.767451 0
165 3
0.447934 0.566810 0
0.520219 0.622286 0
0.515176 0.567906 0
166 3
0.520219 0.622286 0
0.447934 0.566810 0
0.512487 0.767451 0
167 3
0.447934 0.566810 0
0.515176 0.567906 0
0.530695 0.417055 0
168 3
0.121166 0.444682 0
0.125436 0.350399 0
0.143127 0.418053 0
169 3
0.079273 0.406938 0
0.082482 0.335095 0
0.125436 0.350399 0
170 3
0.121166 0.444682 0
0.079273 0.406938 0
0.125436 0.350399 0
171 3
0.039948 0.446104 0
0.015623 0.447686 0
0.033888 0.345057 0
172 3
0.082482 0.335095 0
0.079273 0.406938 0
0.033888 0.345057 0
173 3
0.137503 0.607389 0
0.104375 0.619008 0
0.137736 0.558768 0
174 3
0.138670 0.632282 0
0.104375 0.619008 0
0.137503 0.607389 0
175 3
0.377521 0.346812 0
0.453404 0.350027 0
0.391111 0.196897 0
176 3
0.377521 0.346812 0
0.409639 0.457606 0
0.453404 0.350027 0
177 3
0.125436 0.350399 0
0.082482 0.335095 0
0.061061 0.195224 0
178 3
0.125436 0.350399 0
0.061061 0.195224 0
0.155171 0.205406 0
179 3
0.143756 0.447151 0
0.121166 0.444682 0
0.143127 0.418053 0
180 3
0.082482 0.335095 0
0.033888 0.345057 0
0.061061 0.195224 0
181 3
0.447934 0.566810 0
0.409639 0.457606 0
0.382541 0.564976 0
182 3
0.015623 0.447686 0
0.039948 0.446104 0
0.038069 0.564471 0
183 3
0.039948 0.446104 0
0.078871 0.468346 0
0.038069 0.564471 0
184 3
0.078871 0.468346 0
0.079273 0.406938 0
0.121166 0.444682 0
185 3
0.039948 0.446104 0
0.079273 0.406938 0
0.078871 0.468346 0
186 3
0.078871 0.468346 0
0.121166 0.444682 0
0.105465 0.577462 0
187 3
0.078871 0.468346 0
0.105465 0.577462 0
0.038069 0.564471 0
188 3
0.038069 0.564471 0
0.105465 0.577462 0
0.104375 0.619008 0
189 3
0.141799 0.486348 0
0.105465 0.577462 0
0.143756 0.447151 0
190 3
0.105465 0.577462 0
0.137736 0.558768 0
0.104375 0.619008 0
191 3
0.141799 0.486348 0
0.137736 0.558768 0
0.105465 0.577462 0
192 3
0.105465 0.577462 0
0.121166 0.444682 0
0.143756 0.447151 0
193 3
0.807061 0.986744 0
0.879739 0.987273 0
0.738747 0.987273 0
194 3
0.674821 0.985164 0
0.504984 0.986522 0
0.673646 0.984807 0
195 3
0.504984 0.986522 0
0.502923 0.986208 0
0.673646 0.984807 0
196 3
0.504984 0.986522 0
0.461750 0.986517 0
0.502923 0.986208 0
197 3
0.461750 0.986517 0
0.446898 0.959444 0
0.446898 0.959444 0
198 3
0.461750 0.986517 0
0.446898 0.959444 0
0.461750 0.986517 0
199 3
0.504984 0.986522 0
0.461750 0.986517 0
0.461750 0.986517 0
200 3
0.878504 0.167786 0
0.753829 0.082125 0
0.738301 0.167786 0
201 3
0.878504 0.167786 0
0.860107 0.082125 0
0.753829 0.082125 0
202 3
0.768691 0.009113 0
0.558773 0.009141 0
0.768691 0.009113 0
203 3
0.860107 0.082125 0
0.832455 0.019513 0
0.781480 0.019513 0
204 3
0.860107 0.082125 0
0.781480 0.019513 0
0.753829 0.082125 0
205 3
0.880351 0.306790 0
0.738301 0.167786 0
0.736572 0.306790 0
206 3
0.880351 0.306790 0
0.878504 0.167786 0
0.738301 0.167786 0
207 3
0.880273 0.418493 0
0.736572 0.306790 0
0.736500 0.418493 0
208 3
0.880273 0.418493 0
0.880351 0.306790 0
0.736572 0.306790 0
209 3
0.880576 0.514045 0
0.736500 0.418493 0
0.735622 0.514045 0
210 3
0.880576 0.514045 0
0.880273 0.418493 0
0.736500 0.418493 0
211 3
0.880243 0.620005 0
0.735622 0.514045 0
0.735613 0.620005 0
212 3
0.880243 0.620005 0
0.880576 0.514045 0
0.735622 0.514045 0
213 3
0.879396 0.729987 0
0.735613 0.620005 0
0.734727 0.729987 0
214 3
0.879396 0.729987 0
0.880243 0.620005 0
0.735613 0.620005 0
215 3
0.879739 0.987273 0
0.734727 0.729987 0
0.738747 0.987273 0
216 3
0.879739 0.987273 0
0.879396 0.729987 0
0.734727 0.729987 0
217 3
0.674821 0.985164 0
0.673646 0.984807 0
0.759461 0.984906 0
218 3
0.155546 0.091121 0
0.155548 0.009710 0
0.218924 0.070933 0
219 3
0.155171 0.205406 0
0.155546 0.091121 0
0.218924 0.070933 0
220 3
0.137503 0.607389 0
0.173158 0.558768 0
0.173390 0.607389 0
221 3
0.137503 0.607389 0
0.137736 0.558768 0
0.173158 0.558768 0
222 3
0.138670 0.632282 0
0.173390 0.607389 0
0.172223 0.632282 0
223 3
0.137503 0.607389 0
0.173390 0.607389 0
0.138670 0.632282 0
224 3
0.125436 0.350399 0
0.155171 0.205406 0
0.185807 0.350399 0
225 3
0.143127 0.418053 0
0.185807 0.350399 0
0.168116 0.418053 0
226 3
0.143127 0.418053 0
0.125436 0.350399 0
0.185807 0.350399 0
227 3
0.143756 0.447151 0
0.168116 0.418053 0
0.167487 0.447151 0
228 3
0.143127 0.418053 0
0.168116 0.418053 0
0.143756 0.447151 0
229 3
0.169444 0.486348 0
0.173158 0.558768 0
0.137736 0.558768 0
230 3
0.141799 0.486348 0
0.169444 0.486348 0
0.137736 0.558768 0
231 3
0.167487 0.447151 0
0.169444 0.486348 0
0.141799 0.486348 0
232 3
0.143756 0.447151 0
0.167487 0.447151 0
0.141799 0.486348 0
233 3
0.512487 0.767451 0
0.520219 0.622286 0
0.544531 0.622547 0
234 3
0.988561 0.602077 0
0.991455 0.594848 0
0.961960 0.598180 0
235 3
0.988561 0.602077 0
0.961960 0.598180 0
0.965493 0.597972 0
236 3
0.540056 0.758103 0
0.672903 0.620586 0
0.672575 0.729085 0
237 3
0.672575 0.729085 0
0.672903 0.620586 0
0.762336 0.618762 0
238 3
0.672575 0.729085 0
0.762336 0.618762 0
0.762230 0.725391 0
239 3
0.769060 0.150339 0
0.680308 0.042442 0
0.769842 0.044079 0
240 3
0.680690 0.154418 0
0.680308 0.042442 0
0.769060 0.150339 0
241 3
0.680690 0.154418 0
0.566334 0.044189 0
0.680308 0.042442 0
242 3
0.565619 0.161398 0
0.566334 0.044189 0
0.680690 0.154418 0
243 3
0.565619 0.161398 0
0.476351 0.058347 0
0.566334 0.044189 0
244 3
0.464935 0.183751 0
0.476351 0.058347 0
0.565619 0.161398 0
245 3
0.567653 0.319497 0
0.682643 0.421716 0
0.577827 0.371039 0
246 3
0.549999 0.371244 0
0.567653 0.319497 0
0.577827 0.371039 0
247 3
0.549999 0.371244 0
0.453404 0.350027 0
0.567653 0.319497 0
248 3
0.673061 0.523231 0
0.769292 0.415081 0
0.763254 0.513611 0
249 3
0.673061 0.523231 0
0.682643 0.421716 0
0.769292 0.415081 0
250 3
0.597101 0.547061 0
0.682643 0.421716 0
0.673061 0.523231 0
251 3
0.597101 0.547061 0
0.600897 0.420910 0
0.682643 0.421716 0
252 3
0.672903 0.620586 0
0.763254 0.513611 0
0.762336 0.618762 0
253 3
0.672903 0.620586 0
0.673061 0.523231 0
0.763254 0.513611 0
254 3
0.461750 0.986517 0
0.446898 0.959444 0
0.502923 0.986208 0
255 3
0.446898 0.959444 0
0.491398 0.870541 0
0.502923 0.986208 0
256 3
0.965493 0.597972 0
0.989393 0.558197 0
0.988561 0.602077 0
257 3
0.453404 0.350027 0
0.549999 0.371244 0
0.530695 0.417055 0
258 3
0.981228 0.420575 0
0.988662 0.458823 0
0.959986 0.422334 0
259 3
0.959986 0.422334 0
0.958917 0.422170 0
0.981228 0.420575 0
260 3
0.961150 0.447734 0
0.981228 0.420575 0
0.958917 0.422170 0
261 3
0.989479 0.449706 0
0.981228 0.420575 0
0.961150 0.447734 0
262 3
0.961545 0.548674 0
0.989479 0.449706 0
0.961150 0.447734 0
263 3
0.961545 0.548674 0
0.989772 0.548027 0
0.989479 0.449706 0
264 3
0.961960 0.598180 0
0.989772 0.548027 0
0.961545 0.548674 0
265 3
0.961960 0.598180 0
0.991455 0.594848 0
0.989772 0.548027 0
266 3
0.566334 0.044189 0
0.522337 0.008174 0
0.566002 0.010829 0
267 3
0.476351 0.058347 0
0.522337 0.008174 0
0.566334 0.044189 0
268 3
0.522337 0.008174 0
0.558773 0.009141 0
0.566002 0.010829 0
269 3
0.682643 0.421716 0
0.768506 0.303565 0
0.769292 0.415081 0
270 3
0.682643 0.421716 0
0.682234 0.303233 0
0.768506 0.303565 0
271 3
0.768506 0.303565 0
0.680690 0.154418 0
0.769060 0.150339 0
272 3
0.768506 0.303565 0
0.682234 0.303233 0
0.680690 0.154418 0
273 3
0.769842 0.044079 0
0.682025 0.009274 0
0.768691 0.009113 0
274 3
0.769842 0.044079 0
0.680308 0.042442 0
0.682025 0.009274 0
275 3
0.682025 0.009274 0
0.558773 0.009141 0
0.768691 0.009113 0
276 3
0.491398 0.870541 0
0.468719 0.843820 0
0.512487 0.767451 0
277 3
0.491398 0.870541 0
0.512487 0.767451 0
0.540056 0.758103 0
278 3
0.566002 0.010829 0
0.558773 0.009141 0
0.682025 0.009274 0
279 3
0.478717 0.010674 0
0.558773 0.009141 0
0.522337 0.008174 0
280 3
0.428207 0.010563 0
0.558773 0.009141 0
0.478717 0.010674 0
281 3
0.155171 0.205406 0
0.218924 0.070933 0
0.249281 0.195224 0
282 3
0.491398 0.870541 0
0.540056 0.758103 0
0.502923 0.986208 0
283 3
0.567653 0.319497 0
0.680690 0.154418 0
0.682234 0.303233 0
284 3
0.567653 0.319497 0
0.565619 0.161398 0
0.680690 0.154418 0
285 3
0.478717 0.010674 0
0.522337 0.008174 0
0.476351 0.058347 0
286 3
0.428207 0.010563 0
0.478717 0.010674 0
0.421103 0.071886 0
287 3
0.476351 0.058347 0
0.421103 0.071886 0
0.478717 0.010674 0
288 3
0.566334 0.044189 0
0.682025 0.009274 0
0.680308 0.042442 0
289 3
0.566334 0.044189 0
0.566002 0.010829 0
0.682025 0.009274 0
290 3
0.447934 0.566810 0
0.512487 0.767451 0
0.468719 0.843820 0
291 3
0.447934 0.566810 0
0.515176 0.567906 0
0.520219 0.622286 0
292 3
0.520219 0.622286 0
0.512487 0.767451 0
0.447934 0.566810 0
293 3
0.447934 0.566810 0
0.530695 0.417055 0
0.515176 0.567906 0
294 3
0.190077 0.444682 0
0.168116 0.418053 0
0.185807 0.350399 0
295 3
0.231970 0.406938 0
0.185807 0.350399 0
0.228761 0.335095 0
296 3
0.190077 0.444682 0
0.185807 0.350399 0
0.231970 0.406938 0
297 3
0.271296 0.446104 0
0.274122 0.345057 0
0.291115 0.447686 0
298 3
0.228761 0.335095 0
0.274122 0.345057 0
0.231970 0.406938 0
299 3
0.173390 0.607389 0
0.173158 0.558768 0
0.206755 0.619008 0
300 3
0.172223 0.632282 0
0.173390 0.607389 0
0.206755 0.619008 0
301 3
0.377521 0.346812 0
0.391111 0.196897 0
0.453404 0.350027 0
302 3
0.377521 0.346812 0
0.453404 0.350027 0
0.409639 0.457606 0
303 3
0.185807 0.350399 0
0.249281 0.195224 0
0.228761 0.335095 0
304 3
0.185807 0.350399 0
0.155171 0.205406 0
0.249281 0.195224 0
305 3
0.167487 0.447151 0
0.168116 0.418053 0
0.190077 0.444682 0
306 3
0.228761 0.335095 0
0.249281 0.195224 0
0.274122 0.345057 0
307 3
0.447934 0.566810 0
0.382541 0.564976 0
0.409639 0.457606 0
308 3
0.291115 0.447686 0
0.273174 0.564471 0
0.271296 0.446104 0
309 3
0.271296 0.446104 0
0.273174 0.564471 0
0.232372 0.468346 0
310 3
0.232372 0.468346 0
0.190077 0.444682 0
0.231970 0.406938 0
311 3
0.232372 0.468346 0
0.231970 0.406938 0
0.271296 0.446104 0
312 3
0.232372 0.468346 0
0.205428 0.577462 0
0.190077 0.444682 0
313 3
0.232372 0.468346 0
0.273174 0.564471 0
0.205428 0.577462 0
314 3
0.273174 0.564471 0
0.206755 0.619008 0
0.205428 0.577462 0
315 3
0.169444 0.486348 0
0.167487 0.447151 0
0.205428 0.577462 0
316 3
0.205428 0.577462 0
0.206755 0.619008 0
0.173158 0.558768 0
317 3
0.169444 0.486348 0
0.205428 0.577462 0
0.173158 0.558768 0
318 3
0.205428 0.577462 0
0.167487 0.447151 0
0.190077 0.444682 0
4
0.000000 -90.000000 0.000000
0.000000 180.000000 0.000000
0.000000 0.000000 0.000000
13.998283 26.996567 16.614098
4
0.000000 0.000000 0.000000
0.000000 0.000000 0.000000
0.000000 0.000000 0.000000
10.552397 21.323933 15.938165
4
0.000000 0.000000 0.000000
0.000000 0.000000 0.000000
0.000000 0.000000 0.000000
16.751722 5.291666 11.021694
4
0.000000 0.000000 0.000000
0.000000 0.000000 0.000000
0.000000 0.000000 0.000000
5.535460 25.494791 15.515125
