2
1
hd_jwill_1
NBAonNBC\HEADS\New_Jersey\LWO\hd_jwill.TGA
321
0 3
0.994326 0.840390 0
0.994566 0.812054 0
0.915004 0.822373 0
1 3
0.994326 0.840390 0
0.914914 0.852930 0
0.915004 0.822373 0
2 3
0.915004 0.822373 0
0.994566 0.812054 0
0.994326 0.840390 0
3 3
0.994326 0.840390 0
0.915004 0.822373 0
0.914914 0.852930 0
4 3
0.373151 0.161700 0
0.252769 0.169099 0
0.287849 0.346190 0
5 3
0.373151 0.161700 0
0.287849 0.346190 0
0.381758 0.338731 0
6 3
0.373151 0.161700 0
0.381758 0.338731 0
0.287849 0.346190 0
7 3
0.373151 0.161700 0
0.287849 0.346190 0
0.252769 0.169099 0
8 3
0.155476 0.057179 0
0.235299 0.052077 0
0.253860 0.169943 0
9 3
0.056313 0.169943 0
0.071560 0.052077 0
0.155476 0.057179 0
10 3
0.155086 0.181316 0
0.155476 0.057179 0
0.253860 0.169943 0
11 3
0.363941 0.940231 0
0.190710 0.985666 0
0.373608 0.860973 0
12 3
0.373608 0.860973 0
0.429809 0.883114 0
0.363941 0.940231 0
13 3
0.373608 0.860973 0
0.190710 0.985666 0
0.363941 0.940231 0
14 3
0.363941 0.940231 0
0.429809 0.883114 0
0.373608 0.860973 0
15 3
0.535214 0.451527 0
0.507167 0.417111 0
0.471807 0.460287 0
16 3
0.524254 0.625263 0
0.535214 0.451527 0
0.471807 0.460287 0
17 3
0.493239 0.690083 0
0.524254 0.625263 0
0.471807 0.460287 0
18 3
0.493239 0.690083 0
0.471807 0.460287 0
0.438584 0.639666 0
19 3
0.438584 0.639666 0
0.451785 0.694216 0
0.493239 0.690083 0
20 3
0.471807 0.460287 0
0.507167 0.417111 0
0.535214 0.451527 0
21 3
0.471807 0.460287 0
0.535214 0.451527 0
0.524254 0.625263 0
22 3
0.471807 0.460287 0
0.524254 0.625263 0
0.493239 0.690083 0
23 3
0.438584 0.639666 0
0.471807 0.460287 0
0.493239 0.690083 0
24 3
0.493239 0.690083 0
0.451785 0.694216 0
0.438584 0.639666 0
25 3
0.098491 0.750748 0
0.113548 0.593684 0
0.133169 0.699603 0
26 3
0.133169 0.699603 0
0.129035 0.742012 0
0.098491 0.750748 0
27 3
0.177950 0.699601 0
0.197338 0.593684 0
0.218877 0.751424 0
28 3
0.218877 0.751424 0
0.182083 0.741971 0
0.177950 0.699601 0
29 3
0.129035 0.742012 0
0.133169 0.699603 0
0.177950 0.699601 0
30 3
0.129035 0.742012 0
0.177950 0.699601 0
0.182083 0.741971 0
31 3
0.133169 0.699603 0
0.142735 0.616360 0
0.167212 0.616360 0
32 3
0.167212 0.616360 0
0.177950 0.699601 0
0.133169 0.699603 0
33 3
0.197338 0.593684 0
0.177950 0.699601 0
0.167212 0.616360 0
34 3
0.142735 0.616360 0
0.133169 0.699603 0
0.113548 0.593684 0
35 3
0.130922 0.841407 0
0.180196 0.841521 0
0.180682 0.929319 0
36 3
0.130922 0.841407 0
0.180682 0.929319 0
0.130437 0.929319 0
37 3
0.130437 0.929319 0
0.091688 0.915930 0
0.130922 0.841407 0
38 3
0.180196 0.841521 0
0.219431 0.915930 0
0.180682 0.929319 0
39 3
0.073684 0.820876 0
0.130922 0.841407 0
0.091688 0.915930 0
40 3
0.237434 0.820876 0
0.219431 0.915930 0
0.180196 0.841521 0
41 3
0.363941 0.940231 0
0.363941 0.940231 0
0.190710 0.985666 0
42 3
0.363941 0.940231 0
0.190710 0.985666 0
0.190710 0.985666 0
43 3
0.123295 0.988383 0
0.130437 0.929319 0
0.180682 0.929319 0
44 3
0.123295 0.988383 0
0.180682 0.929319 0
0.188629 0.988383 0
45 3
0.091688 0.915930 0
0.130437 0.929319 0
0.123295 0.988383 0
46 3
0.219431 0.915930 0
0.188629 0.988383 0
0.180682 0.929319 0
47 3
0.502052 0.309420 0
0.522845 0.409644 0
0.642228 0.447392 0
48 3
0.502052 0.309420 0
0.641706 0.296642 0
0.642228 0.447392 0
49 3
0.522845 0.409644 0
0.545937 0.457868 0
0.642228 0.447392 0
50 3
0.642228 0.447392 0
0.545937 0.457868 0
0.522845 0.409644 0
51 3
0.609872 0.992826 0
0.734971 0.990817 0
0.734932 0.776758 0
52 3
0.609872 0.992826 0
0.589014 0.779556 0
0.734932 0.776758 0
53 3
0.609872 0.992826 0
0.734932 0.776758 0
0.589014 0.779556 0
54 3
0.609872 0.992826 0
0.734932 0.776758 0
0.734971 0.990817 0
55 3
0.252769 0.169099 0
0.373151 0.161700 0
0.369291 0.057445 0
56 3
0.252769 0.169099 0
0.369291 0.057445 0
0.373151 0.161700 0
57 3
0.535627 0.625945 0
0.496871 0.695819 0
0.600556 0.694430 0
58 3
0.600556 0.694430 0
0.625717 0.605722 0
0.535627 0.625945 0
59 3
0.600556 0.694430 0
0.496871 0.695819 0
0.535627 0.625945 0
60 3
0.535627 0.625945 0
0.625717 0.605722 0
0.600556 0.694430 0
61 3
0.373608 0.860973 0
0.372288 0.527715 0
0.280438 0.534205 0
62 3
0.373608 0.860973 0
0.248086 0.748136 0
0.280438 0.534205 0
63 3
0.373608 0.860973 0
0.280438 0.534205 0
0.248086 0.748136 0
64 3
0.373608 0.860973 0
0.280438 0.534205 0
0.372288 0.527715 0
65 3
0.180196 0.841521 0
0.176747 0.794109 0
0.218877 0.751424 0
66 3
0.237434 0.820876 0
0.180196 0.841521 0
0.218877 0.751424 0
67 3
0.176747 0.794109 0
0.180196 0.841521 0
0.130922 0.841407 0
68 3
0.176747 0.794109 0
0.130922 0.841407 0
0.134372 0.794109 0
69 3
0.176747 0.794109 0
0.134372 0.794109 0
0.155559 0.741205 0
70 3
0.134372 0.794109 0
0.129000 0.741590 0
0.155559 0.741205 0
71 3
0.098491 0.750748 0
0.134372 0.794109 0
0.130922 0.841407 0
72 3
0.176747 0.794109 0
0.155559 0.741205 0
0.182118 0.741590 0
73 3
0.176747 0.794109 0
0.182118 0.741590 0
0.218877 0.751424 0
74 3
0.098491 0.750748 0
0.129000 0.741590 0
0.134372 0.794109 0
75 3
0.073684 0.820876 0
0.098491 0.750748 0
0.130922 0.841407 0
76 3
0.029822 0.534757 0
0.113548 0.593684 0
0.064499 0.750822 0
77 3
0.246619 0.750822 0
0.197338 0.593684 0
0.281296 0.534757 0
78 3
0.218877 0.751424 0
0.197338 0.593684 0
0.246619 0.750822 0
79 3
0.098491 0.750748 0
0.073684 0.820876 0
0.064499 0.750822 0
80 3
0.098491 0.750748 0
0.064499 0.750822 0
0.113548 0.593684 0
81 3
0.218877 0.751424 0
0.246619 0.750822 0
0.237434 0.820876 0
82 3
0.045655 0.438477 0
0.054399 0.395087 0
0.081966 0.397044 0
83 3
0.029438 0.346398 0
0.054399 0.395087 0
0.045655 0.438477 0
84 3
0.081966 0.397044 0
0.054399 0.395087 0
0.029438 0.346398 0
85 3
0.234485 0.396807 0
0.265050 0.394850 0
0.274084 0.438239 0
86 3
0.285847 0.346398 0
0.265050 0.394850 0
0.234485 0.396807 0
87 3
0.274084 0.438239 0
0.265050 0.394850 0
0.285847 0.346398 0
88 3
0.373608 0.860973 0
0.220445 0.915414 0
0.190710 0.985666 0
89 3
0.373608 0.860973 0
0.190710 0.985666 0
0.220445 0.915414 0
90 3
0.369291 0.057445 0
0.235970 0.053533 0
0.252769 0.169099 0
91 3
0.252769 0.169099 0
0.235970 0.053533 0
0.369291 0.057445 0
92 3
0.373151 0.161700 0
0.381758 0.338731 0
0.502052 0.309420 0
93 3
0.502052 0.309420 0
0.489954 0.164283 0
0.373151 0.161700 0
94 3
0.502052 0.309420 0
0.381758 0.338731 0
0.373151 0.161700 0
95 3
0.373151 0.161700 0
0.489954 0.164283 0
0.502052 0.309420 0
96 3
0.372288 0.527715 0
0.471807 0.460287 0
0.381758 0.338731 0
97 3
0.381758 0.338731 0
0.317525 0.436520 0
0.372288 0.527715 0
98 3
0.381758 0.338731 0
0.471807 0.460287 0
0.372288 0.527715 0
99 3
0.372288 0.527715 0
0.317525 0.436520 0
0.381758 0.338731 0
100 3
0.484421 0.803625 0
0.435572 0.992327 0
0.609872 0.992826 0
101 3
0.609872 0.992826 0
0.589014 0.779556 0
0.484421 0.803625 0
102 3
0.609872 0.992826 0
0.435572 0.992327 0
0.484421 0.803625 0
103 3
0.484421 0.803625 0
0.589014 0.779556 0
0.609872 0.992826 0
104 3
0.496871 0.695819 0
0.430995 0.811478 0
0.484421 0.803625 0
105 3
0.496871 0.695819 0
0.484421 0.803625 0
0.600556 0.694430 0
106 3
0.496871 0.695819 0
0.600556 0.694430 0
0.484421 0.803625 0
107 3
0.496871 0.695819 0
0.484421 0.803625 0
0.430995 0.811478 0
108 3
0.220445 0.915414 0
0.373608 0.860973 0
0.236345 0.821021 0
109 3
0.248086 0.748136 0
0.236345 0.821021 0
0.373608 0.860973 0
110 3
0.248086 0.748136 0
0.373608 0.860973 0
0.236345 0.821021 0
111 3
0.220445 0.915414 0
0.236345 0.821021 0
0.373608 0.860973 0
112 3
0.615795 0.991015 0
0.609872 0.992826 0
0.466969 0.992466 0
113 3
0.466969 0.992466 0
0.609872 0.992826 0
0.435572 0.992327 0
114 3
0.466969 0.992466 0
0.435572 0.992327 0
0.362860 0.992265 0
115 3
0.615795 0.991015 0
0.734971 0.990817 0
0.609872 0.992826 0
116 3
0.767331 0.055371 0
0.881669 0.071879 0
0.789416 0.225697 0
117 3
0.430995 0.811478 0
0.496871 0.695819 0
0.444410 0.716554 0
118 3
0.994923 0.990176 0
0.915190 0.982687 0
0.994643 0.979919 0
119 3
0.994923 0.990176 0
0.915476 0.986766 0
0.915190 0.982687 0
120 3
0.484421 0.803625 0
0.589014 0.779556 0
0.600556 0.694430 0
121 3
0.589014 0.779556 0
0.735010 0.686812 0
0.600556 0.694430 0
122 3
0.589014 0.779556 0
0.734932 0.776758 0
0.735010 0.686812 0
123 3
0.735189 0.154826 0
0.735009 0.051370 0
0.597631 0.052747 0
124 3
0.622087 0.158110 0
0.735189 0.154826 0
0.597631 0.052747 0
125 3
0.622087 0.158110 0
0.597631 0.052747 0
0.475232 0.058547 0
126 3
0.489954 0.164283 0
0.622087 0.158110 0
0.475232 0.058547 0
127 3
0.489954 0.164283 0
0.475232 0.058547 0
0.369291 0.057445 0
128 3
0.373151 0.161700 0
0.489954 0.164283 0
0.369291 0.057445 0
129 3
0.502052 0.309420 0
0.642228 0.447392 0
0.641706 0.296642 0
130 3
0.485753 0.410097 0
0.522845 0.409644 0
0.502052 0.309420 0
131 3
0.485753 0.410097 0
0.502052 0.309420 0
0.381758 0.338731 0
132 3
0.625717 0.605722 0
0.735182 0.597210 0
0.735310 0.441476 0
133 3
0.625717 0.605722 0
0.735310 0.441476 0
0.642228 0.447392 0
134 3
0.535627 0.625945 0
0.625717 0.605722 0
0.642228 0.447392 0
135 3
0.535627 0.625945 0
0.642228 0.447392 0
0.545937 0.457868 0
136 3
0.600556 0.694430 0
0.735010 0.686812 0
0.735182 0.597210 0
137 3
0.600556 0.694430 0
0.735182 0.597210 0
0.625717 0.605722 0
138 3
0.362860 0.992265 0
0.435572 0.992327 0
0.363941 0.940231 0
139 3
0.363941 0.940231 0
0.435572 0.992327 0
0.429809 0.883114 0
140 3
0.915476 0.986766 0
0.994923 0.990176 0
0.995012 0.962960 0
141 3
0.381758 0.338731 0
0.471807 0.460287 0
0.485753 0.410097 0
142 3
0.994930 0.853092 0
0.994566 0.812054 0
0.915270 0.822746 0
143 3
0.915270 0.822746 0
0.994566 0.812054 0
0.915004 0.822373 0
144 3
0.914943 0.927645 0
0.914914 0.852930 0
0.994326 0.840390 0
145 3
0.914943 0.927645 0
0.994326 0.840390 0
0.994330 0.927108 0
146 3
0.915190 0.982687 0
0.914943 0.927645 0
0.994330 0.927108 0
147 3
0.915190 0.982687 0
0.994330 0.927108 0
0.994643 0.979919 0
148 3
0.632474 0.048587 0
0.653543 0.222282 0
0.726329 0.221932 0
149 3
0.776925 0.051957 0
0.632474 0.048587 0
0.726329 0.221932 0
150 3
0.659014 0.286828 0
0.652428 0.199350 0
0.800551 0.245864 0
151 3
0.642228 0.447392 0
0.735310 0.441476 0
0.735302 0.296908 0
152 3
0.642228 0.447392 0
0.735302 0.296908 0
0.641706 0.296642 0
153 3
0.735302 0.296908 0
0.735189 0.154826 0
0.622087 0.158110 0
154 3
0.735302 0.296908 0
0.622087 0.158110 0
0.641706 0.296642 0
155 3
0.537508 0.072596 0
0.658077 0.223112 0
0.739004 0.222577 0
156 3
0.537508 0.072596 0
0.739004 0.222577 0
0.644569 0.067883 0
157 3
0.690326 0.082416 0
0.788528 0.010782 0
0.800551 0.245864 0
158 3
0.429809 0.883114 0
0.430995 0.811478 0
0.373608 0.860973 0
159 3
0.429809 0.883114 0
0.484421 0.803625 0
0.430995 0.811478 0
160 3
0.652428 0.199350 0
0.690326 0.082416 0
0.800551 0.245864 0
161 3
0.702488 0.276280 0
0.650680 0.175717 0
0.792218 0.134753 0
162 3
0.800113 0.353684 0
0.702488 0.276280 0
0.792218 0.134753 0
163 3
0.155086 0.181316 0
0.056313 0.169943 0
0.155476 0.057179 0
164 3
0.429809 0.883114 0
0.435572 0.992327 0
0.484421 0.803625 0
165 3
0.502052 0.309420 0
0.641706 0.296642 0
0.622087 0.158110 0
166 3
0.502052 0.309420 0
0.622087 0.158110 0
0.489954 0.164283 0
167 3
0.880940 0.222280 0
0.776925 0.051957 0
0.726329 0.221932 0
168 3
0.786405 0.225840 0
0.657688 0.067388 0
0.580094 0.225151 0
169 3
0.476079 0.054828 0
0.580094 0.225151 0
0.657688 0.067388 0
170 3
0.632474 0.048587 0
0.465764 0.067883 0
0.560199 0.222577 0
171 3
0.632474 0.048587 0
0.560199 0.222577 0
0.653543 0.222282 0
172 3
0.372288 0.527715 0
0.373608 0.860973 0
0.430995 0.811478 0
173 3
0.372288 0.527715 0
0.444410 0.716554 0
0.438584 0.639666 0
174 3
0.444410 0.716554 0
0.372288 0.527715 0
0.430995 0.811478 0
175 3
0.372288 0.527715 0
0.438584 0.639666 0
0.471807 0.460287 0
176 3
0.118108 0.427990 0
0.121598 0.347426 0
0.132897 0.388327 0
177 3
0.081966 0.397044 0
0.076925 0.344709 0
0.121598 0.347426 0
178 3
0.118108 0.427990 0
0.081966 0.397044 0
0.121598 0.347426 0
179 3
0.045655 0.438477 0
0.004788 0.440186 0
0.029438 0.346398 0
180 3
0.076925 0.344709 0
0.081966 0.397044 0
0.029438 0.346398 0
181 3
0.141229 0.580297 0
0.113548 0.593684 0
0.141281 0.537945 0
182 3
0.142735 0.616360 0
0.113548 0.593684 0
0.141229 0.580297 0
183 3
0.287849 0.346190 0
0.317525 0.436520 0
0.381758 0.338731 0
184 3
0.121598 0.347426 0
0.076925 0.344709 0
0.056313 0.169943 0
185 3
0.121598 0.347426 0
0.056313 0.169943 0
0.155086 0.181316 0
186 3
0.138107 0.425451 0
0.118108 0.427990 0
0.132897 0.388327 0
187 3
0.076925 0.344709 0
0.029438 0.346398 0
0.056313 0.169943 0
188 3
0.372288 0.527715 0
0.317525 0.436520 0
0.280438 0.534205 0
189 3
0.004788 0.440186 0
0.045655 0.438477 0
0.029822 0.534757 0
190 3
0.045655 0.438477 0
0.081580 0.453349 0
0.029822 0.534757 0
191 3
0.081580 0.453349 0
0.081966 0.397044 0
0.118108 0.427990 0
192 3
0.045655 0.438477 0
0.081966 0.397044 0
0.081580 0.453349 0
193 3
0.081580 0.453349 0
0.118108 0.427990 0
0.114720 0.551619 0
194 3
0.081580 0.453349 0
0.114720 0.551619 0
0.029822 0.534757 0
195 3
0.029822 0.534757 0
0.114720 0.551619 0
0.113548 0.593684 0
196 3
0.139980 0.489269 0
0.114720 0.551619 0
0.138107 0.425451 0
197 3
0.114720 0.551619 0
0.141281 0.537945 0
0.113548 0.593684 0
198 3
0.139980 0.489269 0
0.141281 0.537945 0
0.114720 0.551619 0
199 3
0.114720 0.551619 0
0.118108 0.427990 0
0.138107 0.425451 0
200 3
0.814607 0.990605 0
0.891456 0.990107 0
0.735313 0.990107 0
201 3
0.615795 0.991015 0
0.466969 0.992466 0
0.609872 0.992826 0
202 3
0.466969 0.992466 0
0.435572 0.992327 0
0.609872 0.992826 0
203 3
0.466969 0.992466 0
0.362860 0.992265 0
0.435572 0.992327 0
204 3
0.362860 0.992265 0
0.363941 0.940231 0
0.363941 0.940231 0
205 3
0.362860 0.992265 0
0.363941 0.940231 0
0.362860 0.992265 0
206 3
0.466969 0.992466 0
0.362860 0.992265 0
0.362860 0.992265 0
207 3
0.891602 0.154518 0
0.735346 0.052637 0
0.735287 0.154518 0
208 3
0.891602 0.154518 0
0.891270 0.052637 0
0.735346 0.052637 0
209 3
0.731018 0.010782 0
0.660968 0.245864 0
0.648945 0.010782 0
210 3
0.891270 0.052637 0
0.840106 0.207173 0
0.784844 0.210937 0
211 3
0.891270 0.052637 0
0.784844 0.210937 0
0.735346 0.052637 0
212 3
0.891607 0.297500 0
0.735287 0.154518 0
0.735286 0.297500 0
213 3
0.891607 0.297500 0
0.891602 0.154518 0
0.735287 0.154518 0
214 3
0.891498 0.442133 0
0.735286 0.297500 0
0.735305 0.442133 0
215 3
0.891498 0.442133 0
0.891607 0.297500 0
0.735286 0.297500 0
216 3
0.891440 0.597016 0
0.735305 0.442133 0
0.735315 0.597016 0
217 3
0.891440 0.597016 0
0.891498 0.442133 0
0.735305 0.442133 0
218 3
0.891446 0.687010 0
0.735315 0.597016 0
0.735314 0.687010 0
219 3
0.891446 0.687010 0
0.891440 0.597016 0
0.735315 0.597016 0
220 3
0.891446 0.777342 0
0.735314 0.687010 0
0.735314 0.777342 0
221 3
0.891446 0.777342 0
0.891446 0.687010 0
0.735314 0.687010 0
222 3
0.891456 0.990107 0
0.735314 0.777342 0
0.735313 0.990107 0
223 3
0.891456 0.990107 0
0.891446 0.777342 0
0.735314 0.777342 0
224 3
0.615795 0.991015 0
0.609872 0.992826 0
0.734971 0.990817 0
225 3
0.767331 0.055371 0
0.789416 0.225697 0
0.658608 0.072137 0
226 3
0.141229 0.580297 0
0.168666 0.537945 0
0.168718 0.580297 0
227 3
0.141229 0.580297 0
0.141281 0.537945 0
0.168666 0.537945 0
228 3
0.142735 0.616360 0
0.168718 0.580297 0
0.167212 0.616360 0
229 3
0.141229 0.580297 0
0.168718 0.580297 0
0.142735 0.616360 0
230 3
0.121598 0.347426 0
0.155086 0.181316 0
0.189521 0.347426 0
231 3
0.132897 0.388327 0
0.189521 0.347426 0
0.178083 0.388327 0
232 3
0.132897 0.388327 0
0.121598 0.347426 0
0.189521 0.347426 0
233 3
0.138107 0.425451 0
0.178083 0.388327 0
0.172873 0.425451 0
234 3
0.132897 0.388327 0
0.178083 0.388327 0
0.138107 0.425451 0
235 3
0.171138 0.489269 0
0.168666 0.537945 0
0.141281 0.537945 0
236 3
0.139980 0.489269 0
0.171138 0.489269 0
0.141281 0.537945 0
237 3
0.172873 0.425451 0
0.171138 0.489269 0
0.139980 0.489269 0
238 3
0.138107 0.425451 0
0.172873 0.425451 0
0.139980 0.489269 0
239 3
0.430995 0.811478 0
0.444410 0.716554 0
0.496871 0.695819 0
240 3
0.994923 0.990176 0
0.994643 0.979919 0
0.915190 0.982687 0
241 3
0.994923 0.990176 0
0.915190 0.982687 0
0.915476 0.986766 0
242 3
0.484421 0.803625 0
0.600556 0.694430 0
0.589014 0.779556 0
243 3
0.589014 0.779556 0
0.600556 0.694430 0
0.735010 0.686812 0
244 3
0.589014 0.779556 0
0.735010 0.686812 0
0.734932 0.776758 0
245 3
0.735189 0.154826 0
0.597631 0.052747 0
0.735009 0.051370 0
246 3
0.622087 0.158110 0
0.597631 0.052747 0
0.735189 0.154826 0
247 3
0.622087 0.158110 0
0.475232 0.058547 0
0.597631 0.052747 0
248 3
0.489954 0.164283 0
0.475232 0.058547 0
0.622087 0.158110 0
249 3
0.489954 0.164283 0
0.369291 0.057445 0
0.475232 0.058547 0
250 3
0.373151 0.161700 0
0.369291 0.057445 0
0.489954 0.164283 0
251 3
0.502052 0.309420 0
0.642228 0.447392 0
0.522845 0.409644 0
252 3
0.485753 0.410097 0
0.502052 0.309420 0
0.522845 0.409644 0
253 3
0.485753 0.410097 0
0.381758 0.338731 0
0.502052 0.309420 0
254 3
0.625717 0.605722 0
0.735310 0.441476 0
0.735182 0.597210 0
255 3
0.625717 0.605722 0
0.642228 0.447392 0
0.735310 0.441476 0
256 3
0.535627 0.625945 0
0.642228 0.447392 0
0.625717 0.605722 0
257 3
0.535627 0.625945 0
0.545937 0.457868 0
0.642228 0.447392 0
258 3
0.600556 0.694430 0
0.735182 0.597210 0
0.735010 0.686812 0
259 3
0.600556 0.694430 0
0.625717 0.605722 0
0.735182 0.597210 0
260 3
0.362860 0.992265 0
0.363941 0.940231 0
0.435572 0.992327 0
261 3
0.363941 0.940231 0
0.429809 0.883114 0
0.435572 0.992327 0
262 3
0.915476 0.986766 0
0.995012 0.962960 0
0.994923 0.990176 0
263 3
0.381758 0.338731 0
0.485753 0.410097 0
0.471807 0.460287 0
264 3
0.994566 0.812054 0
0.994930 0.853092 0
0.915270 0.822746 0
265 3
0.915270 0.822746 0
0.915004 0.822373 0
0.994566 0.812054 0
266 3
0.914943 0.927645 0
0.994326 0.840390 0
0.914914 0.852930 0
267 3
0.914943 0.927645 0
0.994330 0.927108 0
0.994326 0.840390 0
268 3
0.915190 0.982687 0
0.994330 0.927108 0
0.914943 0.927645 0
269 3
0.915190 0.982687 0
0.994643 0.979919 0
0.994330 0.927108 0
270 3
0.632474 0.048587 0
0.726332 0.223484 0
0.653547 0.223880 0
271 3
0.776925 0.051957 0
0.726332 0.223484 0
0.632474 0.048587 0
272 3
0.861690 0.286828 0
0.660968 0.245864 0
0.867577 0.199350 0
273 3
0.642228 0.447392 0
0.735302 0.296908 0
0.735310 0.441476 0
274 3
0.642228 0.447392 0
0.641706 0.296642 0
0.735302 0.296908 0
275 3
0.735302 0.296908 0
0.622087 0.158110 0
0.735189 0.154826 0
276 3
0.735302 0.296908 0
0.641706 0.296642 0
0.622087 0.158110 0
277 3
0.537508 0.072596 0
0.739007 0.223937 0
0.658079 0.223690 0
278 3
0.537508 0.072596 0
0.644569 0.067883 0
0.739007 0.223937 0
279 3
0.835470 0.082416 0
0.660968 0.245864 0
0.731018 0.010782 0
280 3
0.429809 0.883114 0
0.373608 0.860973 0
0.430995 0.811478 0
281 3
0.429809 0.883114 0
0.430995 0.811478 0
0.484421 0.803625 0
282 3
0.867577 0.199350 0
0.660968 0.245864 0
0.835470 0.082416 0
283 3
0.802634 0.276280 0
0.652634 0.134753 0
0.853357 0.175717 0
284 3
0.660530 0.353684 0
0.652634 0.134753 0
0.802634 0.276280 0
285 3
0.429809 0.883114 0
0.484421 0.803625 0
0.435572 0.992327 0
286 3
0.502052 0.309420 0
0.622087 0.158110 0
0.641706 0.296642 0
287 3
0.502052 0.309420 0
0.489954 0.164283 0
0.622087 0.158110 0
288 3
0.880943 0.223448 0
0.726332 0.223484 0
0.776925 0.051957 0
289 3
0.786405 0.225840 0
0.580097 0.226319 0
0.657688 0.067388 0
290 3
0.476079 0.054828 0
0.657688 0.067388 0
0.580097 0.226319 0
291 3
0.632474 0.048587 0
0.560202 0.223937 0
0.465764 0.067883 0
292 3
0.632474 0.048587 0
0.653547 0.223880 0
0.560202 0.223937 0
293 3
0.372288 0.527715 0
0.430995 0.811478 0
0.373608 0.860973 0
294 3
0.372288 0.527715 0
0.438584 0.639666 0
0.444410 0.716554 0
295 3
0.444410 0.716554 0
0.430995 0.811478 0
0.372288 0.527715 0
296 3
0.372288 0.527715 0
0.471807 0.460287 0
0.438584 0.639666 0
297 3
0.199060 0.427753 0
0.178083 0.388327 0
0.189521 0.347426 0
298 3
0.234485 0.396807 0
0.189521 0.347426 0
0.238702 0.344709 0
299 3
0.199060 0.427753 0
0.189521 0.347426 0
0.234485 0.396807 0
300 3
0.274084 0.438239 0
0.285847 0.346398 0
0.316747 0.440186 0
301 3
0.238702 0.344709 0
0.285847 0.346398 0
0.234485 0.396807 0
302 3
0.168718 0.580297 0
0.168666 0.537945 0
0.197338 0.593684 0
303 3
0.167212 0.616360 0
0.168718 0.580297 0
0.197338 0.593684 0
304 3
0.287849 0.346190 0
0.381758 0.338731 0
0.317525 0.436520 0
305 3
0.189521 0.347426 0
0.253860 0.169943 0
0.238702 0.344709 0
306 3
0.189521 0.347426 0
0.155086 0.181316 0
0.253860 0.169943 0
307 3
0.172873 0.425451 0
0.178083 0.388327 0
0.199060 0.427753 0
308 3
0.238702 0.344709 0
0.253860 0.169943 0
0.285847 0.346398 0
309 3
0.372288 0.527715 0
0.280438 0.534205 0
0.317525 0.436520 0
310 3
0.316747 0.440186 0
0.281296 0.534757 0
0.274084 0.438239 0
311 3
0.274084 0.438239 0
0.281296 0.534757 0
0.234884 0.453111 0
312 3
0.234884 0.453111 0
0.199060 0.427753 0
0.234485 0.396807 0
313 3
0.234884 0.453111 0
0.234485 0.396807 0
0.274084 0.438239 0
314 3
0.234884 0.453111 0
0.195912 0.551619 0
0.199060 0.427753 0
315 3
0.234884 0.453111 0
0.281296 0.534757 0
0.195912 0.551619 0
316 3
0.281296 0.534757 0
0.197338 0.593684 0
0.195912 0.551619 0
317 3
0.171138 0.489269 0
0.172873 0.425451 0
0.195912 0.551619 0
318 3
0.195912 0.551619 0
0.197338 0.593684 0
0.168666 0.537945 0
319 3
0.171138 0.489269 0
0.195912 0.551619 0
0.168666 0.537945 0
320 3
0.195912 0.551619 0
0.172873 0.425451 0
0.199060 0.427753 0
4
0.000000 0.000000 0.000000
0.000000 0.000000 0.000000
0.000000 0.000000 0.000000
1.000000 1.000000 1.000000
