1
9
Utah\LWO\hd_jhorn.tga
Utah\LWO\hd_jhorn.tga
Utah\LWO\hd_jhorn.tga
Utah\LWO\hd_jhorn.tga
Utah\LWO\hd_jhorn.tga
Utah\LWO\hd_jhorn.tga
Utah\LWO\hd_jhorn.tga
Utah\LWO\hd_jhorn.tga
Utah\LWO\hd_jhorn.tga
317
0 3
0.709147 0.280453 0
0.600832 0.298353 0
0.630666 0.374680 0
1 3
0.709147 0.280453 0
0.630666 0.374680 0
0.710310 0.379358 0
2 3
0.709147 0.280453 0
0.710310 0.379358 0
0.630666 0.374680 0
3 3
0.709147 0.280453 0
0.630666 0.374680 0
0.600832 0.298353 0
4 3
0.600021 0.106685 0
0.600832 0.298353 0
0.709147 0.280453 0
5 3
0.709147 0.280453 0
0.708528 0.104545 0
0.600021 0.106685 0
6 3
0.709147 0.280453 0
0.600832 0.298353 0
0.600021 0.106685 0
7 3
0.600021 0.106685 0
0.708528 0.104545 0
0.709147 0.280453 0
8 3
0.755119 0.084205 0
0.774603 0.192998 0
0.865240 0.185477 0
9 3
0.474288 0.087417 0
0.391342 0.093423 0
0.375762 0.005554 0
10 3
0.862969 0.083599 0
0.755119 0.084205 0
0.865240 0.185477 0
11 3
0.462048 0.006579 0
0.474288 0.087417 0
0.375762 0.005554 0
12 3
0.426707 0.935141 0
0.350369 0.984999 0
0.453882 0.821559 0
13 3
0.453882 0.821559 0
0.487414 0.857226 0
0.426707 0.935141 0
14 3
0.453882 0.821559 0
0.350369 0.984999 0
0.426707 0.935141 0
15 3
0.426707 0.935141 0
0.487414 0.857226 0
0.453882 0.821559 0
16 3
0.123156 0.922798 0
0.086882 0.905046 0
0.125933 0.818733 0
17 3
0.176566 0.818839 0
0.208884 0.905046 0
0.176186 0.922798 0
18 3
0.074441 0.823650 0
0.125933 0.818733 0
0.086882 0.905046 0
19 3
0.221288 0.823650 0
0.208884 0.905046 0
0.176566 0.818839 0
20 3
0.913465 0.833651 0
0.990999 0.848317 0
0.966042 0.792214 0
21 3
0.966042 0.792214 0
0.913494 0.778474 0
0.913465 0.833651 0
22 3
0.966042 0.792214 0
0.990999 0.848317 0
0.913465 0.833651 0
23 3
0.913465 0.833651 0
0.913494 0.778474 0
0.966042 0.792214 0
24 3
0.148525 0.073713 0
0.246546 0.111603 0
0.225396 0.356367 0
25 3
0.148525 0.073713 0
0.121122 0.362416 0
0.077837 0.356367 0
26 3
0.148525 0.073713 0
0.077837 0.356367 0
0.050381 0.111603 0
27 3
0.148525 0.073713 0
0.225396 0.356367 0
0.180608 0.362416 0
28 3
0.874305 0.009439 0
0.874067 0.114589 0
0.783184 0.114316 0
29 3
0.887166 0.231941 0
0.782775 0.232252 0
0.783184 0.114316 0
30 3
0.874305 0.009439 0
0.783184 0.114316 0
0.781973 0.010897 0
31 3
0.464560 0.322052 0
0.466043 0.525392 0
0.555460 0.445963 0
32 3
0.464560 0.322052 0
0.555460 0.445963 0
0.578984 0.366783 0
33 3
0.416816 0.439072 0
0.466043 0.525392 0
0.464560 0.322052 0
34 3
0.464560 0.322052 0
0.578984 0.366783 0
0.555460 0.445963 0
35 3
0.464560 0.322052 0
0.555460 0.445963 0
0.466869 0.525929 0
36 3
0.416816 0.439072 0
0.464560 0.322052 0
0.466869 0.525929 0
37 3
0.464560 0.322052 0
0.600832 0.298353 0
0.578984 0.366783 0
38 3
0.464560 0.322052 0
0.578984 0.366783 0
0.600832 0.298353 0
39 3
0.614869 0.381094 0
0.587213 0.375678 0
0.631731 0.447868 0
40 3
0.555460 0.445963 0
0.631731 0.447868 0
0.587213 0.375678 0
41 3
0.631731 0.447868 0
0.587213 0.375678 0
0.614869 0.381094 0
42 3
0.555460 0.445963 0
0.587213 0.375678 0
0.631731 0.447868 0
43 3
0.913494 0.778474 0
0.966511 0.786475 0
0.913575 0.777491 0
44 3
0.913638 0.831835 0
0.913575 0.777491 0
0.966511 0.786475 0
45 3
0.913638 0.831835 0
0.966511 0.786475 0
0.913575 0.777491 0
46 3
0.913494 0.778474 0
0.913575 0.777491 0
0.966511 0.786475 0
47 3
0.639397 0.463260 0
0.620560 0.565275 0
0.711261 0.553335 0
48 3
0.710310 0.379358 0
0.630666 0.374680 0
0.639397 0.463260 0
49 3
0.710310 0.379358 0
0.639397 0.463260 0
0.711261 0.553335 0
50 3
0.711261 0.553335 0
0.620560 0.565275 0
0.639397 0.463260 0
51 3
0.710310 0.379358 0
0.711261 0.553335 0
0.639397 0.463260 0
52 3
0.710310 0.379358 0
0.639397 0.463260 0
0.630666 0.374680 0
53 3
0.710310 0.379358 0
0.711261 0.553335 0
0.806593 0.550692 0
54 3
0.710310 0.379358 0
0.806593 0.550692 0
0.806649 0.380270 0
55 3
0.759533 0.556227 0
0.886532 0.556227 0
0.881765 0.380890 0
56 3
0.881765 0.380890 0
0.751800 0.380890 0
0.759533 0.556227 0
57 3
0.710310 0.379358 0
0.806649 0.380270 0
0.806593 0.550692 0
58 3
0.710310 0.379358 0
0.806593 0.550692 0
0.711261 0.553335 0
59 3
0.612563 0.557103 0
0.631731 0.447868 0
0.555460 0.445963 0
60 3
0.571942 0.637846 0
0.612563 0.557103 0
0.555460 0.445963 0
61 3
0.571942 0.637846 0
0.555460 0.445963 0
0.535639 0.591988 0
62 3
0.535639 0.591988 0
0.549798 0.641322 0
0.571942 0.637846 0
63 3
0.555460 0.445963 0
0.631731 0.447868 0
0.612563 0.557103 0
64 3
0.555460 0.445963 0
0.612563 0.557103 0
0.571942 0.637846 0
65 3
0.535639 0.591988 0
0.555460 0.445963 0
0.571942 0.637846 0
66 3
0.571942 0.637846 0
0.549798 0.641322 0
0.535639 0.591988 0
67 3
0.084008 0.707974 0
0.106019 0.608026 0
0.132062 0.685602 0
68 3
0.132062 0.685602 0
0.128008 0.708216 0
0.084008 0.707974 0
69 3
0.170348 0.685600 0
0.197973 0.608026 0
0.218114 0.708603 0
70 3
0.218114 0.708603 0
0.168241 0.708178 0
0.170348 0.685600 0
71 3
0.128008 0.708216 0
0.132062 0.685602 0
0.170348 0.685600 0
72 3
0.128008 0.708216 0
0.170348 0.685600 0
0.168241 0.708178 0
73 3
0.132062 0.685602 0
0.139762 0.642228 0
0.167424 0.642228 0
74 3
0.167424 0.642228 0
0.170348 0.685600 0
0.132062 0.685602 0
75 3
0.197973 0.608026 0
0.170348 0.685600 0
0.167424 0.642228 0
76 3
0.139762 0.642228 0
0.132062 0.685602 0
0.106019 0.608026 0
77 3
0.125933 0.818733 0
0.176566 0.818839 0
0.176186 0.922798 0
78 3
0.125933 0.818733 0
0.176186 0.922798 0
0.123156 0.922798 0
79 3
0.426707 0.935141 0
0.426707 0.935141 0
0.350369 0.984999 0
80 3
0.426707 0.935141 0
0.350369 0.984999 0
0.350369 0.984999 0
81 3
0.121729 0.972827 0
0.123156 0.922798 0
0.176186 0.922798 0
82 3
0.121729 0.972827 0
0.176186 0.922798 0
0.176099 0.972827 0
83 3
0.086882 0.905046 0
0.123156 0.922798 0
0.121729 0.972827 0
84 3
0.208884 0.905046 0
0.176099 0.972827 0
0.176186 0.922798 0
85 3
0.711026 0.991180 0
0.795044 0.991188 0
0.795309 0.739045 0
86 3
0.711026 0.991180 0
0.710715 0.738060 0
0.795309 0.739045 0
87 3
0.711026 0.991180 0
0.795309 0.739045 0
0.710715 0.738060 0
88 3
0.711026 0.991180 0
0.795309 0.739045 0
0.795044 0.991188 0
89 3
0.447592 0.195645 0
0.520810 0.424274 0
0.561788 0.187417 0
90 3
0.391342 0.093423 0
0.474288 0.087417 0
0.464560 0.322052 0
91 3
0.620560 0.565275 0
0.584189 0.656365 0
0.711261 0.553335 0
92 3
0.711261 0.553335 0
0.584189 0.656365 0
0.620560 0.565275 0
93 3
0.453882 0.821559 0
0.466043 0.525392 0
0.385102 0.548207 0
94 3
0.453882 0.821559 0
0.383552 0.708624 0
0.385102 0.548207 0
95 3
0.453882 0.821559 0
0.385102 0.548207 0
0.383552 0.708624 0
96 3
0.453882 0.821559 0
0.385102 0.548207 0
0.466869 0.525929 0
97 3
0.176566 0.818839 0
0.173579 0.774611 0
0.218114 0.708603 0
98 3
0.221288 0.823650 0
0.176566 0.818839 0
0.218114 0.708603 0
99 3
0.173579 0.774611 0
0.176566 0.818839 0
0.125933 0.818733 0
100 3
0.173579 0.774611 0
0.125933 0.818733 0
0.128921 0.774611 0
101 3
0.173579 0.774611 0
0.128921 0.774611 0
0.151539 0.708155 0
102 3
0.128921 0.774611 0
0.127978 0.710297 0
0.151539 0.708155 0
103 3
0.084008 0.707974 0
0.128921 0.774611 0
0.125933 0.818733 0
104 3
0.173579 0.774611 0
0.151539 0.708155 0
0.174521 0.710296 0
105 3
0.173579 0.774611 0
0.174521 0.710296 0
0.218114 0.708603 0
106 3
0.084008 0.707974 0
0.127978 0.710297 0
0.128921 0.774611 0
107 3
0.074441 0.823650 0
0.084008 0.707974 0
0.125933 0.818733 0
108 3
0.033262 0.548308 0
0.106019 0.608026 0
0.057232 0.708930 0
109 3
0.242621 0.711152 0
0.197973 0.608026 0
0.266121 0.548308 0
110 3
0.218114 0.708603 0
0.197973 0.608026 0
0.242621 0.711152 0
111 3
0.084008 0.707974 0
0.074441 0.823650 0
0.057232 0.708930 0
112 3
0.084008 0.707974 0
0.057232 0.708930 0
0.106019 0.608026 0
113 3
0.218114 0.708603 0
0.242621 0.711152 0
0.221288 0.823650 0
114 3
0.050478 0.434750 0
0.056691 0.407028 0
0.082299 0.400236 0
115 3
0.033806 0.374398 0
0.056691 0.407028 0
0.050478 0.434750 0
116 3
0.082299 0.400236 0
0.056691 0.407028 0
0.033806 0.374398 0
117 3
0.216677 0.400523 0
0.239990 0.407315 0
0.249200 0.435037 0
118 3
0.264819 0.374398 0
0.239990 0.407315 0
0.216677 0.400523 0
119 3
0.249200 0.435037 0
0.239990 0.407315 0
0.264819 0.374398 0
120 3
0.453882 0.821559 0
0.364867 0.906955 0
0.350369 0.984999 0
121 3
0.453882 0.821559 0
0.350369 0.984999 0
0.364867 0.906955 0
122 3
0.474288 0.087417 0
0.464560 0.322052 0
0.600832 0.298353 0
123 3
0.600832 0.298353 0
0.600021 0.106685 0
0.474288 0.087417 0
124 3
0.600832 0.298353 0
0.464560 0.322052 0
0.474288 0.087417 0
125 3
0.474288 0.087417 0
0.600021 0.106685 0
0.600832 0.298353 0
126 3
0.576012 0.723147 0
0.557439 0.991457 0
0.711026 0.991180 0
127 3
0.711026 0.991180 0
0.710715 0.738060 0
0.576012 0.723147 0
128 3
0.711026 0.991180 0
0.557439 0.991457 0
0.576012 0.723147 0
129 3
0.576012 0.723147 0
0.710715 0.738060 0
0.711026 0.991180 0
130 3
0.584189 0.656365 0
0.525552 0.719365 0
0.576012 0.723147 0
131 3
0.584189 0.656365 0
0.576012 0.723147 0
0.711261 0.553335 0
132 3
0.584189 0.656365 0
0.711261 0.553335 0
0.576012 0.723147 0
133 3
0.584189 0.656365 0
0.576012 0.723147 0
0.525552 0.719365 0
134 3
0.364867 0.906955 0
0.453882 0.821559 0
0.377773 0.824354 0
135 3
0.383552 0.708624 0
0.377773 0.824354 0
0.453882 0.821559 0
136 3
0.383552 0.708624 0
0.453882 0.821559 0
0.377773 0.824354 0
137 3
0.364867 0.906955 0
0.377773 0.824354 0
0.453882 0.821559 0
138 3
0.717713 0.992665 0
0.711026 0.991180 0
0.572232 0.992827 0
139 3
0.572232 0.992827 0
0.711026 0.991180 0
0.557439 0.991457 0
140 3
0.572232 0.992827 0
0.557439 0.991457 0
0.497222 0.991921 0
141 3
0.717713 0.992665 0
0.795044 0.991188 0
0.711026 0.991180 0
142 3
0.783184 0.114316 0
0.782775 0.232252 0
0.679886 0.115923 0
143 3
0.525552 0.719365 0
0.584189 0.656365 0
0.534881 0.655281 0
144 3
0.913694 0.989140 0
0.991896 0.981049 0
0.913616 0.970847 0
145 3
0.913694 0.989140 0
0.992469 0.980115 0
0.991896 0.981049 0
146 3
0.576012 0.723147 0
0.710715 0.738060 0
0.711261 0.553335 0
147 3
0.710715 0.738060 0
0.806593 0.550692 0
0.711261 0.553335 0
148 3
0.710715 0.738060 0
0.795309 0.739045 0
0.806593 0.550692 0
149 3
0.803914 0.107470 0
0.802755 0.007559 0
0.705718 0.005976 0
150 3
0.708528 0.104545 0
0.803914 0.107470 0
0.705718 0.005976 0
151 3
0.708528 0.104545 0
0.705718 0.005976 0
0.594059 0.005998 0
152 3
0.600021 0.106685 0
0.708528 0.104545 0
0.594059 0.005998 0
153 3
0.600021 0.106685 0
0.594059 0.005998 0
0.462054 0.006051 0
154 3
0.474288 0.087417 0
0.600021 0.106685 0
0.462054 0.006051 0
155 3
0.578984 0.366783 0
0.630666 0.374680 0
0.600832 0.298353 0
156 3
0.497222 0.991921 0
0.557439 0.991457 0
0.426707 0.935141 0
157 3
0.426707 0.935141 0
0.557439 0.991457 0
0.487414 0.857226 0
158 3
0.992469 0.980115 0
0.913694 0.989140 0
0.913710 0.931376 0
159 3
0.966511 0.786475 0
0.913494 0.778474 0
0.966042 0.792214 0
160 3
0.991257 0.908384 0
0.990999 0.848317 0
0.913465 0.833651 0
161 3
0.991257 0.908384 0
0.913465 0.833651 0
0.913506 0.901351 0
162 3
0.991896 0.981049 0
0.991257 0.908384 0
0.913506 0.901351 0
163 3
0.991896 0.981049 0
0.913506 0.901351 0
0.913616 0.970847 0
164 3
0.694737 0.010810 0
0.696771 0.071479 0
0.631220 0.072282 0
165 3
0.564455 0.114093 0
0.694737 0.010810 0
0.631220 0.072282 0
166 3
0.772508 0.053268 0
0.684133 0.053233 0
0.686391 0.130383 0
167 3
0.710310 0.379358 0
0.806649 0.380270 0
0.807465 0.272904 0
168 3
0.710310 0.379358 0
0.807465 0.272904 0
0.709147 0.280453 0
169 3
0.807465 0.272904 0
0.803914 0.107470 0
0.708528 0.104545 0
170 3
0.807465 0.272904 0
0.708528 0.104545 0
0.709147 0.280453 0
171 3
0.880653 0.009412 0
0.881021 0.071096 0
0.777438 0.071275 0
172 3
0.880653 0.009412 0
0.777438 0.071275 0
0.775232 0.008439 0
173 3
0.632280 0.050325 0
0.512521 0.144910 0
0.686391 0.130383 0
174 3
0.487414 0.857226 0
0.525552 0.719365 0
0.453882 0.821559 0
175 3
0.487414 0.857226 0
0.576012 0.723147 0
0.525552 0.719365 0
176 3
0.684133 0.053233 0
0.632280 0.050325 0
0.686391 0.130383 0
177 3
0.861313 0.052397 0
0.772508 0.053268 0
0.686391 0.130383 0
178 3
0.897227 0.129097 0
0.861313 0.052397 0
0.686391 0.130383 0
179 3
0.887166 0.231941 0
0.783184 0.114316 0
0.874067 0.114589 0
180 3
0.487414 0.857226 0
0.557439 0.991457 0
0.576012 0.723147 0
181 3
0.568547 0.072204 0
0.564455 0.114093 0
0.631220 0.072282 0
182 3
0.679886 0.115923 0
0.782775 0.232252 0
0.681392 0.231834 0
183 3
0.564455 0.114093 0
0.568547 0.072204 0
0.484072 0.114551 0
184 3
0.694737 0.010810 0
0.775232 0.008439 0
0.777438 0.071275 0
185 3
0.694737 0.010810 0
0.777438 0.071275 0
0.696771 0.071479 0
186 3
0.466043 0.525392 0
0.453882 0.821559 0
0.525552 0.719365 0
187 3
0.466043 0.525392 0
0.534881 0.655281 0
0.535639 0.591988 0
188 3
0.534881 0.655281 0
0.466043 0.525392 0
0.525552 0.719365 0
189 3
0.466043 0.525392 0
0.535639 0.591988 0
0.555460 0.445963 0
190 3
0.117187 0.438070 0
0.121122 0.362416 0
0.138983 0.399724 0
191 3
0.082299 0.400236 0
0.077837 0.356367 0
0.121122 0.362416 0
192 3
0.117187 0.438070 0
0.082299 0.400236 0
0.121122 0.362416 0
193 3
0.050478 0.434750 0
0.015349 0.435949 0
0.033806 0.374398 0
194 3
0.077837 0.356367 0
0.082299 0.400236 0
0.033806 0.374398 0
195 3
0.138471 0.610148 0
0.106019 0.608026 0
0.136901 0.575474 0
196 3
0.139762 0.642228 0
0.106019 0.608026 0
0.138471 0.610148 0
197 3
0.373066 0.348755 0
0.464560 0.322052 0
0.391342 0.093423 0
198 3
0.373066 0.348755 0
0.416816 0.439072 0
0.464560 0.322052 0
199 3
0.139678 0.439217 0
0.117187 0.438070 0
0.138983 0.399724 0
200 3
0.077837 0.356367 0
0.033806 0.374398 0
0.050381 0.111603 0
201 3
0.466043 0.525392 0
0.416816 0.439072 0
0.385102 0.548207 0
202 3
0.015349 0.435949 0
0.050478 0.434750 0
0.033262 0.548308 0
203 3
0.050478 0.434750 0
0.081928 0.450293 0
0.033262 0.548308 0
204 3
0.081928 0.450293 0
0.082299 0.400236 0
0.117187 0.438070 0
205 3
0.050478 0.434750 0
0.082299 0.400236 0
0.081928 0.450293 0
206 3
0.081928 0.450293 0
0.117187 0.438070 0
0.107024 0.580279 0
207 3
0.081928 0.450293 0
0.107024 0.580279 0
0.033262 0.548308 0
208 3
0.033262 0.548308 0
0.107024 0.580279 0
0.106019 0.608026 0
209 3
0.138863 0.494895 0
0.107024 0.580279 0
0.139678 0.439217 0
210 3
0.107024 0.580279 0
0.136901 0.575474 0
0.106019 0.608026 0
211 3
0.138863 0.494895 0
0.136901 0.575474 0
0.107024 0.580279 0
212 3
0.107024 0.580279 0
0.117187 0.438070 0
0.139678 0.439217 0
213 3
0.827199 0.992827 0
0.886422 0.991609 0
0.761726 0.991609 0
214 3
0.717713 0.992665 0
0.572232 0.992827 0
0.711026 0.991180 0
215 3
0.572232 0.992827 0
0.557439 0.991457 0
0.711026 0.991180 0
216 3
0.572232 0.992827 0
0.497222 0.991921 0
0.557439 0.991457 0
217 3
0.497222 0.991921 0
0.426707 0.935141 0
0.426707 0.935141 0
218 3
0.497222 0.991921 0
0.426707 0.935141 0
0.497222 0.991921 0
219 3
0.572232 0.992827 0
0.497222 0.991921 0
0.497222 0.991921 0
220 3
0.880668 0.104605 0
0.767943 0.004370 0
0.761230 0.104605 0
221 3
0.880668 0.104605 0
0.864911 0.006741 0
0.767943 0.004370 0
222 3
0.496603 0.069388 0
0.686391 0.130383 0
0.512521 0.144910 0
223 3
0.864911 0.006741 0
0.829844 0.104950 0
0.789475 0.106645 0
224 3
0.864911 0.006741 0
0.789475 0.106645 0
0.767943 0.004370 0
225 3
0.883143 0.277454 0
0.761230 0.104605 0
0.750422 0.277454 0
226 3
0.883143 0.277454 0
0.880668 0.104605 0
0.761230 0.104605 0
227 3
0.881765 0.380890 0
0.750422 0.277454 0
0.751800 0.380890 0
228 3
0.881765 0.380890 0
0.883143 0.277454 0
0.750422 0.277454 0
229 3
0.886047 0.738646 0
0.759533 0.556227 0
0.762101 0.738646 0
230 3
0.886047 0.738646 0
0.886532 0.556227 0
0.759533 0.556227 0
231 3
0.886422 0.991609 0
0.762101 0.738646 0
0.761726 0.991609 0
232 3
0.886422 0.991609 0
0.886047 0.738646 0
0.762101 0.738646 0
233 3
0.717713 0.992665 0
0.711026 0.991180 0
0.795044 0.991188 0
234 3
0.783184 0.114316 0
0.679886 0.115923 0
0.781973 0.010897 0
235 3
0.138471 0.610148 0
0.169961 0.575474 0
0.168715 0.610148 0
236 3
0.138471 0.610148 0
0.136901 0.575474 0
0.169961 0.575474 0
237 3
0.139762 0.642228 0
0.168715 0.610148 0
0.167424 0.642228 0
238 3
0.138471 0.610148 0
0.168715 0.610148 0
0.139762 0.642228 0
239 3
0.121122 0.362416 0
0.148525 0.073713 0
0.180608 0.362416 0
240 3
0.138983 0.399724 0
0.180608 0.362416 0
0.166611 0.399724 0
241 3
0.138983 0.399724 0
0.121122 0.362416 0
0.180608 0.362416 0
242 3
0.139678 0.439217 0
0.166611 0.399724 0
0.165915 0.439217 0
243 3
0.138983 0.399724 0
0.166611 0.399724 0
0.139678 0.439217 0
244 3
0.166727 0.494895 0
0.169961 0.575474 0
0.136901 0.575474 0
245 3
0.138863 0.494895 0
0.166727 0.494895 0
0.136901 0.575474 0
246 3
0.165915 0.439217 0
0.166727 0.494895 0
0.138863 0.494895 0
247 3
0.139678 0.439217 0
0.165915 0.439217 0
0.138863 0.494895 0
248 3
0.525552 0.719365 0
0.534881 0.655281 0
0.584189 0.656365 0
249 3
0.913694 0.989140 0
0.913616 0.970847 0
0.991896 0.981049 0
250 3
0.913694 0.989140 0
0.991896 0.981049 0
0.992469 0.980115 0
251 3
0.576012 0.723147 0
0.711261 0.553335 0
0.710715 0.738060 0
252 3
0.710715 0.738060 0
0.711261 0.553335 0
0.806593 0.550692 0
253 3
0.710715 0.738060 0
0.806593 0.550692 0
0.795309 0.739045 0
254 3
0.803914 0.107470 0
0.705712 0.006542 0
0.802729 0.009871 0
255 3
0.708528 0.104545 0
0.705712 0.006542 0
0.803914 0.107470 0
256 3
0.708528 0.104545 0
0.594069 0.005124 0
0.705712 0.006542 0
257 3
0.600021 0.106685 0
0.594069 0.005124 0
0.708528 0.104545 0
258 3
0.600021 0.106685 0
0.462048 0.006579 0
0.594069 0.005124 0
259 3
0.474288 0.087417 0
0.462048 0.006579 0
0.600021 0.106685 0
260 3
0.578984 0.366783 0
0.600832 0.298353 0
0.630666 0.374680 0
261 3
0.497222 0.991921 0
0.426707 0.935141 0
0.557439 0.991457 0
262 3
0.426707 0.935141 0
0.487414 0.857226 0
0.557439 0.991457 0
263 3
0.992469 0.980115 0
0.913710 0.931376 0
0.913694 0.989140 0
264 3
0.966511 0.786475 0
0.966042 0.792214 0
0.913494 0.778474 0
265 3
0.991257 0.908384 0
0.913465 0.833651 0
0.990999 0.848317 0
266 3
0.991257 0.908384 0
0.913506 0.901351 0
0.913465 0.833651 0
267 3
0.991896 0.981049 0
0.913506 0.901351 0
0.991257 0.908384 0
268 3
0.991896 0.981049 0
0.913616 0.970847 0
0.913506 0.901351 0
269 3
0.694770 0.009937 0
0.631309 0.070778 0
0.696887 0.069526 0
270 3
0.562352 0.010176 0
0.631309 0.070778 0
0.694770 0.009937 0
271 3
0.733200 0.007946 0
0.686391 0.130383 0
0.645543 0.007353 0
272 3
0.710310 0.379358 0
0.807465 0.272904 0
0.806649 0.380270 0
273 3
0.710310 0.379358 0
0.709147 0.280453 0
0.807465 0.272904 0
274 3
0.807465 0.272904 0
0.708528 0.104545 0
0.803914 0.107470 0
275 3
0.807465 0.272904 0
0.709147 0.280453 0
0.708528 0.104545 0
276 3
0.880567 0.011722 0
0.777465 0.070831 0
0.881120 0.069446 0
277 3
0.880567 0.011722 0
0.775211 0.009005 0
0.777465 0.070831 0
278 3
0.578669 0.015601 0
0.686391 0.130383 0
0.496603 0.069388 0
279 3
0.487414 0.857226 0
0.453882 0.821559 0
0.525552 0.719365 0
280 3
0.487414 0.857226 0
0.525552 0.719365 0
0.576012 0.723147 0
281 3
0.645543 0.007353 0
0.686391 0.130383 0
0.578669 0.015601 0
282 3
0.820310 0.007827 0
0.686391 0.130383 0
0.733200 0.007946 0
283 3
0.897227 0.129097 0
0.686391 0.130383 0
0.820310 0.007827 0
284 3
0.487414 0.857226 0
0.576012 0.723147 0
0.557439 0.991457 0
285 3
0.568548 0.072178 0
0.631309 0.070778 0
0.562352 0.010176 0
286 3
0.679886 0.115923 0
0.680751 0.010806 0
0.781973 0.010897 0
287 3
0.562352 0.010176 0
0.475776 0.009125 0
0.568548 0.072178 0
288 3
0.694770 0.009937 0
0.777465 0.070831 0
0.775211 0.009005 0
289 3
0.694770 0.009937 0
0.696887 0.069526 0
0.777465 0.070831 0
290 3
0.466869 0.525929 0
0.525552 0.719365 0
0.453882 0.821559 0
291 3
0.466869 0.525929 0
0.535639 0.591988 0
0.534881 0.655281 0
292 3
0.534881 0.655281 0
0.525552 0.719365 0
0.466869 0.525929 0
293 3
0.466869 0.525929 0
0.555460 0.445963 0
0.535639 0.591988 0
294 3
0.186200 0.438357 0
0.166611 0.399724 0
0.180608 0.362416 0
295 3
0.216677 0.400523 0
0.180608 0.362416 0
0.225396 0.356367 0
296 3
0.186200 0.438357 0
0.180608 0.362416 0
0.216677 0.400523 0
297 3
0.249200 0.435037 0
0.264819 0.374398 0
0.279720 0.435949 0
298 3
0.225396 0.356367 0
0.264819 0.374398 0
0.216677 0.400523 0
299 3
0.168715 0.610148 0
0.169961 0.575474 0
0.197973 0.608026 0
300 3
0.167424 0.642228 0
0.168715 0.610148 0
0.197973 0.608026 0
301 3
0.373066 0.348755 0
0.391342 0.093423 0
0.464560 0.322052 0
302 3
0.373066 0.348755 0
0.464560 0.322052 0
0.416816 0.439072 0
303 3
0.165915 0.439217 0
0.166611 0.399724 0
0.186200 0.438357 0
304 3
0.225396 0.356367 0
0.246546 0.111603 0
0.264819 0.374398 0
305 3
0.466869 0.525929 0
0.385102 0.548207 0
0.416816 0.439072 0
306 3
0.279720 0.435949 0
0.266121 0.548308 0
0.249200 0.435037 0
307 3
0.249200 0.435037 0
0.266121 0.548308 0
0.217048 0.450580 0
308 3
0.217048 0.450580 0
0.186200 0.438357 0
0.216677 0.400523 0
309 3
0.217048 0.450580 0
0.216677 0.400523 0
0.249200 0.435037 0
310 3
0.217048 0.450580 0
0.196427 0.580279 0
0.186200 0.438357 0
311 3
0.217048 0.450580 0
0.266121 0.548308 0
0.196427 0.580279 0
312 3
0.266121 0.548308 0
0.197973 0.608026 0
0.196427 0.580279 0
313 3
0.166727 0.494895 0
0.165915 0.439217 0
0.196427 0.580279 0
314 3
0.196427 0.580279 0
0.197973 0.608026 0
0.169961 0.575474 0
315 3
0.166727 0.494895 0
0.196427 0.580279 0
0.169961 0.575474 0
316 3
0.196427 0.580279 0
0.165915 0.439217 0
0.186200 0.438357 0
4
0.000000 -90.000000 0.000000
0.000000 180.000000 0.000000
0.000000 0.000000 0.000000
14.448275 27.896549 18.694832
4
0.000000 0.000000 0.000000
0.000000 0.000000 0.000000
0.000000 0.000000 0.000000
11.015659 22.181580 16.598619
4
0.000000 -90.000000 0.000000
0.000000 0.000000 0.000000
0.000000 0.000000 0.000000
17.860008 5.896108 11.878057
4
0.000000 0.000000 0.000000
0.000000 0.000000 0.000000
0.000000 0.000000 0.000000
5.992581 27.203249 16.597916
4
-90.000000 0.000000 0.000000
0.000000 0.000000 0.000000
0.000000 0.000000 0.000000
7.384189 4.192094 10.739938
4
0.000000 0.000000 0.000000
0.000000 0.000000 0.000000
0.000000 0.000000 0.000000
1.000000 1.000000 1.000000
4
0.000000 0.000000 0.000000
0.000000 0.000000 0.000000
0.000000 0.000000 0.000000
1.000000 1.000000 1.000000
4
0.000000 0.000000 0.000000
0.000000 0.000000 0.000000
0.000000 0.000000 0.000000
1.000000 1.000000 1.000000
4
0.000000 0.000000 0.000000
0.000000 0.000000 0.000000
0.000000 0.000000 0.000000
1.000000 1.000000 1.000000
