1
6
Washington\Lwo\hd_jhowa.tga
Washington\Lwo\hd_jhowa.tga
Washington\Lwo\hd_jhowa.tga
Washington\Lwo\hd_jhowa.tga
Washington\Lwo\hd_jhowa.tga
Washington\Lwo\hd_jhowa.tga
321
0 3
0.072296 0.813497 0
0.136634 0.828871 0
0.132627 0.922021 0
1 3
0.250750 0.813497 0
0.230654 0.930345 0
0.190419 0.922021 0
2 3
0.072296 0.813497 0
0.132627 0.922021 0
0.092392 0.930345 0
3 3
0.250750 0.813497 0
0.190419 0.922021 0
0.186572 0.828992 0
4 3
0.465122 0.861561 0
0.350927 0.924653 0
0.423846 0.992257 0
5 3
0.423846 0.992257 0
0.510070 0.890180 0
0.465122 0.861561 0
6 3
0.423846 0.992257 0
0.350927 0.924653 0
0.465122 0.861561 0
7 3
0.465122 0.861561 0
0.510070 0.890180 0
0.423846 0.992257 0
8 3
0.350927 0.924653 0
0.350098 0.975981 0
0.423846 0.992257 0
9 3
0.423846 0.992257 0
0.350098 0.975981 0
0.350927 0.924653 0
10 3
0.161523 0.204462 0
0.125992 0.340156 0
0.074396 0.328020 0
11 3
0.248650 0.328020 0
0.203304 0.340156 0
0.161523 0.204462 0
12 3
0.055464 0.183571 0
0.161523 0.204462 0
0.074396 0.328020 0
13 3
0.267582 0.183571 0
0.248650 0.328020 0
0.161523 0.204462 0
14 3
0.709190 0.423327 0
0.700552 0.544506 0
0.784667 0.540396 0
15 3
0.709190 0.423327 0
0.784667 0.540396 0
0.786428 0.418097 0
16 3
0.709190 0.423327 0
0.786428 0.418097 0
0.784667 0.540396 0
17 3
0.709190 0.423327 0
0.784667 0.540396 0
0.700552 0.544506 0
18 3
0.709190 0.423327 0
0.708086 0.325526 0
0.635907 0.450853 0
19 3
0.709190 0.423327 0
0.635907 0.450853 0
0.634340 0.574524 0
20 3
0.709190 0.423327 0
0.634340 0.574524 0
0.635907 0.450853 0
21 3
0.709190 0.423327 0
0.635907 0.450853 0
0.708086 0.325526 0
22 3
0.617042 0.454074 0
0.593494 0.408766 0
0.563936 0.457041 0
23 3
0.612916 0.573599 0
0.617042 0.454074 0
0.563936 0.457041 0
24 3
0.589133 0.645326 0
0.612916 0.573599 0
0.563936 0.457041 0
25 3
0.589133 0.645326 0
0.563936 0.457041 0
0.544653 0.641514 0
26 3
0.544653 0.641514 0
0.556655 0.677248 0
0.589133 0.645326 0
27 3
0.563936 0.457041 0
0.593494 0.408766 0
0.617042 0.454074 0
28 3
0.563936 0.457041 0
0.617042 0.454074 0
0.612916 0.573599 0
29 3
0.563936 0.457041 0
0.612916 0.573599 0
0.589133 0.645326 0
30 3
0.544653 0.641514 0
0.563936 0.457041 0
0.589133 0.645326 0
31 3
0.589133 0.645326 0
0.556655 0.677248 0
0.544653 0.641514 0
32 3
0.094005 0.743055 0
0.118410 0.611482 0
0.137036 0.700338 0
33 3
0.137036 0.700338 0
0.139488 0.742218 0
0.094005 0.743055 0
34 3
0.186010 0.700336 0
0.221187 0.611482 0
0.229041 0.743778 0
35 3
0.229041 0.743778 0
0.183558 0.742174 0
0.186010 0.700336 0
36 3
0.139488 0.742218 0
0.137036 0.700338 0
0.186010 0.700336 0
37 3
0.139488 0.742218 0
0.186010 0.700336 0
0.183558 0.742174 0
38 3
0.137036 0.700338 0
0.151398 0.633937 0
0.188314 0.633937 0
39 3
0.188314 0.633937 0
0.186010 0.700336 0
0.137036 0.700338 0
40 3
0.221187 0.611482 0
0.186010 0.700336 0
0.188314 0.633937 0
41 3
0.151398 0.633937 0
0.137036 0.700338 0
0.118410 0.611482 0
42 3
0.136634 0.828871 0
0.186572 0.828992 0
0.190419 0.922021 0
43 3
0.136634 0.828871 0
0.190419 0.922021 0
0.132627 0.922021 0
44 3
0.423846 0.992257 0
0.423846 0.992257 0
0.350098 0.975981 0
45 3
0.423846 0.992257 0
0.350098 0.975981 0
0.350098 0.975981 0
46 3
0.129588 0.983938 0
0.132627 0.922021 0
0.190419 0.922021 0
47 3
0.129588 0.983938 0
0.190419 0.922021 0
0.193459 0.983938 0
48 3
0.092392 0.930345 0
0.132627 0.922021 0
0.129588 0.983938 0
49 3
0.230654 0.930345 0
0.193459 0.983938 0
0.190419 0.922021 0
50 3
0.594444 0.268579 0
0.608087 0.395472 0
0.708086 0.325526 0
51 3
0.594444 0.268579 0
0.705108 0.235330 0
0.708086 0.325526 0
52 3
0.608087 0.395472 0
0.635907 0.450853 0
0.708086 0.325526 0
53 3
0.708086 0.325526 0
0.635907 0.450853 0
0.608087 0.395472 0
54 3
0.670042 0.991583 0
0.777282 0.992471 0
0.776893 0.751022 0
55 3
0.670042 0.991583 0
0.672924 0.762159 0
0.776893 0.751022 0
56 3
0.670042 0.991583 0
0.776893 0.751022 0
0.672924 0.762159 0
57 3
0.670042 0.991583 0
0.776893 0.751022 0
0.777282 0.992471 0
58 3
0.399395 0.160180 0
0.483021 0.335212 0
0.484610 0.140920 0
59 3
0.399395 0.160180 0
0.484610 0.140920 0
0.492529 0.051751 0
60 3
0.399395 0.160180 0
0.492529 0.051751 0
0.484610 0.140920 0
61 3
0.399395 0.160180 0
0.484610 0.140920 0
0.483021 0.335212 0
62 3
0.634340 0.574524 0
0.588468 0.685647 0
0.700552 0.544506 0
63 3
0.700552 0.544506 0
0.709190 0.423327 0
0.634340 0.574524 0
64 3
0.700552 0.544506 0
0.588468 0.685647 0
0.634340 0.574524 0
65 3
0.634340 0.574524 0
0.709190 0.423327 0
0.700552 0.544506 0
66 3
0.465122 0.861561 0
0.482913 0.503953 0
0.384155 0.571762 0
67 3
0.465122 0.861561 0
0.371991 0.741878 0
0.384155 0.571762 0
68 3
0.465122 0.861561 0
0.384155 0.571762 0
0.371991 0.741878 0
69 3
0.465122 0.861561 0
0.384155 0.571762 0
0.482913 0.503953 0
70 3
0.186572 0.828992 0
0.187210 0.788295 0
0.229041 0.743778 0
71 3
0.250750 0.813497 0
0.186572 0.828992 0
0.229041 0.743778 0
72 3
0.187210 0.788295 0
0.186572 0.828992 0
0.136634 0.828871 0
73 3
0.187210 0.788295 0
0.136634 0.828871 0
0.135836 0.788295 0
74 3
0.187210 0.788295 0
0.135836 0.788295 0
0.161523 0.742163 0
75 3
0.135836 0.788295 0
0.139452 0.742041 0
0.161523 0.742163 0
76 3
0.094005 0.743055 0
0.135836 0.788295 0
0.136634 0.828871 0
77 3
0.187210 0.788295 0
0.161523 0.742163 0
0.183594 0.742041 0
78 3
0.187210 0.788295 0
0.183594 0.742041 0
0.229041 0.743778 0
79 3
0.094005 0.743055 0
0.139452 0.742041 0
0.135836 0.788295 0
80 3
0.072296 0.813497 0
0.094005 0.743055 0
0.136634 0.828871 0
81 3
0.036160 0.561881 0
0.118410 0.611482 0
0.062055 0.739505 0
82 3
0.260991 0.739505 0
0.221187 0.611482 0
0.286887 0.561881 0
83 3
0.229041 0.743778 0
0.221187 0.611482 0
0.260991 0.739505 0
84 3
0.094005 0.743055 0
0.072296 0.813497 0
0.062055 0.739505 0
85 3
0.094005 0.743055 0
0.062055 0.739505 0
0.118410 0.611482 0
86 3
0.229041 0.743778 0
0.260991 0.739505 0
0.250750 0.813497 0
87 3
0.037226 0.445805 0
0.047685 0.408987 0
0.078088 0.413268 0
88 3
0.019786 0.339664 0
0.047685 0.408987 0
0.037226 0.445805 0
89 3
0.078088 0.413268 0
0.047685 0.408987 0
0.019786 0.339664 0
90 3
0.244959 0.413085 0
0.275362 0.408804 0
0.285821 0.445622 0
91 3
0.303260 0.339664 0
0.275362 0.408804 0
0.244959 0.413085 0
92 3
0.285821 0.445622 0
0.275362 0.408804 0
0.303260 0.339664 0
93 3
0.492529 0.051751 0
0.418647 0.052572 0
0.399395 0.160180 0
94 3
0.399395 0.160180 0
0.418647 0.052572 0
0.492529 0.051751 0
95 3
0.484610 0.140920 0
0.483021 0.335212 0
0.594444 0.268579 0
96 3
0.594444 0.268579 0
0.594434 0.140144 0
0.484610 0.140920 0
97 3
0.594444 0.268579 0
0.483021 0.335212 0
0.484610 0.140920 0
98 3
0.484610 0.140920 0
0.594434 0.140144 0
0.594444 0.268579 0
99 3
0.482913 0.503953 0
0.563936 0.457041 0
0.483021 0.335212 0
100 3
0.483021 0.335212 0
0.423729 0.459917 0
0.482913 0.503953 0
101 3
0.483021 0.335212 0
0.563936 0.457041 0
0.482913 0.503953 0
102 3
0.482913 0.503953 0
0.423729 0.459917 0
0.483021 0.335212 0
103 3
0.575398 0.788364 0
0.534814 0.992922 0
0.670042 0.991583 0
104 3
0.670042 0.991583 0
0.672924 0.762159 0
0.575398 0.788364 0
105 3
0.670042 0.991583 0
0.534814 0.992922 0
0.575398 0.788364 0
106 3
0.575398 0.788364 0
0.672924 0.762159 0
0.670042 0.991583 0
107 3
0.588468 0.685647 0
0.541242 0.791791 0
0.575398 0.788364 0
108 3
0.588468 0.685647 0
0.575398 0.788364 0
0.700552 0.544506 0
109 3
0.588468 0.685647 0
0.700552 0.544506 0
0.575398 0.788364 0
110 3
0.588468 0.685647 0
0.575398 0.788364 0
0.541242 0.791791 0
111 3
0.350927 0.924653 0
0.465122 0.861561 0
0.364212 0.812743 0
112 3
0.371991 0.741878 0
0.364212 0.812743 0
0.465122 0.861561 0
113 3
0.371991 0.741878 0
0.465122 0.861561 0
0.364212 0.812743 0
114 3
0.350927 0.924653 0
0.364212 0.812743 0
0.465122 0.861561 0
115 3
0.667112 0.992728 0
0.670042 0.991583 0
0.548925 0.992827 0
116 3
0.548925 0.992827 0
0.670042 0.991583 0
0.534814 0.992922 0
117 3
0.548925 0.992827 0
0.534814 0.992922 0
0.452381 0.992607 0
118 3
0.667112 0.992728 0
0.777282 0.992471 0
0.670042 0.991583 0
119 3
0.914965 0.855333 0
0.916033 0.727420 0
0.989496 0.853804 0
120 3
0.161523 0.204462 0
0.086220 0.017386 0
0.161315 0.028333 0
121 3
0.541242 0.791791 0
0.588468 0.685647 0
0.544681 0.689157 0
122 3
0.913619 0.590389 0
0.990343 0.573693 0
0.913038 0.568151 0
123 3
0.913619 0.590389 0
0.991781 0.588522 0
0.990343 0.573693 0
124 3
0.575398 0.788364 0
0.672924 0.762159 0
0.700552 0.544506 0
125 3
0.672924 0.762159 0
0.784667 0.540396 0
0.700552 0.544506 0
126 3
0.672924 0.762159 0
0.776893 0.751022 0
0.784667 0.540396 0
127 3
0.787990 0.141269 0
0.782057 0.057183 0
0.690309 0.052985 0
128 3
0.702721 0.139856 0
0.787990 0.141269 0
0.690309 0.052985 0
129 3
0.702721 0.139856 0
0.690309 0.052985 0
0.588124 0.051554 0
130 3
0.594434 0.140144 0
0.702721 0.139856 0
0.588124 0.051554 0
131 3
0.594434 0.140144 0
0.588124 0.051554 0
0.492529 0.051751 0
132 3
0.484610 0.140920 0
0.594434 0.140144 0
0.492529 0.051751 0
133 3
0.594444 0.268579 0
0.708086 0.325526 0
0.705108 0.235330 0
134 3
0.579639 0.396111 0
0.608087 0.395472 0
0.594444 0.268579 0
135 3
0.579639 0.396111 0
0.594444 0.268579 0
0.483021 0.335212 0
136 3
0.709190 0.423327 0
0.786428 0.418097 0
0.788346 0.331098 0
137 3
0.709190 0.423327 0
0.788346 0.331098 0
0.708086 0.325526 0
138 3
0.452381 0.992607 0
0.534814 0.992922 0
0.423846 0.992257 0
139 3
0.423846 0.992257 0
0.534814 0.992922 0
0.510070 0.890180 0
140 3
0.991781 0.588522 0
0.913619 0.590389 0
0.914698 0.559976 0
141 3
0.483021 0.335212 0
0.563936 0.457041 0
0.579639 0.396111 0
142 3
0.914033 0.445239 0
0.912960 0.410795 0
0.990575 0.421266 0
143 3
0.990575 0.421266 0
0.912960 0.410795 0
0.989595 0.420818 0
144 3
0.989282 0.439355 0
0.989595 0.420818 0
0.912960 0.410795 0
145 3
0.912464 0.439386 0
0.989282 0.439355 0
0.912960 0.410795 0
146 3
0.989551 0.524146 0
0.989282 0.439355 0
0.912464 0.439386 0
147 3
0.989551 0.524146 0
0.912464 0.439386 0
0.912538 0.521280 0
148 3
0.990343 0.573693 0
0.989551 0.524146 0
0.912538 0.521280 0
149 3
0.990343 0.573693 0
0.912538 0.521280 0
0.913038 0.568151 0
150 3
0.588124 0.051554 0
0.578044 0.005615 0
0.541183 0.006029 0
151 3
0.492529 0.051751 0
0.588124 0.051554 0
0.541183 0.006029 0
152 3
0.984705 0.889363 0
0.984603 0.778017 0
0.915991 0.801674 0
153 3
0.708086 0.325526 0
0.788346 0.331098 0
0.788263 0.227703 0
154 3
0.708086 0.325526 0
0.788263 0.227703 0
0.705108 0.235330 0
155 3
0.788263 0.227703 0
0.787990 0.141269 0
0.702721 0.139856 0
156 3
0.788263 0.227703 0
0.702721 0.139856 0
0.705108 0.235330 0
157 3
0.782057 0.057183 0
0.782263 0.006674 0
0.685745 0.004950 0
158 3
0.782057 0.057183 0
0.685745 0.004950 0
0.690309 0.052985 0
159 3
0.985226 0.684152 0
0.918682 0.636821 0
0.915991 0.801674 0
160 3
0.510070 0.890180 0
0.541242 0.791791 0
0.465122 0.861561 0
161 3
0.510070 0.890180 0
0.575398 0.788364 0
0.541242 0.791791 0
162 3
0.984603 0.778017 0
0.985226 0.684152 0
0.915991 0.801674 0
163 3
0.984657 0.993881 0
0.984705 0.889363 0
0.915991 0.801674 0
164 3
0.915706 0.993604 0
0.984657 0.993881 0
0.915991 0.801674 0
165 3
0.161523 0.204462 0
0.055464 0.183571 0
0.086220 0.017386 0
166 3
0.510070 0.890180 0
0.534814 0.992922 0
0.575398 0.788364 0
167 3
0.594444 0.268579 0
0.705108 0.235330 0
0.702721 0.139856 0
168 3
0.594444 0.268579 0
0.702721 0.139856 0
0.594434 0.140144 0
169 3
0.491626 0.006072 0
0.492529 0.051751 0
0.541183 0.006029 0
170 3
0.989496 0.853804 0
0.916033 0.727420 0
0.987779 0.750067 0
171 3
0.492529 0.051751 0
0.491626 0.006072 0
0.418647 0.052572 0
172 3
0.588124 0.051554 0
0.690309 0.052985 0
0.685745 0.004950 0
173 3
0.588124 0.051554 0
0.685745 0.004950 0
0.578044 0.005615 0
174 3
0.482913 0.503953 0
0.465122 0.861561 0
0.541242 0.791791 0
175 3
0.482913 0.503953 0
0.544681 0.689157 0
0.544653 0.641514 0
176 3
0.544681 0.689157 0
0.482913 0.503953 0
0.541242 0.791791 0
177 3
0.482913 0.503953 0
0.544653 0.641514 0
0.563936 0.457041 0
178 3
0.114751 0.444097 0
0.125992 0.340156 0
0.144894 0.372270 0
179 3
0.078088 0.413268 0
0.074396 0.328020 0
0.125992 0.340156 0
180 3
0.114751 0.444097 0
0.078088 0.413268 0
0.125992 0.340156 0
181 3
0.037226 0.445805 0
0.015829 0.447183 0
0.019786 0.339664 0
182 3
0.074396 0.328020 0
0.078088 0.413268 0
0.019786 0.339664 0
183 3
0.149866 0.608527 0
0.118410 0.611482 0
0.150172 0.560133 0
184 3
0.151398 0.633937 0
0.118410 0.611482 0
0.149866 0.608527 0
185 3
0.390742 0.363751 0
0.483021 0.335212 0
0.399395 0.160180 0
186 3
0.390742 0.363751 0
0.423729 0.459917 0
0.483021 0.335212 0
187 3
0.154091 0.418835 0
0.114751 0.444097 0
0.144894 0.372270 0
188 3
0.074396 0.328020 0
0.019786 0.339664 0
0.055464 0.183571 0
189 3
0.482913 0.503953 0
0.423729 0.459917 0
0.384155 0.571762 0
190 3
0.015829 0.447183 0
0.037226 0.445805 0
0.036160 0.561881 0
191 3
0.037226 0.445805 0
0.077648 0.468364 0
0.036160 0.561881 0
192 3
0.077648 0.468364 0
0.078088 0.413268 0
0.114751 0.444097 0
193 3
0.037226 0.445805 0
0.078088 0.413268 0
0.077648 0.468364 0
194 3
0.077648 0.468364 0
0.114751 0.444097 0
0.120647 0.571820 0
195 3
0.077648 0.468364 0
0.120647 0.571820 0
0.036160 0.561881 0
196 3
0.036160 0.561881 0
0.120647 0.571820 0
0.118410 0.611482 0
197 3
0.154425 0.463947 0
0.120647 0.571820 0
0.154091 0.418835 0
198 3
0.120647 0.571820 0
0.150172 0.560133 0
0.118410 0.611482 0
199 3
0.154425 0.463947 0
0.150172 0.560133 0
0.120647 0.571820 0
200 3
0.120647 0.571820 0
0.114751 0.444097 0
0.154091 0.418835 0
201 3
0.840273 0.990605 0
0.894660 0.990573 0
0.785886 0.990573 0
202 3
0.667112 0.992728 0
0.548925 0.992827 0
0.670042 0.991583 0
203 3
0.548925 0.992827 0
0.534814 0.992922 0
0.670042 0.991583 0
204 3
0.548925 0.992827 0
0.452381 0.992607 0
0.534814 0.992922 0
205 3
0.452381 0.992607 0
0.423846 0.992257 0
0.423846 0.992257 0
206 3
0.452381 0.992607 0
0.423846 0.992257 0
0.452381 0.992607 0
207 3
0.548925 0.992827 0
0.452381 0.992607 0
0.452381 0.992607 0
208 3
0.887475 0.139813 0
0.799788 0.056732 0
0.792594 0.139813 0
209 3
0.887475 0.139813 0
0.880287 0.056732 0
0.799788 0.056732 0
210 3
0.992466 0.636821 0
0.915991 0.801674 0
0.918682 0.636821 0
211 3
0.880287 0.056732 0
0.864781 0.004951 0
0.815300 0.004951 0
212 3
0.880287 0.056732 0
0.815300 0.004951 0
0.799788 0.056732 0
213 3
0.889562 0.224904 0
0.792594 0.139813 0
0.790514 0.224904 0
214 3
0.889562 0.224904 0
0.887475 0.139813 0
0.792594 0.139813 0
215 3
0.892741 0.331178 0
0.790514 0.224904 0
0.787560 0.331178 0
216 3
0.892741 0.331178 0
0.889562 0.224904 0
0.790514 0.224904 0
217 3
0.891618 0.418975 0
0.787560 0.331178 0
0.788685 0.418975 0
218 3
0.891618 0.418975 0
0.892741 0.331178 0
0.787560 0.331178 0
219 3
0.889790 0.537205 0
0.788685 0.418975 0
0.790513 0.537205 0
220 3
0.889790 0.537205 0
0.891618 0.418975 0
0.788685 0.418975 0
221 3
0.888299 0.785582 0
0.790513 0.537205 0
0.792208 0.785582 0
222 3
0.888299 0.785582 0
0.889790 0.537205 0
0.790513 0.537205 0
223 3
0.894660 0.990573 0
0.792208 0.785582 0
0.785886 0.990573 0
224 3
0.894660 0.990573 0
0.888299 0.785582 0
0.792208 0.785582 0
225 3
0.667112 0.992728 0
0.670042 0.991583 0
0.777282 0.992471 0
226 3
0.914965 0.855333 0
0.989496 0.853804 0
0.919063 0.983517 0
227 3
0.161523 0.204462 0
0.161315 0.028333 0
0.236826 0.017386 0
228 3
0.149866 0.608527 0
0.189541 0.560133 0
0.189846 0.608527 0
229 3
0.149866 0.608527 0
0.150172 0.560133 0
0.189541 0.560133 0
230 3
0.151398 0.633937 0
0.189846 0.608527 0
0.188314 0.633937 0
231 3
0.149866 0.608527 0
0.189846 0.608527 0
0.151398 0.633937 0
232 3
0.125992 0.340156 0
0.161523 0.204462 0
0.203304 0.340156 0
233 3
0.144894 0.372270 0
0.203304 0.340156 0
0.190652 0.372270 0
234 3
0.144894 0.372270 0
0.125992 0.340156 0
0.203304 0.340156 0
235 3
0.154091 0.418835 0
0.190652 0.372270 0
0.185621 0.418835 0
236 3
0.144894 0.372270 0
0.190652 0.372270 0
0.154091 0.418835 0
237 3
0.185287 0.463947 0
0.189541 0.560133 0
0.150172 0.560133 0
238 3
0.154425 0.463947 0
0.185287 0.463947 0
0.150172 0.560133 0
239 3
0.185621 0.418835 0
0.185287 0.463947 0
0.154425 0.463947 0
240 3
0.154091 0.418835 0
0.185621 0.418835 0
0.154425 0.463947 0
241 3
0.541242 0.791791 0
0.544681 0.689157 0
0.588468 0.685647 0
242 3
0.913619 0.590389 0
0.913038 0.568151 0
0.990343 0.573693 0
243 3
0.913619 0.590389 0
0.990343 0.573693 0
0.991781 0.588522 0
244 3
0.575398 0.788364 0
0.700552 0.544506 0
0.672924 0.762159 0
245 3
0.672924 0.762159 0
0.700552 0.544506 0
0.784667 0.540396 0
246 3
0.672924 0.762159 0
0.784667 0.540396 0
0.776893 0.751022 0
247 3
0.787990 0.141269 0
0.690309 0.052985 0
0.782057 0.057183 0
248 3
0.702721 0.139856 0
0.690309 0.052985 0
0.787990 0.141269 0
249 3
0.702721 0.139856 0
0.588124 0.051554 0
0.690309 0.052985 0
250 3
0.594434 0.140144 0
0.588124 0.051554 0
0.702721 0.139856 0
251 3
0.594434 0.140144 0
0.492529 0.051751 0
0.588124 0.051554 0
252 3
0.484610 0.140920 0
0.492529 0.051751 0
0.594434 0.140144 0
253 3
0.594444 0.268579 0
0.708086 0.325526 0
0.608087 0.395472 0
254 3
0.579639 0.396111 0
0.594444 0.268579 0
0.608087 0.395472 0
255 3
0.579639 0.396111 0
0.483021 0.335212 0
0.594444 0.268579 0
256 3
0.709190 0.423327 0
0.788346 0.331098 0
0.786428 0.418097 0
257 3
0.709190 0.423327 0
0.708086 0.325526 0
0.788346 0.331098 0
258 3
0.452381 0.992607 0
0.423846 0.992257 0
0.534814 0.992922 0
259 3
0.423846 0.992257 0
0.510070 0.890180 0
0.534814 0.992922 0
260 3
0.991781 0.588522 0
0.914698 0.559976 0
0.913619 0.590389 0
261 3
0.483021 0.335212 0
0.579639 0.396111 0
0.563936 0.457041 0
262 3
0.912960 0.410795 0
0.914033 0.445239 0
0.990575 0.421266 0
263 3
0.990575 0.421266 0
0.989595 0.420818 0
0.912960 0.410795 0
264 3
0.989282 0.439355 0
0.912960 0.410795 0
0.989595 0.420818 0
265 3
0.912464 0.439386 0
0.912960 0.410795 0
0.989282 0.439355 0
266 3
0.989551 0.524146 0
0.912464 0.439386 0
0.989282 0.439355 0
267 3
0.989551 0.524146 0
0.912538 0.521280 0
0.912464 0.439386 0
268 3
0.990343 0.573693 0
0.912538 0.521280 0
0.989551 0.524146 0
269 3
0.990343 0.573693 0
0.913038 0.568151 0
0.912538 0.521280 0
270 3
0.588124 0.051554 0
0.541183 0.006029 0
0.578044 0.005615 0
271 3
0.492529 0.051751 0
0.541183 0.006029 0
0.588124 0.051554 0
272 3
0.993090 0.889363 0
0.915991 0.801674 0
0.993213 0.778017 0
273 3
0.708086 0.325526 0
0.788263 0.227703 0
0.788346 0.331098 0
274 3
0.708086 0.325526 0
0.705108 0.235330 0
0.788263 0.227703 0
275 3
0.788263 0.227703 0
0.702721 0.139856 0
0.787990 0.141269 0
276 3
0.788263 0.227703 0
0.705108 0.235330 0
0.702721 0.139856 0
277 3
0.782057 0.057183 0
0.685745 0.004950 0
0.782263 0.006674 0
278 3
0.782057 0.057183 0
0.690309 0.052985 0
0.685745 0.004950 0
279 3
0.991724 0.700026 0
0.915991 0.801674 0
0.992466 0.636821 0
280 3
0.510070 0.890180 0
0.465122 0.861561 0
0.541242 0.791791 0
281 3
0.510070 0.890180 0
0.541242 0.791791 0
0.575398 0.788364 0
282 3
0.993213 0.778017 0
0.915991 0.801674 0
0.991724 0.700026 0
283 3
0.993502 0.988590 0
0.915991 0.801674 0
0.993090 0.889363 0
284 3
0.915706 0.993604 0
0.915991 0.801674 0
0.993502 0.988590 0
285 3
0.161523 0.204462 0
0.236826 0.017386 0
0.267582 0.183571 0
286 3
0.510070 0.890180 0
0.575398 0.788364 0
0.534814 0.992922 0
287 3
0.594444 0.268579 0
0.702721 0.139856 0
0.705108 0.235330 0
288 3
0.594444 0.268579 0
0.594434 0.140144 0
0.702721 0.139856 0
289 3
0.491626 0.006072 0
0.541183 0.006029 0
0.492529 0.051751 0
290 3
0.989496 0.853804 0
0.989906 0.958389 0
0.919063 0.983517 0
291 3
0.492529 0.051751 0
0.418647 0.052572 0
0.491626 0.006072 0
292 3
0.588124 0.051554 0
0.685745 0.004950 0
0.690309 0.052985 0
293 3
0.588124 0.051554 0
0.578044 0.005615 0
0.685745 0.004950 0
294 3
0.482913 0.503953 0
0.541242 0.791791 0
0.465122 0.861561 0
295 3
0.482913 0.503953 0
0.544653 0.641514 0
0.544681 0.689157 0
296 3
0.544681 0.689157 0
0.541242 0.791791 0
0.482913 0.503953 0
297 3
0.482913 0.503953 0
0.563936 0.457041 0
0.544653 0.641514 0
298 3
0.208295 0.443915 0
0.190652 0.372270 0
0.203304 0.340156 0
299 3
0.244959 0.413085 0
0.203304 0.340156 0
0.248650 0.328020 0
300 3
0.208295 0.443915 0
0.203304 0.340156 0
0.244959 0.413085 0
301 3
0.285821 0.445622 0
0.303260 0.339664 0
0.307218 0.447183 0
302 3
0.248650 0.328020 0
0.303260 0.339664 0
0.244959 0.413085 0
303 3
0.189846 0.608527 0
0.189541 0.560133 0
0.221187 0.611482 0
304 3
0.188314 0.633937 0
0.189846 0.608527 0
0.221187 0.611482 0
305 3
0.390742 0.363751 0
0.399395 0.160180 0
0.483021 0.335212 0
306 3
0.390742 0.363751 0
0.483021 0.335212 0
0.423729 0.459917 0
307 3
0.185621 0.418835 0
0.190652 0.372270 0
0.208295 0.443915 0
308 3
0.248650 0.328020 0
0.267582 0.183571 0
0.303260 0.339664 0
309 3
0.482913 0.503953 0
0.384155 0.571762 0
0.423729 0.459917 0
310 3
0.307218 0.447183 0
0.286887 0.561881 0
0.285821 0.445622 0
311 3
0.285821 0.445622 0
0.286887 0.561881 0
0.245398 0.468182 0
312 3
0.245398 0.468182 0
0.208295 0.443915 0
0.244959 0.413085 0
313 3
0.245398 0.468182 0
0.244959 0.413085 0
0.285821 0.445622 0
314 3
0.245398 0.468182 0
0.218950 0.571820 0
0.208295 0.443915 0
315 3
0.245398 0.468182 0
0.286887 0.561881 0
0.218950 0.571820 0
316 3
0.286887 0.561881 0
0.221187 0.611482 0
0.218950 0.571820 0
317 3
0.185287 0.463947 0
0.185621 0.418835 0
0.218950 0.571820 0
318 3
0.218950 0.571820 0
0.221187 0.611482 0
0.189541 0.560133 0
319 3
0.185287 0.463947 0
0.218950 0.571820 0
0.189541 0.560133 0
320 3
0.218950 0.571820 0
0.185621 0.418835 0
0.208295 0.443915 0
4
0.000000 0.000000 0.000000
0.000000 0.000000 0.000000
0.000000 0.000000 0.000000
10.751962 20.075729 15.413845
4
0.000000 -90.000000 0.000000
0.000000 180.000000 0.000000
0.000000 0.000000 0.000000
13.105287 25.210573 16.636795
4
0.000000 -90.000000 0.000000
0.000000 0.000000 0.000000
0.000000 0.000000 0.000000
16.788862 5.458055 11.123459
4
-90.000000 0.000000 0.000000
0.000000 0.000000 0.000000
0.000000 0.000000 0.000000
5.077848 3.038924 8.130869
4
0.000000 0.000000 0.000000
0.000000 0.000000 0.000000
0.000000 0.000000 0.000000
5.622451 24.598318 15.110384
4
0.000000 0.000000 0.000000
0.000000 0.000000 0.000000
0.000000 0.000000 0.000000
1.000000 1.000000 1.000000
