1
5
Philadelphia\LWO\hd_jsmit.tga
Philadelphia\LWO\hd_jsmit.tga
Philadelphia\LWO\hd_jsmit.tga
Philadelphia\LWO\hd_jsmit.tga
Philadelphia\LWO\hd_jsmit.tga
321
0 3
0.326980 0.933830 0
0.416009 0.946586 0
0.489918 0.849957 0
1 3
0.326980 0.933830 0
0.447237 0.820896 0
0.489918 0.849957 0
2 3
0.326980 0.933830 0
0.489918 0.849957 0
0.447237 0.820896 0
3 3
0.326980 0.933830 0
0.489918 0.849957 0
0.416009 0.946586 0
4 3
0.326980 0.933830 0
0.326139 0.973966 0
0.416009 0.946586 0
5 3
0.416009 0.946586 0
0.326139 0.973966 0
0.326980 0.933830 0
6 3
0.433643 0.525680 0
0.447237 0.820896 0
0.482057 0.734830 0
7 3
0.433643 0.525680 0
0.482057 0.734830 0
0.486040 0.690929 0
8 3
0.433643 0.525680 0
0.486040 0.690929 0
0.487449 0.618120 0
9 3
0.482057 0.734830 0
0.447237 0.820896 0
0.433643 0.525680 0
10 3
0.433643 0.525680 0
0.487449 0.618120 0
0.486040 0.690929 0
11 3
0.433643 0.525680 0
0.486040 0.690929 0
0.482057 0.734830 0
12 3
0.538051 0.409941 0
0.566916 0.301932 0
0.430235 0.317589 0
13 3
0.538051 0.409941 0
0.430235 0.317589 0
0.566916 0.301932 0
14 3
0.430235 0.317589 0
0.520819 0.449820 0
0.538051 0.409941 0
15 3
0.430235 0.317589 0
0.538051 0.409941 0
0.520819 0.449820 0
16 3
0.447237 0.820896 0
0.433643 0.525680 0
0.354817 0.545455 0
17 3
0.447237 0.820896 0
0.346336 0.736520 0
0.354817 0.545455 0
18 3
0.447237 0.820896 0
0.354817 0.545455 0
0.346336 0.736520 0
19 3
0.447237 0.820896 0
0.354817 0.545455 0
0.433643 0.525680 0
20 3
0.264854 0.155897 0
0.198560 0.304113 0
0.168509 0.170325 0
21 3
0.264854 0.155897 0
0.168509 0.170325 0
0.168908 0.065826 0
22 3
0.135421 0.304113 0
0.097353 0.301205 0
0.072203 0.155897 0
23 3
0.198560 0.304113 0
0.264854 0.155897 0
0.240634 0.301205 0
24 3
0.135421 0.304113 0
0.072203 0.155897 0
0.168509 0.170325 0
25 3
0.447237 0.820896 0
0.346336 0.736520 0
0.333152 0.843100 0
26 3
0.447237 0.820896 0
0.333152 0.843100 0
0.346336 0.736520 0
27 3
0.072203 0.155897 0
0.096540 0.060595 0
0.168908 0.065826 0
28 3
0.264854 0.155897 0
0.168908 0.065826 0
0.237486 0.060595 0
29 3
0.072203 0.155897 0
0.168908 0.065826 0
0.168509 0.170325 0
30 3
0.139316 0.931601 0
0.096575 0.932962 0
0.084288 0.842845 0
31 3
0.250278 0.842845 0
0.241961 0.932962 0
0.198869 0.931601 0
32 3
0.141094 0.818078 0
0.139316 0.931601 0
0.084288 0.842845 0
33 3
0.197091 0.818184 0
0.250278 0.842845 0
0.198869 0.931601 0
34 3
0.486040 0.690929 0
0.482057 0.734830 0
0.511968 0.739563 0
35 3
0.486040 0.690929 0
0.511968 0.739563 0
0.524862 0.683999 0
36 3
0.486040 0.690929 0
0.524862 0.683999 0
0.511968 0.739563 0
37 3
0.486040 0.690929 0
0.511968 0.739563 0
0.482057 0.734830 0
38 3
0.095350 0.737206 0
0.115695 0.603721 0
0.143132 0.685474 0
39 3
0.143132 0.685474 0
0.143586 0.731017 0
0.095350 0.737206 0
40 3
0.194819 0.685473 0
0.218204 0.603721 0
0.238534 0.737893 0
41 3
0.238534 0.737893 0
0.194599 0.730982 0
0.194819 0.685473 0
42 3
0.143586 0.731017 0
0.143132 0.685474 0
0.194819 0.685473 0
43 3
0.143586 0.731017 0
0.194819 0.685473 0
0.194599 0.730982 0
44 3
0.143132 0.685474 0
0.143394 0.612153 0
0.185746 0.612153 0
45 3
0.185746 0.612153 0
0.194819 0.685473 0
0.143132 0.685474 0
46 3
0.218204 0.603721 0
0.194819 0.685473 0
0.185746 0.612153 0
47 3
0.143394 0.612153 0
0.143132 0.685474 0
0.115695 0.603721 0
48 3
0.141094 0.818078 0
0.197091 0.818184 0
0.198869 0.931601 0
49 3
0.141094 0.818078 0
0.198869 0.931601 0
0.139316 0.931601 0
50 3
0.416009 0.946586 0
0.416009 0.946586 0
0.326139 0.973966 0
51 3
0.416009 0.946586 0
0.326139 0.973966 0
0.326139 0.973966 0
52 3
0.137082 0.972827 0
0.139316 0.931601 0
0.198869 0.931601 0
53 3
0.137082 0.972827 0
0.198869 0.931601 0
0.201925 0.972827 0
54 3
0.096575 0.932962 0
0.139316 0.931601 0
0.137082 0.972827 0
55 3
0.241961 0.932962 0
0.201925 0.972827 0
0.198869 0.931601 0
56 3
0.566916 0.301932 0
0.576527 0.410613 0
0.692273 0.380914 0
57 3
0.566916 0.301932 0
0.690648 0.268201 0
0.692273 0.380914 0
58 3
0.576527 0.410613 0
0.596373 0.465311 0
0.692273 0.380914 0
59 3
0.692273 0.380914 0
0.596373 0.465311 0
0.576527 0.410613 0
60 3
0.630780 0.988843 0
0.753350 0.988639 0
0.757067 0.702788 0
61 3
0.630780 0.988843 0
0.634710 0.708073 0
0.757067 0.702788 0
62 3
0.630780 0.988843 0
0.757067 0.702788 0
0.634710 0.708073 0
63 3
0.630780 0.988843 0
0.757067 0.702788 0
0.753350 0.988639 0
64 3
0.349874 0.188838 0
0.430235 0.317589 0
0.426810 0.173320 0
65 3
0.349874 0.188838 0
0.426810 0.173320 0
0.427093 0.081738 0
66 3
0.349874 0.188838 0
0.427092 0.081738 0
0.426810 0.173320 0
67 3
0.349874 0.188838 0
0.426810 0.173320 0
0.430235 0.317589 0
68 3
0.557763 0.419024 0
0.487449 0.618120 0
0.496216 0.677809 0
69 3
0.557763 0.419024 0
0.524944 0.661673 0
0.496216 0.677809 0
70 3
0.557763 0.419024 0
0.496216 0.677809 0
0.524944 0.661673 0
71 3
0.557763 0.419024 0
0.496216 0.677809 0
0.487449 0.618120 0
72 3
0.557763 0.419024 0
0.520819 0.449820 0
0.487449 0.618120 0
73 3
0.487449 0.618120 0
0.520819 0.449820 0
0.557763 0.419024 0
74 3
0.577449 0.611677 0
0.524862 0.683999 0
0.654545 0.595139 0
75 3
0.654545 0.595139 0
0.685189 0.486959 0
0.577449 0.611677 0
76 3
0.654545 0.595139 0
0.524862 0.683999 0
0.577449 0.611677 0
77 3
0.577449 0.611677 0
0.685189 0.486959 0
0.654545 0.595139 0
78 3
0.197091 0.818184 0
0.198085 0.790662 0
0.238534 0.737893 0
79 3
0.250278 0.842845 0
0.197091 0.818184 0
0.238534 0.737893 0
80 3
0.198085 0.790662 0
0.197091 0.818184 0
0.141094 0.818078 0
81 3
0.198085 0.790662 0
0.141094 0.818078 0
0.140101 0.790655 0
82 3
0.198085 0.790662 0
0.140101 0.790655 0
0.169093 0.730276 0
83 3
0.140101 0.790655 0
0.143552 0.730129 0
0.169093 0.730276 0
84 3
0.095350 0.737206 0
0.140101 0.790655 0
0.141094 0.818078 0
85 3
0.198085 0.790662 0
0.169093 0.730276 0
0.194633 0.730133 0
86 3
0.198085 0.790662 0
0.194633 0.730133 0
0.238534 0.737893 0
87 3
0.095350 0.737206 0
0.143552 0.730129 0
0.140101 0.790655 0
88 3
0.084288 0.842845 0
0.095350 0.737206 0
0.141094 0.818078 0
89 3
0.046507 0.542768 0
0.115695 0.603721 0
0.070493 0.736986 0
90 3
0.263390 0.736986 0
0.218204 0.603721 0
0.287474 0.542768 0
91 3
0.238534 0.737893 0
0.218204 0.603721 0
0.263390 0.736986 0
92 3
0.095350 0.737206 0
0.084288 0.842845 0
0.070493 0.736986 0
93 3
0.095350 0.737206 0
0.070493 0.736986 0
0.115695 0.603721 0
94 3
0.238534 0.737893 0
0.263390 0.736986 0
0.250278 0.842845 0
95 3
0.043673 0.407252 0
0.052623 0.376651 0
0.082193 0.374882 0
96 3
0.046238 0.316487 0
0.052623 0.376651 0
0.043673 0.407252 0
97 3
0.082193 0.374882 0
0.052623 0.376651 0
0.046238 0.316487 0
98 3
0.243777 0.374882 0
0.272505 0.376651 0
0.282296 0.407252 0
99 3
0.288606 0.316487 0
0.272505 0.376651 0
0.243777 0.374882 0
100 3
0.282296 0.407252 0
0.272505 0.376651 0
0.288606 0.316487 0
101 3
0.427093 0.081738 0
0.375934 0.096858 0
0.349874 0.188838 0
102 3
0.349874 0.188838 0
0.375934 0.096858 0
0.427092 0.081738 0
103 3
0.426810 0.173320 0
0.430235 0.317589 0
0.566916 0.301932 0
104 3
0.566916 0.301932 0
0.562229 0.165460 0
0.426810 0.173320 0
105 3
0.566916 0.301932 0
0.430235 0.317589 0
0.426810 0.173320 0
106 3
0.426810 0.173320 0
0.562229 0.165460 0
0.566916 0.301932 0
107 3
0.433643 0.525680 0
0.520819 0.449820 0
0.430235 0.317589 0
108 3
0.430235 0.317589 0
0.390122 0.423968 0
0.433643 0.525680 0
109 3
0.430235 0.317589 0
0.520819 0.449820 0
0.433643 0.525680 0
110 3
0.433643 0.525680 0
0.390122 0.423968 0
0.430235 0.317589 0
111 3
0.511968 0.739563 0
0.513816 0.986884 0
0.630780 0.988843 0
112 3
0.630780 0.988843 0
0.634710 0.708073 0
0.511968 0.739563 0
113 3
0.630780 0.988843 0
0.513816 0.986884 0
0.511968 0.739563 0
114 3
0.511968 0.739563 0
0.634710 0.708073 0
0.630780 0.988843 0
115 3
0.557763 0.419024 0
0.524944 0.661673 0
0.563802 0.594626 0
116 3
0.563802 0.594626 0
0.586029 0.466759 0
0.557763 0.419024 0
117 3
0.557763 0.419024 0
0.586029 0.466759 0
0.563802 0.594626 0
118 3
0.557763 0.419024 0
0.563802 0.594626 0
0.524944 0.661673 0
119 3
0.524862 0.683999 0
0.511968 0.739563 0
0.654545 0.595139 0
120 3
0.524862 0.683999 0
0.654545 0.595139 0
0.511968 0.739563 0
121 3
0.326980 0.933830 0
0.447237 0.820896 0
0.333152 0.843100 0
122 3
0.326980 0.933830 0
0.333152 0.843100 0
0.447237 0.820896 0
123 3
0.628606 0.988187 0
0.630780 0.988843 0
0.523156 0.988383 0
124 3
0.523156 0.988383 0
0.630780 0.988843 0
0.513816 0.986884 0
125 3
0.523156 0.988383 0
0.513816 0.986884 0
0.449234 0.987889 0
126 3
0.628606 0.988187 0
0.753350 0.988639 0
0.630780 0.988843 0
127 3
0.168908 0.065826 0
0.096540 0.060595 0
0.168650 0.006620 0
128 3
0.915947 0.989456 0
0.991125 0.982345 0
0.915395 0.981058 0
129 3
0.915947 0.989456 0
0.915046 0.986110 0
0.991125 0.982345 0
130 3
0.511968 0.739563 0
0.634710 0.708073 0
0.654545 0.595139 0
131 3
0.634710 0.708073 0
0.766458 0.581552 0
0.654545 0.595139 0
132 3
0.634710 0.708073 0
0.757067 0.702788 0
0.766458 0.581552 0
133 3
0.793252 0.148912 0
0.786874 0.069050 0
0.659742 0.072087 0
134 3
0.685235 0.157217 0
0.793252 0.148912 0
0.659742 0.072087 0
135 3
0.685235 0.157217 0
0.659742 0.072087 0
0.550147 0.075615 0
136 3
0.562229 0.165460 0
0.685235 0.157217 0
0.550147 0.075615 0
137 3
0.562229 0.165460 0
0.550147 0.075615 0
0.427093 0.081738 0
138 3
0.426810 0.173320 0
0.562229 0.165460 0
0.427093 0.081738 0
139 3
0.566916 0.301932 0
0.692273 0.380914 0
0.690648 0.268201 0
140 3
0.538051 0.409941 0
0.576527 0.410613 0
0.566916 0.301932 0
141 3
0.685189 0.486959 0
0.791340 0.474553 0
0.799823 0.365151 0
142 3
0.685189 0.486959 0
0.799823 0.365151 0
0.692273 0.380914 0
143 3
0.577449 0.611677 0
0.685189 0.486959 0
0.692273 0.380914 0
144 3
0.577449 0.611677 0
0.692273 0.380914 0
0.596373 0.465311 0
145 3
0.654545 0.595139 0
0.766458 0.581552 0
0.791340 0.474553 0
146 3
0.654545 0.595139 0
0.791340 0.474553 0
0.685189 0.486959 0
147 3
0.449234 0.987889 0
0.513816 0.986884 0
0.416009 0.946586 0
148 3
0.416009 0.946586 0
0.513816 0.986884 0
0.489918 0.849957 0
149 3
0.915046 0.986110 0
0.915947 0.989456 0
0.916497 0.950016 0
150 3
0.914264 0.830952 0
0.915195 0.808042 0
0.991010 0.814097 0
151 3
0.991010 0.814097 0
0.915195 0.808042 0
0.990758 0.822770 0
152 3
0.990575 0.845039 0
0.990758 0.822770 0
0.915195 0.808042 0
153 3
0.914985 0.843178 0
0.990575 0.845039 0
0.915195 0.808042 0
154 3
0.990749 0.938376 0
0.990575 0.845039 0
0.914985 0.843178 0
155 3
0.990749 0.938376 0
0.914985 0.843178 0
0.915111 0.939282 0
156 3
0.991125 0.982345 0
0.990749 0.938376 0
0.915111 0.939282 0
157 3
0.991125 0.982345 0
0.915111 0.939282 0
0.915395 0.981058 0
158 3
0.550147 0.075615 0
0.545034 0.006843 0
0.489878 0.007958 0
159 3
0.427093 0.081738 0
0.550147 0.075615 0
0.489878 0.007958 0
160 3
0.983572 0.648421 0
0.982442 0.579641 0
0.913427 0.634347 0
161 3
0.692273 0.380914 0
0.799823 0.365151 0
0.799182 0.260892 0
162 3
0.692273 0.380914 0
0.799182 0.260892 0
0.690648 0.268201 0
163 3
0.799182 0.260892 0
0.793252 0.148912 0
0.685235 0.157217 0
164 3
0.799182 0.260892 0
0.685235 0.157217 0
0.690648 0.268201 0
165 3
0.786874 0.069050 0
0.716419 0.007173 0
0.637425 0.007861 0
166 3
0.786874 0.069050 0
0.637425 0.007861 0
0.659742 0.072087 0
167 3
0.982601 0.448730 0
0.940205 0.449462 0
0.913427 0.634347 0
168 3
0.489918 0.849957 0
0.482057 0.734830 0
0.447237 0.820896 0
169 3
0.489918 0.849957 0
0.511968 0.739563 0
0.482057 0.734830 0
170 3
0.982442 0.579641 0
0.982601 0.448730 0
0.913427 0.634347 0
171 3
0.982338 0.756033 0
0.983572 0.648421 0
0.913427 0.634347 0
172 3
0.915281 0.758267 0
0.982338 0.756033 0
0.913427 0.634347 0
173 3
0.489918 0.849957 0
0.513816 0.986884 0
0.511968 0.739563 0
174 3
0.566916 0.301932 0
0.690648 0.268201 0
0.685235 0.157217 0
175 3
0.566916 0.301932 0
0.685235 0.157217 0
0.562229 0.165460 0
176 3
0.436532 0.007656 0
0.427093 0.081738 0
0.489878 0.007958 0
177 3
0.168650 0.006620 0
0.096540 0.060595 0
0.113864 0.004951 0
178 3
0.427093 0.081738 0
0.436532 0.007656 0
0.375934 0.096858 0
179 3
0.550147 0.075615 0
0.659742 0.072087 0
0.637425 0.007861 0
180 3
0.550147 0.075615 0
0.637425 0.007861 0
0.545034 0.006843 0
181 3
0.433643 0.525680 0
0.487449 0.618120 0
0.520819 0.449820 0
182 3
0.119220 0.408652 0
0.135421 0.304113 0
0.150302 0.344785 0
183 3
0.082193 0.374882 0
0.097353 0.301205 0
0.135421 0.304113 0
184 3
0.119220 0.408652 0
0.082193 0.374882 0
0.135421 0.304113 0
185 3
0.043673 0.407252 0
0.025697 0.404538 0
0.046238 0.316487 0
186 3
0.097353 0.301205 0
0.082193 0.374882 0
0.046238 0.316487 0
187 3
0.141920 0.576119 0
0.115695 0.603721 0
0.142214 0.538996 0
188 3
0.143394 0.612153 0
0.115695 0.603721 0
0.141920 0.576119 0
189 3
0.332482 0.319963 0
0.430235 0.317589 0
0.349874 0.188838 0
190 3
0.332482 0.319963 0
0.390122 0.423968 0
0.430235 0.317589 0
191 3
0.151041 0.380308 0
0.119220 0.408652 0
0.150302 0.344785 0
192 3
0.097353 0.301205 0
0.046238 0.316487 0
0.072203 0.155897 0
193 3
0.433643 0.525680 0
0.390122 0.423968 0
0.354817 0.545455 0
194 3
0.025697 0.404538 0
0.043673 0.407252 0
0.046507 0.542768 0
195 3
0.043673 0.407252 0
0.081799 0.435343 0
0.046507 0.542768 0
196 3
0.081799 0.435343 0
0.082193 0.374882 0
0.119220 0.408652 0
197 3
0.043673 0.407252 0
0.082193 0.374882 0
0.081799 0.435343 0
198 3
0.081799 0.435343 0
0.119220 0.408652 0
0.116842 0.541251 0
199 3
0.081799 0.435343 0
0.116842 0.541251 0
0.046507 0.542768 0
200 3
0.046507 0.542768 0
0.116842 0.541251 0
0.115695 0.603721 0
201 3
0.148740 0.443019 0
0.116842 0.541251 0
0.151041 0.380308 0
202 3
0.116842 0.541251 0
0.142214 0.538996 0
0.115695 0.603721 0
203 3
0.148740 0.443019 0
0.142214 0.538996 0
0.116842 0.541251 0
204 3
0.116842 0.541251 0
0.119220 0.408652 0
0.151041 0.380308 0
205 3
0.838123 0.990605 0
0.889217 0.991007 0
0.787623 0.991007 0
206 3
0.628606 0.988187 0
0.523156 0.988383 0
0.630780 0.988843 0
207 3
0.523156 0.988383 0
0.513816 0.986884 0
0.630780 0.988843 0
208 3
0.523156 0.988383 0
0.449234 0.987889 0
0.513816 0.986884 0
209 3
0.449234 0.987889 0
0.416009 0.946586 0
0.416009 0.946586 0
210 3
0.449234 0.987889 0
0.416009 0.946586 0
0.449234 0.987889 0
211 3
0.523156 0.988383 0
0.449234 0.987889 0
0.449234 0.987889 0
212 3
0.889225 0.148343 0
0.787733 0.073119 0
0.787620 0.148343 0
213 3
0.889225 0.148343 0
0.888850 0.073119 0
0.787733 0.073119 0
214 3
0.990151 0.449462 0
0.913427 0.634347 0
0.940205 0.449462 0
215 3
0.888850 0.073119 0
0.888442 0.004951 0
0.787856 0.004951 0
216 3
0.888850 0.073119 0
0.787856 0.004951 0
0.787733 0.073119 0
217 3
0.889359 0.261816 0
0.787620 0.148343 0
0.787580 0.261816 0
218 3
0.889359 0.261816 0
0.889225 0.148343 0
0.787620 0.148343 0
219 3
0.889311 0.370453 0
0.787580 0.261816 0
0.787594 0.370453 0
220 3
0.889311 0.370453 0
0.889359 0.261816 0
0.787580 0.261816 0
221 3
0.889184 0.473731 0
0.787594 0.370453 0
0.787632 0.473731 0
222 3
0.889184 0.473731 0
0.889311 0.370453 0
0.787594 0.370453 0
223 3
0.889210 0.583895 0
0.787632 0.473731 0
0.787625 0.583895 0
224 3
0.889210 0.583895 0
0.889184 0.473731 0
0.787632 0.473731 0
225 3
0.889190 0.704310 0
0.787625 0.583895 0
0.787631 0.704310 0
226 3
0.889190 0.704310 0
0.889210 0.583895 0
0.787625 0.583895 0
227 3
0.889217 0.991007 0
0.787631 0.704310 0
0.787623 0.991007 0
228 3
0.889217 0.991007 0
0.889190 0.704310 0
0.787631 0.704310 0
229 3
0.628606 0.988187 0
0.630780 0.988843 0
0.753350 0.988639 0
230 3
0.168908 0.065826 0
0.168650 0.006620 0
0.237486 0.060595 0
231 3
0.141920 0.576119 0
0.186926 0.538996 0
0.187220 0.576119 0
232 3
0.141920 0.576119 0
0.142214 0.538996 0
0.186926 0.538996 0
233 3
0.143394 0.612153 0
0.187220 0.576119 0
0.185746 0.612153 0
234 3
0.141920 0.576119 0
0.187220 0.576119 0
0.143394 0.612153 0
235 3
0.135421 0.304113 0
0.168509 0.170325 0
0.198560 0.304113 0
236 3
0.150302 0.344785 0
0.198560 0.304113 0
0.183679 0.344785 0
237 3
0.150302 0.344785 0
0.135421 0.304113 0
0.198560 0.304113 0
238 3
0.151041 0.380308 0
0.183679 0.344785 0
0.182940 0.380308 0
239 3
0.150302 0.344785 0
0.183679 0.344785 0
0.151041 0.380308 0
240 3
0.181235 0.443019 0
0.186926 0.538996 0
0.142214 0.538996 0
241 3
0.148740 0.443019 0
0.181235 0.443019 0
0.142214 0.538996 0
242 3
0.182940 0.380308 0
0.181235 0.443019 0
0.148740 0.443019 0
243 3
0.151041 0.380308 0
0.182940 0.380308 0
0.148740 0.443019 0
244 3
0.915947 0.989456 0
0.915395 0.981058 0
0.991125 0.982345 0
245 3
0.915947 0.989456 0
0.991125 0.982345 0
0.915046 0.986110 0
246 3
0.511968 0.739563 0
0.654545 0.595139 0
0.634710 0.708073 0
247 3
0.634710 0.708073 0
0.654545 0.595139 0
0.766458 0.581552 0
248 3
0.634710 0.708073 0
0.766458 0.581552 0
0.757067 0.702788 0
249 3
0.793252 0.148912 0
0.659742 0.072087 0
0.786874 0.069050 0
250 3
0.685235 0.157217 0
0.659742 0.072087 0
0.793252 0.148912 0
251 3
0.685235 0.157217 0
0.550147 0.075615 0
0.659742 0.072087 0
252 3
0.562229 0.165460 0
0.550147 0.075615 0
0.685235 0.157217 0
253 3
0.562229 0.165460 0
0.427092 0.081738 0
0.550147 0.075615 0
254 3
0.426810 0.173320 0
0.427092 0.081738 0
0.562229 0.165460 0
255 3
0.566916 0.301932 0
0.692273 0.380914 0
0.576527 0.410613 0
256 3
0.538051 0.409941 0
0.566916 0.301932 0
0.576527 0.410613 0
257 3
0.685189 0.486959 0
0.799823 0.365151 0
0.791340 0.474553 0
258 3
0.685189 0.486959 0
0.692273 0.380914 0
0.799823 0.365151 0
259 3
0.577449 0.611677 0
0.692273 0.380914 0
0.685189 0.486959 0
260 3
0.577449 0.611677 0
0.596373 0.465311 0
0.692273 0.380914 0
261 3
0.654545 0.595139 0
0.791340 0.474553 0
0.766458 0.581552 0
262 3
0.654545 0.595139 0
0.685189 0.486959 0
0.791340 0.474553 0
263 3
0.449234 0.987889 0
0.416009 0.946586 0
0.513816 0.986884 0
264 3
0.416009 0.946586 0
0.489918 0.849957 0
0.513816 0.986884 0
265 3
0.915046 0.986110 0
0.916497 0.950016 0
0.915947 0.989456 0
266 3
0.915195 0.808042 0
0.914264 0.830952 0
0.991010 0.814097 0
267 3
0.991010 0.814097 0
0.990758 0.822770 0
0.915195 0.808042 0
268 3
0.990575 0.845039 0
0.915195 0.808042 0
0.990758 0.822770 0
269 3
0.914985 0.843178 0
0.915195 0.808042 0
0.990575 0.845039 0
270 3
0.990749 0.938376 0
0.914985 0.843178 0
0.990575 0.845039 0
271 3
0.990749 0.938376 0
0.915111 0.939282 0
0.914985 0.843178 0
272 3
0.991125 0.982345 0
0.915111 0.939282 0
0.990749 0.938376 0
273 3
0.991125 0.982345 0
0.915395 0.981058 0
0.915111 0.939282 0
274 3
0.550147 0.075615 0
0.489878 0.007958 0
0.545034 0.006843 0
275 3
0.427092 0.081738 0
0.489878 0.007958 0
0.550147 0.075615 0
276 3
0.989639 0.686249 0
0.913427 0.634347 0
0.990769 0.615368 0
277 3
0.692273 0.380914 0
0.799182 0.260892 0
0.799823 0.365151 0
278 3
0.692273 0.380914 0
0.690648 0.268201 0
0.799182 0.260892 0
279 3
0.799182 0.260892 0
0.685235 0.157217 0
0.793252 0.148912 0
280 3
0.799182 0.260892 0
0.690648 0.268201 0
0.685235 0.157217 0
281 3
0.786874 0.069050 0
0.637425 0.007861 0
0.716419 0.007173 0
282 3
0.786874 0.069050 0
0.659742 0.072087 0
0.637425 0.007861 0
283 3
0.989756 0.541198 0
0.913427 0.634347 0
0.990151 0.449462 0
284 3
0.489918 0.849957 0
0.447237 0.820896 0
0.482057 0.734830 0
285 3
0.489918 0.849957 0
0.482057 0.734830 0
0.511968 0.739563 0
286 3
0.990769 0.615368 0
0.913427 0.634347 0
0.989756 0.541198 0
287 3
0.990873 0.758135 0
0.913427 0.634347 0
0.989639 0.686249 0
288 3
0.915281 0.758267 0
0.913427 0.634347 0
0.990873 0.758135 0
289 3
0.489918 0.849957 0
0.511968 0.739563 0
0.513816 0.986884 0
290 3
0.566916 0.301932 0
0.685235 0.157217 0
0.690648 0.268201 0
291 3
0.566916 0.301932 0
0.562229 0.165460 0
0.685235 0.157217 0
292 3
0.436532 0.007656 0
0.489878 0.007958 0
0.427092 0.081738 0
293 3
0.168650 0.006620 0
0.220116 0.004951 0
0.237486 0.060595 0
294 3
0.427092 0.081738 0
0.375934 0.096858 0
0.436532 0.007656 0
295 3
0.550147 0.075615 0
0.637425 0.007861 0
0.659742 0.072087 0
296 3
0.550147 0.075615 0
0.545034 0.006843 0
0.637425 0.007861 0
297 3
0.433643 0.525680 0
0.520819 0.449820 0
0.487449 0.618120 0
298 3
0.210755 0.408652 0
0.183679 0.344785 0
0.198560 0.304113 0
299 3
0.243777 0.374882 0
0.198560 0.304113 0
0.240634 0.301205 0
300 3
0.210755 0.408652 0
0.198560 0.304113 0
0.243777 0.374882 0
301 3
0.282296 0.407252 0
0.288606 0.316487 0
0.300394 0.406760 0
302 3
0.240634 0.301205 0
0.288606 0.316487 0
0.243777 0.374882 0
303 3
0.187220 0.576119 0
0.186926 0.538996 0
0.218204 0.603721 0
304 3
0.185746 0.612153 0
0.187220 0.576119 0
0.218204 0.603721 0
305 3
0.332482 0.319963 0
0.349874 0.188838 0
0.430235 0.317589 0
306 3
0.332482 0.319963 0
0.430235 0.317589 0
0.390122 0.423968 0
307 3
0.182940 0.380308 0
0.183679 0.344785 0
0.210755 0.408652 0
308 3
0.240634 0.301205 0
0.264854 0.155897 0
0.288606 0.316487 0
309 3
0.433643 0.525680 0
0.354817 0.545455 0
0.390122 0.423968 0
310 3
0.300394 0.406760 0
0.287474 0.542768 0
0.282296 0.407252 0
311 3
0.282296 0.407252 0
0.287474 0.542768 0
0.244171 0.435343 0
312 3
0.244171 0.435343 0
0.210755 0.408652 0
0.243777 0.374882 0
313 3
0.244171 0.435343 0
0.243777 0.374882 0
0.282296 0.407252 0
314 3
0.244171 0.435343 0
0.216809 0.541251 0
0.210755 0.408652 0
315 3
0.244171 0.435343 0
0.287474 0.542768 0
0.216809 0.541251 0
316 3
0.287474 0.542768 0
0.218204 0.603721 0
0.216809 0.541251 0
317 3
0.181235 0.443019 0
0.182940 0.380308 0
0.216809 0.541251 0
318 3
0.216809 0.541251 0
0.218204 0.603721 0
0.186926 0.538996 0
319 3
0.181235 0.443019 0
0.216809 0.541251 0
0.186926 0.538996 0
320 3
0.216809 0.541251 0
0.182940 0.380308 0
0.210755 0.408652 0
4
0.000000 -90.000000 0.000000
0.000000 180.000000 0.000000
0.000000 0.000000 0.000000
13.364435 25.728870 17.894318
4
0.000000 0.000000 0.000000
0.000000 0.000000 0.000000
6.378353 0.000000 0.000000
10.621699 19.998158 15.309929
4
0.000000 -90.000000 0.000000
0.000000 0.000000 0.000000
-1.765962 0.000000 0.000000
3.033338 5.066675 3.981275
4
-90.000000 0.000000 0.000000
0.000000 0.000000 0.000000
-0.574604 0.000000 0.000000
5.036698 3.018349 9.117927
4
0.000000 0.000000 0.000000
0.000000 0.000000 0.000000
0.000000 0.000000 0.000000
4.807884 25.092299 14.950091
