1
8
C:\MIDWAY\NBAonNBC\HEADS\New_York\LWO\hd_jstar.TGA
C:\MIDWAY\NBAonNBC\HEADS\New_York\LWO\hd_jstar.TGA
C:\MIDWAY\NBAonNBC\HEADS\New_York\LWO\hd_jstar.TGA
C:\MIDWAY\NBAonNBC\HEADS\New_York\LWO\hd_jstar.TGA
C:\MIDWAY\NBAonNBC\HEADS\New_York\LWO\hd_jstar.TGA
C:\MIDWAY\NBAonNBC\HEADS\New_York\LWO\hd_jstar.TGA
C:\MIDWAY\NBAonNBC\HEADS\New_York\LWO\hd_jstar.TGA
C:\MIDWAY\NBAonNBC\HEADS\New_York\LWO\hd_jstar.TGA
321
0 3
0.504452 0.859373 0
0.463769 0.806521 0
0.356982 0.928285 0
1 3
0.504452 0.859373 0
0.356982 0.928285 0
0.356205 0.983427 0
2 3
0.504452 0.859373 0
0.356205 0.983427 0
0.356982 0.928285 0
3 3
0.504452 0.859373 0
0.356982 0.928285 0
0.463769 0.806521 0
4 3
0.672724 0.452500 0
0.673106 0.580103 0
0.759387 0.562666 0
5 3
0.672724 0.452500 0
0.759387 0.562666 0
0.757261 0.433990 0
6 3
0.672724 0.452500 0
0.757261 0.433990 0
0.759387 0.562666 0
7 3
0.672724 0.452500 0
0.759387 0.562666 0
0.673106 0.580103 0
8 3
0.672724 0.452500 0
0.675499 0.343445 0
0.638620 0.440924 0
9 3
0.672724 0.452500 0
0.638620 0.440924 0
0.625510 0.573096 0
10 3
0.672724 0.452500 0
0.625510 0.573096 0
0.638620 0.440924 0
11 3
0.672724 0.452500 0
0.638620 0.440924 0
0.675499 0.343445 0
12 3
0.626654 0.443964 0
0.594749 0.398723 0
0.543613 0.441961 0
13 3
0.612503 0.572227 0
0.626654 0.443964 0
0.543613 0.441961 0
14 3
0.567145 0.644352 0
0.612503 0.572227 0
0.543613 0.441961 0
15 3
0.567145 0.644352 0
0.543613 0.441961 0
0.524070 0.616522 0
16 3
0.524070 0.616522 0
0.538986 0.653885 0
0.567145 0.644352 0
17 3
0.543613 0.441961 0
0.594749 0.398723 0
0.626654 0.443964 0
18 3
0.543613 0.441961 0
0.626654 0.443964 0
0.612503 0.572227 0
19 3
0.543613 0.441961 0
0.612503 0.572227 0
0.567145 0.644352 0
20 3
0.524070 0.616522 0
0.543613 0.441961 0
0.567145 0.644352 0
21 3
0.567145 0.644352 0
0.538986 0.653885 0
0.524070 0.616522 0
22 3
0.091630 0.775328 0
0.098063 0.645971 0
0.130767 0.716586 0
23 3
0.130767 0.716586 0
0.132997 0.767318 0
0.091630 0.775328 0
24 3
0.175309 0.716584 0
0.211890 0.645971 0
0.214445 0.776009 0
25 3
0.214445 0.776009 0
0.173079 0.767276 0
0.175309 0.716584 0
26 3
0.132997 0.767318 0
0.130767 0.716586 0
0.175309 0.716584 0
27 3
0.132997 0.767318 0
0.175309 0.716584 0
0.173079 0.767276 0
28 3
0.130767 0.716586 0
0.139934 0.661845 0
0.166141 0.661845 0
29 3
0.166141 0.661845 0
0.175309 0.716584 0
0.130767 0.716586 0
30 3
0.211890 0.645971 0
0.175309 0.716584 0
0.166141 0.661845 0
31 3
0.139934 0.661845 0
0.130767 0.716586 0
0.098063 0.645971 0
32 3
0.130401 0.866013 0
0.175820 0.866128 0
0.179319 0.940063 0
33 3
0.130401 0.866013 0
0.179319 0.940063 0
0.126757 0.940063 0
34 3
0.356205 0.983427 0
0.453899 0.913216 0
0.504452 0.859373 0
35 3
0.356205 0.983427 0
0.504452 0.859373 0
0.453899 0.913216 0
36 3
0.126757 0.940063 0
0.090163 0.926239 0
0.130401 0.866013 0
37 3
0.175820 0.866128 0
0.215912 0.926239 0
0.179319 0.940063 0
38 3
0.075570 0.837489 0
0.130401 0.866013 0
0.090163 0.926239 0
39 3
0.230505 0.837489 0
0.215912 0.926239 0
0.175820 0.866128 0
40 3
0.453899 0.913216 0
0.453899 0.913216 0
0.356205 0.983427 0
41 3
0.453899 0.913216 0
0.356205 0.983427 0
0.356205 0.983427 0
42 3
0.123992 0.983938 0
0.126757 0.940063 0
0.179319 0.940063 0
43 3
0.123992 0.983938 0
0.179319 0.940063 0
0.182083 0.983938 0
44 3
0.090163 0.926239 0
0.126757 0.940063 0
0.123992 0.983938 0
45 3
0.215912 0.926239 0
0.182083 0.983938 0
0.179319 0.940063 0
46 3
0.565148 0.232446 0
0.614347 0.389249 0
0.675499 0.343445 0
47 3
0.565148 0.232446 0
0.674090 0.214914 0
0.675499 0.343445 0
48 3
0.614347 0.389249 0
0.638620 0.440924 0
0.675499 0.343445 0
49 3
0.675499 0.343445 0
0.638620 0.440924 0
0.614347 0.389249 0
50 3
0.671074 0.988372 0
0.749074 0.987427 0
0.756945 0.699346 0
51 3
0.671074 0.988372 0
0.673350 0.705133 0
0.756945 0.699346 0
52 3
0.671074 0.988372 0
0.756945 0.699346 0
0.673350 0.705133 0
53 3
0.671074 0.988372 0
0.756945 0.699346 0
0.749074 0.987427 0
54 3
0.343958 0.184988 0
0.437439 0.324397 0
0.437830 0.124108 0
55 3
0.343958 0.184988 0
0.437830 0.124108 0
0.440352 0.029031 0
56 3
0.343958 0.184988 0
0.440352 0.029031 0
0.437830 0.124108 0
57 3
0.343958 0.184988 0
0.437830 0.124108 0
0.437439 0.324397 0
58 3
0.625510 0.573096 0
0.575829 0.666608 0
0.673106 0.580103 0
59 3
0.673106 0.580103 0
0.672724 0.452500 0
0.625510 0.573096 0
60 3
0.673106 0.580103 0
0.575829 0.666608 0
0.625510 0.573096 0
61 3
0.625510 0.573096 0
0.672724 0.452500 0
0.673106 0.580103 0
62 3
0.463769 0.806521 0
0.444654 0.506193 0
0.359386 0.568991 0
63 3
0.463769 0.806521 0
0.361356 0.761308 0
0.359386 0.568991 0
64 3
0.463769 0.806521 0
0.359386 0.568991 0
0.361356 0.761308 0
65 3
0.463769 0.806521 0
0.359386 0.568991 0
0.444654 0.506193 0
66 3
0.175820 0.866128 0
0.176400 0.835296 0
0.214445 0.776009 0
67 3
0.230505 0.837489 0
0.175820 0.866128 0
0.214445 0.776009 0
68 3
0.176400 0.835296 0
0.175820 0.866128 0
0.130401 0.866013 0
69 3
0.176400 0.835296 0
0.130401 0.866013 0
0.129675 0.835296 0
70 3
0.176400 0.835296 0
0.129675 0.835296 0
0.153038 0.767266 0
71 3
0.129675 0.835296 0
0.132964 0.767151 0
0.153038 0.767266 0
72 3
0.091630 0.775328 0
0.129675 0.835296 0
0.130401 0.866013 0
73 3
0.176400 0.835296 0
0.153038 0.767266 0
0.173111 0.767151 0
74 3
0.176400 0.835296 0
0.173111 0.767151 0
0.214445 0.776009 0
75 3
0.091630 0.775328 0
0.132964 0.767151 0
0.129675 0.835296 0
76 3
0.075570 0.837489 0
0.091630 0.775328 0
0.130401 0.866013 0
77 3
0.031430 0.564238 0
0.098063 0.645971 0
0.062572 0.767798 0
78 3
0.243504 0.767798 0
0.211890 0.645971 0
0.274646 0.564238 0
79 3
0.214445 0.776009 0
0.211890 0.645971 0
0.243504 0.767798 0
80 3
0.091630 0.775328 0
0.075570 0.837489 0
0.062572 0.767798 0
81 3
0.091630 0.775328 0
0.062572 0.767798 0
0.098063 0.645971 0
82 3
0.214445 0.776009 0
0.243504 0.767798 0
0.230505 0.837489 0
83 3
0.047699 0.439280 0
0.057212 0.404603 0
0.086802 0.401691 0
84 3
0.033675 0.331024 0
0.057212 0.404603 0
0.047699 0.439280 0
85 3
0.086802 0.401691 0
0.057212 0.404603 0
0.033675 0.331024 0
86 3
0.227029 0.401520 0
0.252742 0.404431 0
0.262254 0.439109 0
87 3
0.277051 0.331024 0
0.252742 0.404431 0
0.227029 0.401520 0
88 3
0.262254 0.439109 0
0.252742 0.404431 0
0.277051 0.331024 0
89 3
0.440352 0.029031 0
0.374239 0.068366 0
0.343958 0.184988 0
90 3
0.343958 0.184988 0
0.374239 0.068366 0
0.440352 0.029031 0
91 3
0.437830 0.124108 0
0.437439 0.324397 0
0.565148 0.232446 0
92 3
0.565148 0.232446 0
0.567467 0.098818 0
0.437830 0.124108 0
93 3
0.565148 0.232446 0
0.437439 0.324397 0
0.437830 0.124108 0
94 3
0.437830 0.124108 0
0.567467 0.098818 0
0.565148 0.232446 0
95 3
0.444654 0.506193 0
0.543613 0.441961 0
0.437439 0.324397 0
96 3
0.437439 0.324397 0
0.375091 0.439305 0
0.444654 0.506193 0
97 3
0.437439 0.324397 0
0.543613 0.441961 0
0.444654 0.506193 0
98 3
0.444654 0.506193 0
0.375091 0.439305 0
0.437439 0.324397 0
99 3
0.560013 0.719859 0
0.516534 0.986319 0
0.671074 0.988372 0
100 3
0.671074 0.988372 0
0.673350 0.705133 0
0.560013 0.719859 0
101 3
0.671074 0.988372 0
0.516534 0.986319 0
0.560013 0.719859 0
102 3
0.560013 0.719859 0
0.673350 0.705133 0
0.671074 0.988372 0
103 3
0.575829 0.666608 0
0.527926 0.729866 0
0.560013 0.719859 0
104 3
0.575829 0.666608 0
0.560013 0.719859 0
0.673106 0.580103 0
105 3
0.575829 0.666608 0
0.673106 0.580103 0
0.560013 0.719859 0
106 3
0.575829 0.666608 0
0.560013 0.719859 0
0.527926 0.729866 0
107 3
0.356982 0.928285 0
0.463769 0.806521 0
0.359922 0.843467 0
108 3
0.361356 0.761308 0
0.359922 0.843467 0
0.463769 0.806521 0
109 3
0.361356 0.761308 0
0.463769 0.806521 0
0.359922 0.843467 0
110 3
0.356982 0.928285 0
0.359922 0.843467 0
0.463769 0.806521 0
111 3
0.679452 0.987951 0
0.671074 0.988372 0
0.529770 0.988135 0
112 3
0.529770 0.988135 0
0.671074 0.988372 0
0.516534 0.986319 0
113 3
0.529770 0.988135 0
0.516534 0.986319 0
0.453190 0.987347 0
114 3
0.679452 0.987951 0
0.749074 0.987427 0
0.671074 0.988372 0
115 3
0.553397 0.122329 0
0.475400 0.103562 0
0.553399 0.045678 0
116 3
0.153038 0.188791 0
0.101717 0.045567 0
0.152835 0.057380 0
117 3
0.527926 0.729866 0
0.575829 0.666608 0
0.527755 0.672813 0
118 3
0.915338 0.991110 0
0.938674 0.981830 0
0.915379 0.978285 0
119 3
0.915338 0.991110 0
0.918577 0.986743 0
0.938674 0.981830 0
120 3
0.560013 0.719859 0
0.673350 0.705133 0
0.673106 0.580103 0
121 3
0.673350 0.705133 0
0.759387 0.562666 0
0.673106 0.580103 0
122 3
0.673350 0.705133 0
0.756945 0.699346 0
0.759387 0.562666 0
123 3
0.761617 0.099758 0
0.733423 0.026761 0
0.648566 0.027813 0
124 3
0.675864 0.099410 0
0.761617 0.099758 0
0.648566 0.027813 0
125 3
0.675864 0.099410 0
0.648566 0.027813 0
0.560299 0.030188 0
126 3
0.567467 0.098818 0
0.675864 0.099410 0
0.560299 0.030188 0
127 3
0.567467 0.098818 0
0.560299 0.030188 0
0.440352 0.029031 0
128 3
0.437830 0.124108 0
0.567467 0.098818 0
0.440352 0.029031 0
129 3
0.565148 0.232446 0
0.675499 0.343445 0
0.674090 0.214914 0
130 3
0.570163 0.389852 0
0.614347 0.389249 0
0.565148 0.232446 0
131 3
0.570163 0.389852 0
0.565148 0.232446 0
0.437439 0.324397 0
132 3
0.672724 0.452500 0
0.757261 0.433990 0
0.760558 0.335565 0
133 3
0.672724 0.452500 0
0.760558 0.335565 0
0.675499 0.343445 0
134 3
0.453190 0.987347 0
0.516534 0.986319 0
0.453899 0.913216 0
135 3
0.453899 0.913216 0
0.516534 0.986319 0
0.504452 0.859373 0
136 3
0.918577 0.986743 0
0.915338 0.991110 0
0.916491 0.956253 0
137 3
0.437439 0.324397 0
0.543613 0.441961 0
0.570163 0.389852 0
138 3
0.915441 0.839167 0
0.914956 0.810215 0
0.930338 0.819025 0
139 3
0.930338 0.819025 0
0.914956 0.810215 0
0.931802 0.818547 0
140 3
0.940576 0.838346 0
0.931802 0.818547 0
0.914956 0.810215 0
141 3
0.915712 0.840753 0
0.940576 0.838346 0
0.914956 0.810215 0
142 3
0.940162 0.928911 0
0.940576 0.838346 0
0.915712 0.840753 0
143 3
0.940162 0.928911 0
0.915712 0.840753 0
0.915143 0.928222 0
144 3
0.938674 0.981830 0
0.940162 0.928911 0
0.915143 0.928222 0
145 3
0.938674 0.981830 0
0.915143 0.928222 0
0.915379 0.978285 0
146 3
0.622550 0.087526 0
0.596601 0.006981 0
0.539253 0.007396 0
147 3
0.481633 0.083460 0
0.622550 0.087526 0
0.539253 0.007396 0
148 3
0.990719 0.669656 0
0.990666 0.594334 0
0.918026 0.645263 0
149 3
0.675499 0.343445 0
0.760558 0.335565 0
0.762747 0.215280 0
150 3
0.675499 0.343445 0
0.762747 0.215280 0
0.674090 0.214914 0
151 3
0.762747 0.215280 0
0.761617 0.099758 0
0.675864 0.099410 0
152 3
0.762747 0.215280 0
0.675864 0.099410 0
0.674090 0.214914 0
153 3
0.825943 0.075481 0
0.759901 0.008869 0
0.670669 0.009681 0
154 3
0.825943 0.075481 0
0.670669 0.009681 0
0.726250 0.079178 0
155 3
0.989471 0.536007 0
0.916919 0.537771 0
0.918026 0.645263 0
156 3
0.504452 0.859373 0
0.527926 0.729866 0
0.463769 0.806521 0
157 3
0.504452 0.859373 0
0.560013 0.719859 0
0.527926 0.729866 0
158 3
0.990666 0.594334 0
0.989471 0.536007 0
0.918026 0.645263 0
159 3
0.990768 0.756416 0
0.990719 0.669656 0
0.918026 0.645263 0
160 3
0.917872 0.771815 0
0.990768 0.756416 0
0.918026 0.645263 0
161 3
0.153038 0.188791 0
0.060120 0.178914 0
0.101717 0.045567 0
162 3
0.504452 0.859373 0
0.516534 0.986319 0
0.560013 0.719859 0
163 3
0.565148 0.232446 0
0.674090 0.214914 0
0.675864 0.099410 0
164 3
0.565148 0.232446 0
0.675864 0.099410 0
0.567467 0.098818 0
165 3
0.487121 0.010630 0
0.481633 0.083460 0
0.539253 0.007396 0
166 3
0.553399 0.045678 0
0.475400 0.103562 0
0.476781 0.046095 0
167 3
0.659555 0.083141 0
0.661990 0.017454 0
0.556862 0.091905 0
168 3
0.622550 0.087526 0
0.726250 0.079178 0
0.670669 0.009681 0
169 3
0.622550 0.087526 0
0.670669 0.009681 0
0.596601 0.006981 0
170 3
0.444654 0.506193 0
0.463769 0.806521 0
0.527926 0.729866 0
171 3
0.444654 0.506193 0
0.527755 0.672813 0
0.524070 0.616522 0
172 3
0.527755 0.672813 0
0.444654 0.506193 0
0.527926 0.729866 0
173 3
0.444654 0.506193 0
0.524070 0.616522 0
0.543613 0.441961 0
174 3
0.120147 0.437672 0
0.118723 0.328872 0
0.135914 0.402743 0
175 3
0.086802 0.401691 0
0.073796 0.321806 0
0.118723 0.328872 0
176 3
0.120147 0.437672 0
0.086802 0.401691 0
0.118723 0.328872 0
177 3
0.047699 0.439280 0
0.020529 0.440578 0
0.033675 0.331024 0
178 3
0.073796 0.321806 0
0.086802 0.401691 0
0.033675 0.331024 0
179 3
0.138541 0.617002 0
0.098063 0.645971 0
0.138819 0.573999 0
180 3
0.139934 0.661845 0
0.098063 0.645971 0
0.138541 0.617002 0
181 3
0.339140 0.333325 0
0.437439 0.324397 0
0.343958 0.184988 0
182 3
0.339140 0.333325 0
0.375091 0.439305 0
0.437439 0.324397 0
183 3
0.118723 0.328872 0
0.073796 0.321806 0
0.060120 0.178914 0
184 3
0.118723 0.328872 0
0.060120 0.178914 0
0.153038 0.188791 0
185 3
0.140542 0.430283 0
0.120147 0.437672 0
0.135914 0.402743 0
186 3
0.073796 0.321806 0
0.033675 0.331024 0
0.060120 0.178914 0
187 3
0.444654 0.506193 0
0.375091 0.439305 0
0.359386 0.568991 0
188 3
0.020529 0.440578 0
0.047699 0.439280 0
0.031430 0.564238 0
189 3
0.047699 0.439280 0
0.086402 0.469416 0
0.031430 0.564238 0
190 3
0.086402 0.469416 0
0.086802 0.401691 0
0.120147 0.437672 0
191 3
0.047699 0.439280 0
0.086802 0.401691 0
0.086402 0.469416 0
192 3
0.086402 0.469416 0
0.120147 0.437672 0
0.105528 0.570565 0
193 3
0.086402 0.469416 0
0.105528 0.570565 0
0.031430 0.564238 0
194 3
0.031430 0.564238 0
0.105528 0.570565 0
0.098063 0.645971 0
195 3
0.140845 0.515325 0
0.105528 0.570565 0
0.140542 0.430283 0
196 3
0.105528 0.570565 0
0.138819 0.573999 0
0.098063 0.645971 0
197 3
0.140845 0.515325 0
0.138819 0.573999 0
0.105528 0.570565 0
198 3
0.105528 0.570565 0
0.120147 0.437672 0
0.140542 0.430283 0
199 3
0.814747 0.988382 0
0.881364 0.988050 0
0.751375 0.988050 0
200 3
0.679452 0.987951 0
0.529770 0.988135 0
0.671074 0.988372 0
201 3
0.529770 0.988135 0
0.516534 0.986319 0
0.671074 0.988372 0
202 3
0.529770 0.988135 0
0.453190 0.987347 0
0.516534 0.986319 0
203 3
0.453190 0.987347 0
0.453899 0.913216 0
0.453899 0.913216 0
204 3
0.453190 0.987347 0
0.453899 0.913216 0
0.453190 0.987347 0
205 3
0.529770 0.988135 0
0.453190 0.987347 0
0.453190 0.987347 0
206 3
0.878298 0.130967 0
0.769789 0.054661 0
0.750543 0.130967 0
207 3
0.878298 0.130967 0
0.856078 0.054661 0
0.769789 0.054661 0
208 3
0.956633 0.537771 0
0.918026 0.645263 0
0.916919 0.537771 0
209 3
0.856078 0.054661 0
0.832789 0.004950 0
0.793078 0.004950 0
210 3
0.856078 0.054661 0
0.793078 0.004950 0
0.769789 0.054661 0
211 3
0.879309 0.217966 0
0.750543 0.130967 0
0.750202 0.217966 0
212 3
0.879309 0.217966 0
0.878298 0.130967 0
0.750543 0.130967 0
213 3
0.880825 0.335853 0
0.750202 0.217966 0
0.750472 0.335853 0
214 3
0.880825 0.335853 0
0.879309 0.217966 0
0.750202 0.217966 0
215 3
0.879678 0.431710 0
0.750472 0.335853 0
0.749545 0.431710 0
216 3
0.879678 0.431710 0
0.880825 0.335853 0
0.750472 0.335853 0
217 3
0.879587 0.563369 0
0.749545 0.431710 0
0.749871 0.563369 0
218 3
0.879587 0.563369 0
0.879678 0.431710 0
0.749545 0.431710 0
219 3
0.880046 0.701979 0
0.749871 0.563369 0
0.749508 0.701979 0
220 3
0.880046 0.701979 0
0.879587 0.563369 0
0.749871 0.563369 0
221 3
0.881364 0.988050 0
0.749508 0.701979 0
0.751375 0.988050 0
222 3
0.881364 0.988050 0
0.880046 0.701979 0
0.749508 0.701979 0
223 3
0.679452 0.987951 0
0.671074 0.988372 0
0.749074 0.987427 0
224 3
0.553397 0.122329 0
0.553399 0.045678 0
0.632013 0.103562 0
225 3
0.153038 0.188791 0
0.152835 0.057380 0
0.204358 0.045567 0
226 3
0.138541 0.617002 0
0.167256 0.573999 0
0.167534 0.617002 0
227 3
0.138541 0.617002 0
0.138819 0.573999 0
0.167256 0.573999 0
228 3
0.139934 0.661845 0
0.167534 0.617002 0
0.166141 0.661845 0
229 3
0.138541 0.617002 0
0.167534 0.617002 0
0.139934 0.661845 0
230 3
0.118723 0.328872 0
0.153038 0.188791 0
0.187353 0.328872 0
231 3
0.135914 0.402743 0
0.187353 0.328872 0
0.170162 0.402743 0
232 3
0.135914 0.402743 0
0.118723 0.328872 0
0.187353 0.328872 0
233 3
0.140542 0.430283 0
0.170162 0.402743 0
0.165534 0.430283 0
234 3
0.135914 0.402743 0
0.170162 0.402743 0
0.140542 0.430283 0
235 3
0.165230 0.515325 0
0.167256 0.573999 0
0.138819 0.573999 0
236 3
0.140845 0.515325 0
0.165230 0.515325 0
0.138819 0.573999 0
237 3
0.165534 0.430283 0
0.165230 0.515325 0
0.140845 0.515325 0
238 3
0.140542 0.430283 0
0.165534 0.430283 0
0.140845 0.515325 0
239 3
0.527926 0.729866 0
0.527755 0.672813 0
0.575829 0.666608 0
240 3
0.992356 0.991110 0
0.992151 0.978285 0
0.969024 0.981830 0
241 3
0.992356 0.991110 0
0.969024 0.981830 0
0.979039 0.986743 0
242 3
0.560013 0.719859 0
0.673106 0.580103 0
0.673350 0.705133 0
243 3
0.673350 0.705133 0
0.673106 0.580103 0
0.759387 0.562666 0
244 3
0.673350 0.705133 0
0.759387 0.562666 0
0.756945 0.699346 0
245 3
0.761617 0.099758 0
0.648566 0.027813 0
0.733423 0.026761 0
246 3
0.675864 0.099410 0
0.648566 0.027813 0
0.761617 0.099758 0
247 3
0.675864 0.099410 0
0.560299 0.030188 0
0.648566 0.027813 0
248 3
0.567467 0.098818 0
0.560299 0.030188 0
0.675864 0.099410 0
249 3
0.567467 0.098818 0
0.440352 0.029031 0
0.560299 0.030188 0
250 3
0.437830 0.124108 0
0.440352 0.029031 0
0.567467 0.098818 0
251 3
0.565148 0.232446 0
0.675499 0.343445 0
0.614347 0.389249 0
252 3
0.570163 0.389852 0
0.565148 0.232446 0
0.614347 0.389249 0
253 3
0.570163 0.389852 0
0.437439 0.324397 0
0.565148 0.232446 0
254 3
0.672724 0.452500 0
0.760558 0.335565 0
0.757261 0.433990 0
255 3
0.672724 0.452500 0
0.675499 0.343445 0
0.760558 0.335565 0
256 3
0.453190 0.987347 0
0.453899 0.913216 0
0.516534 0.986319 0
257 3
0.453899 0.913216 0
0.504452 0.859373 0
0.516534 0.986319 0
258 3
0.979039 0.986743 0
0.991542 0.956253 0
0.992356 0.991110 0
259 3
0.437439 0.324397 0
0.570163 0.389852 0
0.543613 0.441961 0
260 3
0.990206 0.810215 0
0.989721 0.839167 0
0.976904 0.819025 0
261 3
0.976904 0.819025 0
0.975440 0.818547 0
0.990206 0.810215 0
262 3
0.967118 0.838346 0
0.990206 0.810215 0
0.975440 0.818547 0
263 3
0.991818 0.840753 0
0.990206 0.810215 0
0.967118 0.838346 0
264 3
0.967532 0.928911 0
0.991818 0.840753 0
0.967118 0.838346 0
265 3
0.967532 0.928911 0
0.992387 0.928222 0
0.991818 0.840753 0
266 3
0.969024 0.981830 0
0.992387 0.928222 0
0.967532 0.928911 0
267 3
0.969024 0.981830 0
0.992151 0.978285 0
0.992387 0.928222 0
268 3
0.622550 0.087526 0
0.539253 0.007396 0
0.596601 0.006981 0
269 3
0.481633 0.083460 0
0.539253 0.007396 0
0.622550 0.087526 0
270 3
0.990861 0.682555 0
0.918026 0.645263 0
0.990919 0.613618 0
271 3
0.675499 0.343445 0
0.762747 0.215280 0
0.760558 0.335565 0
272 3
0.675499 0.343445 0
0.674090 0.214914 0
0.762747 0.215280 0
273 3
0.762747 0.215280 0
0.675864 0.099410 0
0.761617 0.099758 0
274 3
0.762747 0.215280 0
0.674090 0.214914 0
0.675864 0.099410 0
275 3
0.825943 0.075481 0
0.670669 0.009681 0
0.759901 0.008869 0
276 3
0.825943 0.075481 0
0.726250 0.079178 0
0.670669 0.009681 0
277 3
0.989401 0.539205 0
0.918026 0.645263 0
0.956633 0.537771 0
278 3
0.504452 0.859373 0
0.463769 0.806521 0
0.527926 0.729866 0
279 3
0.504452 0.859373 0
0.527926 0.729866 0
0.560013 0.719859 0
280 3
0.990919 0.613618 0
0.918026 0.645263 0
0.989401 0.539205 0
281 3
0.990096 0.771355 0
0.918026 0.645263 0
0.990861 0.682555 0
282 3
0.917872 0.771815 0
0.918026 0.645263 0
0.990096 0.771355 0
283 3
0.153038 0.188791 0
0.204358 0.045567 0
0.245955 0.178914 0
284 3
0.504452 0.859373 0
0.560013 0.719859 0
0.516534 0.986319 0
285 3
0.565148 0.232446 0
0.675864 0.099410 0
0.674090 0.214914 0
286 3
0.565148 0.232446 0
0.567467 0.098818 0
0.675864 0.099410 0
287 3
0.487121 0.010630 0
0.539253 0.007396 0
0.481633 0.083460 0
288 3
0.553399 0.045678 0
0.630632 0.046095 0
0.632013 0.103562 0
289 3
0.659555 0.083141 0
0.556862 0.091905 0
0.661990 0.017454 0
290 3
0.622550 0.087526 0
0.670669 0.009681 0
0.726250 0.079178 0
291 3
0.622550 0.087526 0
0.596601 0.006981 0
0.670669 0.009681 0
292 3
0.444654 0.506193 0
0.527926 0.729866 0
0.463769 0.806521 0
293 3
0.444654 0.506193 0
0.524070 0.616522 0
0.527755 0.672813 0
294 3
0.527755 0.672813 0
0.527926 0.729866 0
0.444654 0.506193 0
295 3
0.444654 0.506193 0
0.543613 0.441961 0
0.524070 0.616522 0
296 3
0.193684 0.437500 0
0.170162 0.402743 0
0.187353 0.328872 0
297 3
0.227029 0.401520 0
0.187353 0.328872 0
0.232279 0.321806 0
298 3
0.193684 0.437500 0
0.187353 0.328872 0
0.227029 0.401520 0
299 3
0.262254 0.439109 0
0.277051 0.331024 0
0.285547 0.440578 0
300 3
0.232279 0.321806 0
0.277051 0.331024 0
0.227029 0.401520 0
301 3
0.167534 0.617002 0
0.167256 0.573999 0
0.211890 0.645971 0
302 3
0.166141 0.661845 0
0.167534 0.617002 0
0.211890 0.645971 0
303 3
0.339140 0.333325 0
0.343958 0.184988 0
0.437439 0.324397 0
304 3
0.339140 0.333325 0
0.437439 0.324397 0
0.375091 0.439305 0
305 3
0.187353 0.328872 0
0.245955 0.178914 0
0.232279 0.321806 0
306 3
0.187353 0.328872 0
0.153038 0.188791 0
0.245955 0.178914 0
307 3
0.165534 0.430283 0
0.170162 0.402743 0
0.193684 0.437500 0
308 3
0.232279 0.321806 0
0.245955 0.178914 0
0.277051 0.331024 0
309 3
0.444654 0.506193 0
0.359386 0.568991 0
0.375091 0.439305 0
310 3
0.285547 0.440578 0
0.274646 0.564238 0
0.262254 0.439109 0
311 3
0.262254 0.439109 0
0.274646 0.564238 0
0.227429 0.469245 0
312 3
0.227429 0.469245 0
0.193684 0.437500 0
0.227029 0.401520 0
313 3
0.227429 0.469245 0
0.227029 0.401520 0
0.262254 0.439109 0
314 3
0.227429 0.469245 0
0.200548 0.570565 0
0.193684 0.437500 0
315 3
0.227429 0.469245 0
0.274646 0.564238 0
0.200548 0.570565 0
316 3
0.274646 0.564238 0
0.211890 0.645971 0
0.200548 0.570565 0
317 3
0.165230 0.515325 0
0.165534 0.430283 0
0.200548 0.570565 0
318 3
0.200548 0.570565 0
0.211890 0.645971 0
0.167256 0.573999 0
319 3
0.165230 0.515325 0
0.200548 0.570565 0
0.167256 0.573999 0
320 3
0.200548 0.570565 0
0.165534 0.430283 0
0.193684 0.437500 0
4
0.000000 -90.000000 0.000000
0.000000 180.000000 0.000000
0.000000 0.000000 0.000000
13.246363 25.492725 15.477345
4
0.000000 0.000000 0.000000
0.000000 0.000000 0.000000
0.000000 0.000000 0.000000
10.712953 20.408770 15.560862
4
0.000000 0.000000 0.000000
0.000000 0.000000 0.000000
0.000000 0.000000 0.000000
15.915915 4.928304 10.422110
4
-90.000000 0.000000 0.000000
0.000000 0.000000 0.000000
0.000000 0.000000 0.000000
5.196329 3.098164 8.097058
4
0.000000 0.000000 0.000000
0.000000 0.000000 0.000000
0.000000 0.000000 0.000000
5.896896 24.802141 15.349519
4
0.000000 0.000000 0.000000
0.000000 0.000000 0.000000
0.000000 0.000000 0.000000
1.000000 1.000000 1.000000
4
0.000000 0.000000 0.000000
0.000000 0.000000 0.000000
0.000000 0.000000 0.000000
1.000000 1.000000 1.000000
4
0.000000 0.000000 0.000000
0.000000 0.000000 0.000000
0.000000 0.000000 0.000000
1.000000 1.000000 1.000000
