1
6
Utah\LWO\hd_jstoc.tga
Utah\LWO\hd_jstoc.tga
Utah\LWO\hd_jstoc.tga
Utah\LWO\hd_jstoc.tga
Utah\LWO\hd_jstoc.tga
Utah\LWO\hd_jstoc.tga
317
0 3
0.700909 0.721486 0
0.701855 0.604306 0
0.580861 0.709214 0
1 3
0.580861 0.709214 0
0.580108 0.749478 0
0.700909 0.721486 0
2 3
0.580861 0.709214 0
0.701855 0.604306 0
0.700909 0.721486 0
3 3
0.700909 0.721486 0
0.580108 0.749478 0
0.580861 0.709214 0
4 3
0.703689 0.993213 0
0.700909 0.721486 0
0.580108 0.749478 0
5 3
0.580108 0.749478 0
0.700909 0.721486 0
0.703688 0.993213 0
6 3
0.083297 0.825764 0
0.137737 0.834035 0
0.136696 0.942287 0
7 3
0.240993 0.825764 0
0.235638 0.932085 0
0.190031 0.942287 0
8 3
0.083297 0.825764 0
0.136696 0.942287 0
0.091259 0.932085 0
9 3
0.240993 0.825764 0
0.190031 0.942287 0
0.187157 0.834139 0
10 3
0.431490 0.967718 0
0.351488 0.956370 0
0.485015 0.832620 0
11 3
0.485015 0.832620 0
0.351488 0.956370 0
0.431490 0.967718 0
12 3
0.485015 0.832620 0
0.501447 0.889223 0
0.431490 0.967718 0
13 3
0.431490 0.967718 0
0.501447 0.889223 0
0.485015 0.832620 0
14 3
0.485015 0.832620 0
0.353147 0.906398 0
0.351488 0.956370 0
15 3
0.485015 0.832620 0
0.351488 0.956370 0
0.353147 0.906398 0
16 3
0.706339 0.285296 0
0.613347 0.302394 0
0.627334 0.432350 0
17 3
0.706339 0.285296 0
0.627334 0.432350 0
0.704294 0.452881 0
18 3
0.706339 0.285296 0
0.704294 0.452881 0
0.627334 0.432350 0
19 3
0.706339 0.285296 0
0.627334 0.432350 0
0.613347 0.302394 0
20 3
0.615407 0.126615 0
0.613347 0.302394 0
0.706339 0.285296 0
21 3
0.706339 0.285296 0
0.706621 0.122887 0
0.615407 0.126615 0
22 3
0.706339 0.285296 0
0.613347 0.302394 0
0.615407 0.126615 0
23 3
0.615407 0.126615 0
0.706621 0.122887 0
0.706339 0.285296 0
24 3
0.392812 0.008074 0
0.387878 0.139302 0
0.464000 0.131830 0
25 3
0.464000 0.131830 0
0.387878 0.139302 0
0.392804 0.008271 0
26 3
0.484499 0.007256 0
0.392812 0.008074 0
0.464000 0.131830 0
27 3
0.484455 0.008399 0
0.464000 0.131830 0
0.392804 0.008271 0
28 3
0.914122 0.817378 0
0.991118 0.850907 0
0.982831 0.791838 0
29 3
0.982831 0.791838 0
0.914172 0.779085 0
0.914122 0.817378 0
30 3
0.982831 0.791838 0
0.991118 0.850907 0
0.914122 0.817378 0
31 3
0.914122 0.817378 0
0.914172 0.779085 0
0.982831 0.791838 0
32 3
0.157148 0.072377 0
0.265516 0.060253 0
0.240516 0.320826 0
33 3
0.157148 0.072377 0
0.124661 0.325498 0
0.074676 0.320826 0
34 3
0.157148 0.072377 0
0.074676 0.320826 0
0.048639 0.060253 0
35 3
0.157148 0.072377 0
0.240516 0.320826 0
0.190532 0.325498 0
36 3
0.265516 0.060253 0
0.157148 0.072377 0
0.158561 0.013017 0
37 3
0.048639 0.060253 0
0.077755 0.009349 0
0.158561 0.013017 0
38 3
0.265516 0.060253 0
0.158561 0.013017 0
0.235154 0.009592 0
39 3
0.462341 0.331058 0
0.468073 0.531753 0
0.571381 0.497130 0
40 3
0.462341 0.331058 0
0.571381 0.497130 0
0.584954 0.426249 0
41 3
0.424739 0.447244 0
0.468073 0.531753 0
0.462341 0.331058 0
42 3
0.462341 0.331058 0
0.584954 0.426249 0
0.571381 0.497130 0
43 3
0.462341 0.331058 0
0.571381 0.497130 0
0.468939 0.532359 0
44 3
0.424739 0.447244 0
0.462341 0.331058 0
0.468939 0.532359 0
45 3
0.462341 0.331058 0
0.613347 0.302394 0
0.584954 0.426249 0
46 3
0.462341 0.331058 0
0.584954 0.426249 0
0.613347 0.302394 0
47 3
0.616021 0.449298 0
0.595032 0.445558 0
0.631218 0.489603 0
48 3
0.571381 0.497130 0
0.631218 0.489603 0
0.595032 0.445558 0
49 3
0.631218 0.489603 0
0.595032 0.445558 0
0.616021 0.449298 0
50 3
0.571381 0.497130 0
0.595032 0.445558 0
0.631218 0.489603 0
51 3
0.914172 0.779085 0
0.983094 0.784344 0
0.914282 0.775717 0
52 3
0.914360 0.824157 0
0.914282 0.775717 0
0.983094 0.784344 0
53 3
0.914360 0.824157 0
0.983094 0.784344 0
0.914282 0.775717 0
54 3
0.914172 0.779085 0
0.914282 0.775717 0
0.983094 0.784344 0
55 3
0.647147 0.520171 0
0.633616 0.603684 0
0.701855 0.604306 0
56 3
0.704294 0.452881 0
0.627334 0.432350 0
0.647147 0.520171 0
57 3
0.704294 0.452881 0
0.647147 0.520171 0
0.701855 0.604306 0
58 3
0.701855 0.604306 0
0.633616 0.603684 0
0.647147 0.520171 0
59 3
0.704294 0.452881 0
0.701855 0.604306 0
0.647147 0.520171 0
60 3
0.704294 0.452881 0
0.647147 0.520171 0
0.627334 0.432350 0
61 3
0.704294 0.452881 0
0.701855 0.604306 0
0.793691 0.598717 0
62 3
0.704294 0.452881 0
0.793691 0.598717 0
0.795215 0.449589 0
63 3
0.750485 0.599960 0
0.883901 0.599960 0
0.884412 0.453122 0
64 3
0.884412 0.453122 0
0.750381 0.453122 0
0.750485 0.599960 0
65 3
0.704294 0.452881 0
0.795215 0.449589 0
0.793691 0.598717 0
66 3
0.704294 0.452881 0
0.793691 0.598717 0
0.701855 0.604306 0
67 3
0.616282 0.620754 0
0.631218 0.489603 0
0.571381 0.497130 0
68 3
0.583847 0.683119 0
0.616282 0.620754 0
0.571381 0.497130 0
69 3
0.583847 0.683119 0
0.571381 0.497130 0
0.534338 0.652801 0
70 3
0.534338 0.652801 0
0.548218 0.698943 0
0.583847 0.683119 0
71 3
0.571381 0.497130 0
0.631218 0.489603 0
0.616282 0.620754 0
72 3
0.571381 0.497130 0
0.616282 0.620754 0
0.583847 0.683119 0
73 3
0.534338 0.652801 0
0.571381 0.497130 0
0.583847 0.683119 0
74 3
0.583847 0.683119 0
0.548218 0.698943 0
0.534338 0.652801 0
75 3
0.098210 0.756372 0
0.116994 0.602743 0
0.137496 0.697925 0
76 3
0.137496 0.697925 0
0.135763 0.741823 0
0.098210 0.756372 0
77 3
0.185092 0.697922 0
0.201448 0.602743 0
0.226284 0.756936 0
78 3
0.226284 0.756936 0
0.187048 0.741781 0
0.185092 0.697922 0
79 3
0.135763 0.741823 0
0.137496 0.697925 0
0.185092 0.697922 0
80 3
0.135763 0.741823 0
0.185092 0.697922 0
0.187048 0.741781 0
81 3
0.137496 0.697925 0
0.144588 0.621795 0
0.172777 0.621795 0
82 3
0.172777 0.621795 0
0.185092 0.697922 0
0.137496 0.697925 0
83 3
0.201448 0.602743 0
0.185092 0.697922 0
0.172777 0.621795 0
84 3
0.144588 0.621795 0
0.137496 0.697925 0
0.116994 0.602743 0
85 3
0.137737 0.834035 0
0.187157 0.834139 0
0.190031 0.942287 0
86 3
0.137737 0.834035 0
0.190031 0.942287 0
0.136696 0.942287 0
87 3
0.431490 0.967718 0
0.431490 0.967718 0
0.351488 0.956370 0
88 3
0.431490 0.967718 0
0.351488 0.956370 0
0.351488 0.956370 0
89 3
0.124278 0.983974 0
0.136696 0.942287 0
0.190031 0.942287 0
90 3
0.124278 0.983974 0
0.190031 0.942287 0
0.203151 0.983974 0
91 3
0.091259 0.932085 0
0.136696 0.942287 0
0.124278 0.983974 0
92 3
0.235638 0.932085 0
0.203151 0.983974 0
0.190031 0.942287 0
93 3
0.703689 0.993213 0
0.796404 0.992990 0
0.791846 0.726763 0
94 3
0.703688 0.993213 0
0.700909 0.721486 0
0.791846 0.726763 0
95 3
0.703689 0.993213 0
0.791846 0.726763 0
0.700909 0.721486 0
96 3
0.703688 0.993213 0
0.791846 0.726763 0
0.796404 0.992990 0
97 3
0.387878 0.139302 0
0.462341 0.331058 0
0.464000 0.131830 0
98 3
0.387878 0.139302 0
0.464000 0.131830 0
0.462341 0.331058 0
99 3
0.633616 0.603684 0
0.580861 0.709214 0
0.701855 0.604306 0
100 3
0.701855 0.604306 0
0.580861 0.709214 0
0.633616 0.603684 0
101 3
0.485015 0.832620 0
0.468073 0.531753 0
0.375151 0.556894 0
102 3
0.485015 0.832620 0
0.355692 0.741607 0
0.375151 0.556894 0
103 3
0.485015 0.832620 0
0.375151 0.556894 0
0.355692 0.741607 0
104 3
0.485015 0.832620 0
0.375151 0.556894 0
0.468939 0.532359 0
105 3
0.187157 0.834139 0
0.188270 0.803341 0
0.226284 0.756936 0
106 3
0.240993 0.825764 0
0.187157 0.834139 0
0.226284 0.756936 0
107 3
0.188270 0.803341 0
0.187157 0.834139 0
0.137737 0.834035 0
108 3
0.188270 0.803341 0
0.137737 0.834035 0
0.136625 0.803345 0
109 3
0.188270 0.803341 0
0.136625 0.803345 0
0.160488 0.761761 0
110 3
0.136625 0.803345 0
0.135731 0.761682 0
0.160488 0.761761 0
111 3
0.098210 0.756372 0
0.136625 0.803345 0
0.137737 0.834035 0
112 3
0.188270 0.803341 0
0.160488 0.761761 0
0.187080 0.761678 0
113 3
0.188270 0.803341 0
0.187080 0.761678 0
0.226284 0.756936 0
114 3
0.098210 0.756372 0
0.135731 0.761682 0
0.136625 0.803345 0
115 3
0.083297 0.825764 0
0.098210 0.756372 0
0.137737 0.834035 0
116 3
0.027680 0.549965 0
0.116994 0.602743 0
0.073906 0.754581 0
117 3
0.252287 0.754581 0
0.201448 0.602743 0
0.292061 0.549965 0
118 3
0.226284 0.756936 0
0.201448 0.602743 0
0.252287 0.754581 0
119 3
0.098210 0.756372 0
0.083297 0.825764 0
0.073906 0.754581 0
120 3
0.098210 0.756372 0
0.073906 0.754581 0
0.116994 0.602743 0
121 3
0.226284 0.756936 0
0.252287 0.754581 0
0.240993 0.825764 0
122 3
0.043073 0.427270 0
0.050312 0.378534 0
0.081111 0.381920 0
123 3
0.026782 0.342641 0
0.050312 0.378534 0
0.043073 0.427270 0
124 3
0.081111 0.381920 0
0.050312 0.378534 0
0.026782 0.342641 0
125 3
0.240247 0.382209 0
0.266062 0.378822 0
0.278652 0.427559 0
126 3
0.287136 0.342641 0
0.266062 0.378822 0
0.240247 0.382209 0
127 3
0.278652 0.427559 0
0.266062 0.378822 0
0.287136 0.342641 0
128 3
0.464000 0.131830 0
0.462341 0.331058 0
0.613347 0.302394 0
129 3
0.613347 0.302394 0
0.615407 0.126615 0
0.464000 0.131830 0
130 3
0.613347 0.302394 0
0.462341 0.331058 0
0.464000 0.131830 0
131 3
0.464000 0.131830 0
0.615407 0.126615 0
0.613347 0.302394 0
132 3
0.580108 0.749478 0
0.543380 0.992142 0
0.703689 0.993213 0
133 3
0.703688 0.993213 0
0.543380 0.992142 0
0.580108 0.749478 0
134 3
0.580861 0.709214 0
0.533512 0.755001 0
0.580108 0.749478 0
135 3
0.580861 0.709214 0
0.580108 0.749478 0
0.533512 0.755001 0
136 3
0.353147 0.906398 0
0.485015 0.832620 0
0.356613 0.820975 0
137 3
0.355692 0.741607 0
0.356613 0.820975 0
0.485015 0.832620 0
138 3
0.355692 0.741607 0
0.485015 0.832620 0
0.356613 0.820975 0
139 3
0.353147 0.906398 0
0.356613 0.820975 0
0.485015 0.832620 0
140 3
0.717706 0.992026 0
0.703689 0.993213 0
0.569064 0.992827 0
141 3
0.569064 0.992827 0
0.703689 0.993213 0
0.543380 0.992142 0
142 3
0.569064 0.992827 0
0.543380 0.992142 0
0.468668 0.990973 0
143 3
0.717706 0.992026 0
0.796404 0.992990 0
0.703689 0.993213 0
144 3
0.552302 0.132681 0
0.590632 0.017079 0
0.705487 0.131892 0
145 3
0.533512 0.755001 0
0.580861 0.709214 0
0.536941 0.711022 0
146 3
0.914423 0.986896 0
0.983167 0.982282 0
0.914285 0.973082 0
147 3
0.914423 0.986896 0
0.983573 0.978041 0
0.983167 0.982282 0
148 3
0.700909 0.721486 0
0.793691 0.598717 0
0.701855 0.604306 0
149 3
0.700909 0.721486 0
0.791846 0.726763 0
0.793691 0.598717 0
150 3
0.794076 0.125895 0
0.791511 0.008642 0
0.706809 0.007473 0
151 3
0.706621 0.122887 0
0.794076 0.125895 0
0.706809 0.007473 0
152 3
0.706621 0.122887 0
0.706809 0.007473 0
0.624098 0.007294 0
153 3
0.615407 0.126615 0
0.706621 0.122887 0
0.624098 0.007294 0
154 3
0.615407 0.126615 0
0.624098 0.007294 0
0.484499 0.007256 0
155 3
0.464000 0.131830 0
0.615407 0.126615 0
0.484499 0.007256 0
156 3
0.584954 0.426249 0
0.627334 0.432350 0
0.613347 0.302394 0
157 3
0.468668 0.990973 0
0.543380 0.992142 0
0.431490 0.967718 0
158 3
0.431490 0.967718 0
0.543380 0.992142 0
0.501447 0.889223 0
159 3
0.983573 0.978041 0
0.914423 0.986896 0
0.914455 0.946617 0
160 3
0.983094 0.784344 0
0.914172 0.779085 0
0.982831 0.791838 0
161 3
0.991201 0.905680 0
0.991118 0.850907 0
0.914122 0.817378 0
162 3
0.991201 0.905680 0
0.914122 0.817378 0
0.914157 0.918641 0
163 3
0.983167 0.982282 0
0.991201 0.905680 0
0.914157 0.918641 0
164 3
0.983167 0.982282 0
0.914157 0.918641 0
0.914285 0.973082 0
165 3
0.624098 0.007294 0
0.610494 0.102650 0
0.552594 0.104497 0
166 3
0.484499 0.007256 0
0.624098 0.007294 0
0.552594 0.104497 0
167 3
0.672088 0.234757 0
0.760762 0.234490 0
0.706556 0.125567 0
168 3
0.704294 0.452881 0
0.795215 0.449589 0
0.794149 0.280643 0
169 3
0.704294 0.452881 0
0.794149 0.280643 0
0.706339 0.285296 0
170 3
0.794149 0.280643 0
0.794076 0.125895 0
0.706621 0.122887 0
171 3
0.794149 0.280643 0
0.706621 0.122887 0
0.706339 0.285296 0
172 3
0.791511 0.008642 0
0.792883 0.099856 0
0.706383 0.099760 0
173 3
0.791511 0.008642 0
0.706383 0.099760 0
0.706809 0.007473 0
174 3
0.825616 0.233350 0
0.865360 0.123603 0
0.706556 0.125567 0
175 3
0.501447 0.889223 0
0.533512 0.755001 0
0.485015 0.832620 0
176 3
0.501447 0.889223 0
0.580108 0.749478 0
0.533512 0.755001 0
177 3
0.760762 0.234490 0
0.825616 0.233350 0
0.706556 0.125567 0
178 3
0.577117 0.235524 0
0.672088 0.234757 0
0.706556 0.125567 0
179 3
0.488500 0.124875 0
0.577117 0.235524 0
0.706556 0.125567 0
180 3
0.048639 0.060253 0
0.158561 0.013017 0
0.157148 0.072377 0
181 3
0.501447 0.889223 0
0.543380 0.992142 0
0.580108 0.749478 0
182 3
0.472022 0.102374 0
0.484499 0.007256 0
0.552594 0.104497 0
183 3
0.705487 0.131892 0
0.590632 0.017079 0
0.742986 0.016308 0
184 3
0.484499 0.007256 0
0.472022 0.102374 0
0.392812 0.008074 0
185 3
0.624098 0.007294 0
0.706809 0.007473 0
0.706383 0.099760 0
186 3
0.624098 0.007294 0
0.706383 0.099760 0
0.610494 0.102650 0
187 3
0.468073 0.531753 0
0.485015 0.832620 0
0.533512 0.755001 0
188 3
0.468073 0.531753 0
0.536941 0.711022 0
0.534338 0.652801 0
189 3
0.536941 0.711022 0
0.468073 0.531753 0
0.533512 0.755001 0
190 3
0.468073 0.531753 0
0.534338 0.652801 0
0.571381 0.497130 0
191 3
0.115577 0.415593 0
0.124661 0.325498 0
0.144439 0.363576 0
192 3
0.081111 0.381920 0
0.074676 0.320826 0
0.124661 0.325498 0
193 3
0.115577 0.415593 0
0.081111 0.381920 0
0.124661 0.325498 0
194 3
0.043073 0.427270 0
0.016745 0.430807 0
0.026782 0.342641 0
195 3
0.074676 0.320826 0
0.081111 0.381920 0
0.026782 0.342641 0
196 3
0.143159 0.586133 0
0.116994 0.602743 0
0.143862 0.546003 0
197 3
0.144588 0.621795 0
0.116994 0.602743 0
0.143159 0.586133 0
198 3
0.363227 0.343736 0
0.462341 0.331058 0
0.387878 0.139302 0
199 3
0.363227 0.343736 0
0.424739 0.447244 0
0.462341 0.331058 0
200 3
0.145209 0.395670 0
0.115577 0.415593 0
0.144439 0.363576 0
201 3
0.074676 0.320826 0
0.026782 0.342641 0
0.048639 0.060253 0
202 3
0.468073 0.531753 0
0.424739 0.447244 0
0.375151 0.556894 0
203 3
0.016745 0.430807 0
0.043073 0.427270 0
0.027680 0.549965 0
204 3
0.043073 0.427270 0
0.080701 0.441632 0
0.027680 0.549965 0
205 3
0.080701 0.441632 0
0.081111 0.381920 0
0.115577 0.415593 0
206 3
0.043073 0.427270 0
0.081111 0.381920 0
0.080701 0.441632 0
207 3
0.080701 0.441632 0
0.115577 0.415593 0
0.118106 0.557373 0
208 3
0.080701 0.441632 0
0.118106 0.557373 0
0.027680 0.549965 0
209 3
0.027680 0.549965 0
0.118106 0.557373 0
0.116994 0.602743 0
210 3
0.146920 0.449800 0
0.118106 0.557373 0
0.145209 0.395670 0
211 3
0.118106 0.557373 0
0.143862 0.546003 0
0.116994 0.602743 0
212 3
0.146920 0.449800 0
0.143862 0.546003 0
0.118106 0.557373 0
213 3
0.118106 0.557373 0
0.115577 0.415593 0
0.145209 0.395670 0
214 3
0.811070 0.992827 0
0.883394 0.991724 0
0.750589 0.991724 0
215 3
0.717706 0.992026 0
0.569064 0.992827 0
0.703688 0.993213 0
216 3
0.569064 0.992827 0
0.543380 0.992142 0
0.703688 0.993213 0
217 3
0.569064 0.992827 0
0.468668 0.990973 0
0.543380 0.992142 0
218 3
0.468668 0.990973 0
0.431490 0.967718 0
0.431490 0.967718 0
219 3
0.468668 0.990973 0
0.431490 0.967718 0
0.468668 0.990973 0
220 3
0.569064 0.992827 0
0.468668 0.990973 0
0.468668 0.990973 0
221 3
0.883516 0.122974 0
0.750985 0.009843 0
0.750564 0.122974 0
222 3
0.883516 0.122974 0
0.881383 0.012678 0
0.750985 0.009843 0
223 3
0.850094 0.008116 0
0.706556 0.125567 0
0.865360 0.123603 0
224 3
0.881383 0.012678 0
0.878376 0.098284 0
0.751543 0.099897 0
225 3
0.881383 0.012678 0
0.751543 0.099897 0
0.750985 0.009843 0
226 3
0.884870 0.287857 0
0.750564 0.122974 0
0.750287 0.287857 0
227 3
0.884870 0.287857 0
0.883516 0.122974 0
0.750564 0.122974 0
228 3
0.884412 0.453122 0
0.750287 0.287857 0
0.750381 0.453122 0
229 3
0.884412 0.453122 0
0.884870 0.287857 0
0.750287 0.287857 0
230 3
0.883356 0.724969 0
0.750485 0.599960 0
0.750597 0.724969 0
231 3
0.883356 0.724969 0
0.883901 0.599960 0
0.750485 0.599960 0
232 3
0.883394 0.991724 0
0.750597 0.724969 0
0.750589 0.991724 0
233 3
0.883394 0.991724 0
0.883356 0.724969 0
0.750597 0.724969 0
234 3
0.717706 0.992026 0
0.703688 0.993213 0
0.796404 0.992990 0
235 3
0.552302 0.132681 0
0.705487 0.131892 0
0.590694 0.243686 0
236 3
0.143159 0.586133 0
0.173554 0.546003 0
0.174206 0.586133 0
237 3
0.143159 0.586133 0
0.143862 0.546003 0
0.173554 0.546003 0
238 3
0.144588 0.621795 0
0.174206 0.586133 0
0.172777 0.621795 0
239 3
0.143159 0.586133 0
0.174206 0.586133 0
0.144588 0.621795 0
240 3
0.124661 0.325498 0
0.157148 0.072377 0
0.190532 0.325498 0
241 3
0.144439 0.363576 0
0.190532 0.325498 0
0.175032 0.363576 0
242 3
0.144439 0.363576 0
0.124661 0.325498 0
0.190532 0.325498 0
243 3
0.145209 0.395670 0
0.175032 0.363576 0
0.174262 0.395670 0
244 3
0.144439 0.363576 0
0.175032 0.363576 0
0.145209 0.395670 0
245 3
0.172380 0.449800 0
0.173554 0.546003 0
0.143862 0.546003 0
246 3
0.146920 0.449800 0
0.172380 0.449800 0
0.143862 0.546003 0
247 3
0.174262 0.395670 0
0.172380 0.449800 0
0.146920 0.449800 0
248 3
0.145209 0.395670 0
0.174262 0.395670 0
0.146920 0.449800 0
249 3
0.533512 0.755001 0
0.536941 0.711022 0
0.580861 0.709214 0
250 3
0.914423 0.986896 0
0.914285 0.973082 0
0.983167 0.982282 0
251 3
0.914423 0.986896 0
0.983167 0.982282 0
0.983573 0.978041 0
252 3
0.700909 0.721486 0
0.701855 0.604306 0
0.793691 0.598717 0
253 3
0.700909 0.721486 0
0.793691 0.598717 0
0.791846 0.726763 0
254 3
0.794076 0.125895 0
0.706765 0.008571 0
0.791402 0.011405 0
255 3
0.706621 0.122887 0
0.706765 0.008571 0
0.794076 0.125895 0
256 3
0.706621 0.122887 0
0.624109 0.007021 0
0.706765 0.008571 0
257 3
0.615407 0.126615 0
0.624109 0.007021 0
0.706621 0.122887 0
258 3
0.615407 0.126615 0
0.484455 0.008399 0
0.624109 0.007021 0
259 3
0.464000 0.131830 0
0.484455 0.008399 0
0.615407 0.126615 0
260 3
0.584954 0.426249 0
0.613347 0.302394 0
0.627334 0.432350 0
261 3
0.468668 0.990973 0
0.431490 0.967718 0
0.543380 0.992142 0
262 3
0.431490 0.967718 0
0.501447 0.889223 0
0.543380 0.992142 0
263 3
0.983573 0.978041 0
0.914455 0.946617 0
0.914423 0.986896 0
264 3
0.983094 0.784344 0
0.982831 0.791838 0
0.914172 0.779085 0
265 3
0.991201 0.905680 0
0.914122 0.817378 0
0.991118 0.850907 0
266 3
0.991201 0.905680 0
0.914157 0.918641 0
0.914122 0.817378 0
267 3
0.983167 0.982282 0
0.914157 0.918641 0
0.991201 0.905680 0
268 3
0.983167 0.982282 0
0.914285 0.973082 0
0.914157 0.918641 0
269 3
0.624109 0.007021 0
0.552614 0.104180 0
0.629291 0.101905 0
270 3
0.484455 0.008399 0
0.552614 0.104180 0
0.624109 0.007021 0
271 3
0.603320 0.011474 0
0.706556 0.125567 0
0.698092 0.011770 0
272 3
0.704294 0.452881 0
0.794149 0.280643 0
0.795215 0.449589 0
273 3
0.704294 0.452881 0
0.706339 0.285296 0
0.794149 0.280643 0
274 3
0.794149 0.280643 0
0.706621 0.122887 0
0.794076 0.125895 0
275 3
0.794149 0.280643 0
0.706339 0.285296 0
0.706621 0.122887 0
276 3
0.791402 0.011405 0
0.706339 0.100453 0
0.792984 0.098284 0
277 3
0.791402 0.011405 0
0.706765 0.008571 0
0.706339 0.100453 0
278 3
0.790351 0.010955 0
0.706556 0.125567 0
0.850094 0.008116 0
279 3
0.501447 0.889223 0
0.485015 0.832620 0
0.533512 0.755001 0
280 3
0.501447 0.889223 0
0.533512 0.755001 0
0.580108 0.749478 0
281 3
0.698092 0.011770 0
0.706556 0.125567 0
0.790351 0.010955 0
282 3
0.501977 0.010715 0
0.706556 0.125567 0
0.603320 0.011474 0
283 3
0.488500 0.124875 0
0.706556 0.125567 0
0.501977 0.010715 0
284 3
0.501447 0.889223 0
0.580108 0.749478 0
0.543380 0.992142 0
285 3
0.471977 0.103551 0
0.552614 0.104180 0
0.484455 0.008399 0
286 3
0.705487 0.131892 0
0.743594 0.242657 0
0.590694 0.243686 0
287 3
0.484455 0.008399 0
0.392804 0.008271 0
0.471977 0.103551 0
288 3
0.624109 0.007021 0
0.706339 0.100453 0
0.706765 0.008571 0
289 3
0.624109 0.007021 0
0.629291 0.101905 0
0.706339 0.100453 0
290 3
0.468939 0.532359 0
0.533512 0.755001 0
0.485015 0.832620 0
291 3
0.468939 0.532359 0
0.534338 0.652801 0
0.536941 0.711022 0
292 3
0.536941 0.711022 0
0.533512 0.755001 0
0.468939 0.532359 0
293 3
0.468939 0.532359 0
0.571381 0.497130 0
0.534338 0.652801 0
294 3
0.201614 0.415881 0
0.175032 0.363576 0
0.190532 0.325498 0
295 3
0.240247 0.382209 0
0.190532 0.325498 0
0.240516 0.320826 0
296 3
0.201614 0.415881 0
0.190532 0.325498 0
0.240247 0.382209 0
297 3
0.278652 0.427559 0
0.287136 0.342641 0
0.300286 0.430807 0
298 3
0.240516 0.320826 0
0.287136 0.342641 0
0.240247 0.382209 0
299 3
0.174206 0.586133 0
0.173554 0.546003 0
0.201448 0.602743 0
300 3
0.172777 0.621795 0
0.174206 0.586133 0
0.201448 0.602743 0
301 3
0.363227 0.343736 0
0.387878 0.139302 0
0.462341 0.331058 0
302 3
0.363227 0.343736 0
0.462341 0.331058 0
0.424739 0.447244 0
303 3
0.174262 0.395670 0
0.175032 0.363576 0
0.201614 0.415881 0
304 3
0.240516 0.320826 0
0.265516 0.060253 0
0.287136 0.342641 0
305 3
0.468939 0.532359 0
0.375151 0.556894 0
0.424739 0.447244 0
306 3
0.300286 0.430807 0
0.292061 0.549965 0
0.278652 0.427559 0
307 3
0.278652 0.427559 0
0.292061 0.549965 0
0.240657 0.441920 0
308 3
0.240657 0.441920 0
0.201614 0.415881 0
0.240247 0.382209 0
309 3
0.240657 0.441920 0
0.240247 0.382209 0
0.278652 0.427559 0
310 3
0.240657 0.441920 0
0.200146 0.557373 0
0.201614 0.415881 0
311 3
0.240657 0.441920 0
0.292061 0.549965 0
0.200146 0.557373 0
312 3
0.292061 0.549965 0
0.201448 0.602743 0
0.200146 0.557373 0
313 3
0.172380 0.449800 0
0.174262 0.395670 0
0.200146 0.557373 0
314 3
0.200146 0.557373 0
0.201448 0.602743 0
0.173554 0.546003 0
315 3
0.172380 0.449800 0
0.200146 0.557373 0
0.173554 0.546003 0
316 3
0.200146 0.557373 0
0.174262 0.395670 0
0.201614 0.415881 0
4
0.000000 -90.000000 0.000000
0.000000 180.000000 0.000000
0.000000 0.000000 0.000000
14.689672 28.379345 17.183889
4
0.000000 0.000000 0.000000
0.000000 0.000000 0.000000
0.000000 0.000000 0.000000
11.545206 23.022320 17.283764
4
0.000000 -90.000000 0.000000
0.000000 0.000000 0.000000
0.000000 0.000000 0.000000
18.082218 5.893353 11.987785
4
0.000000 0.000000 0.000000
0.000000 0.000000 0.000000
0.000000 0.000000 0.000000
6.382432 27.655712 17.019072
4
-90.000000 0.000000 0.000000
0.000000 0.000000 0.000000
0.000000 0.000000 0.000000
6.791050 3.895525 10.516864
4
0.000000 0.000000 0.000000
0.000000 0.000000 0.000000
0.000000 0.000000 0.000000
1.000000 1.000000 1.000000
