2
1
hd_jhey
D:\3DBball\Objects\Heads\midway\hd_jhey.TGA
303
0 3
0.048441 0.347741 0
0.023317 0.491019 0
0.026033 0.397596 0
1 3
0.095304 0.347053 0
0.023317 0.491019 0
0.048441 0.347741 0
2 3
0.095304 0.347053 0
0.044324 0.550687 0
0.023317 0.491019 0
3 3
0.128380 0.400214 0
0.044324 0.550687 0
0.095304 0.347053 0
4 3
0.044324 0.550687 0
0.109258 0.561326 0
0.070999 0.576351 0
5 3
0.129509 0.471327 0
0.044324 0.550687 0
0.128380 0.400214 0
6 3
0.044324 0.550687 0
0.129509 0.471327 0
0.109258 0.561326 0
7 3
0.570586 0.782930 0
0.562488 0.651551 0
0.527005 0.706385 0
8 3
0.527005 0.706385 0
0.403017 0.804407 0
0.570586 0.782930 0
9 3
0.527005 0.706385 0
0.562488 0.651551 0
0.570586 0.782930 0
10 3
0.570586 0.782930 0
0.403017 0.804407 0
0.527005 0.706385 0
11 3
0.535814 0.997251 0
0.570586 0.782930 0
0.403017 0.804407 0
12 3
0.403017 0.804407 0
0.570586 0.782930 0
0.535814 0.997251 0
13 3
0.079723 0.858981 0
0.136577 0.849201 0
0.135849 0.931439 0
14 3
0.244356 0.858981 0
0.226872 0.942320 0
0.189632 0.931439 0
15 3
0.079723 0.858981 0
0.135849 0.931439 0
0.097109 0.942320 0
16 3
0.244356 0.858981 0
0.189632 0.931439 0
0.189836 0.849318 0
17 3
0.336359 0.969045 0
0.193763 0.996111 0
0.307708 0.917600 0
18 3
0.307708 0.917600 0
0.193763 0.996111 0
0.336359 0.969045 0
19 3
0.307708 0.917600 0
0.359621 0.927904 0
0.336359 0.969045 0
20 3
0.336359 0.969045 0
0.359621 0.927904 0
0.307708 0.917600 0
21 3
0.307708 0.917600 0
0.226668 0.941473 0
0.193763 0.996111 0
22 3
0.307708 0.917600 0
0.193763 0.996111 0
0.226668 0.941473 0
23 3
0.594209 0.314058 0
0.497050 0.302020 0
0.525084 0.389282 0
24 3
0.594209 0.314058 0
0.525084 0.389282 0
0.587829 0.445592 0
25 3
0.594209 0.314058 0
0.587829 0.445592 0
0.525084 0.389282 0
26 3
0.594209 0.314058 0
0.525084 0.389282 0
0.497050 0.302020 0
27 3
0.484837 0.161971 0
0.497050 0.302020 0
0.594209 0.314058 0
28 3
0.594209 0.314058 0
0.589383 0.176409 0
0.484837 0.161971 0
29 3
0.594209 0.314058 0
0.497050 0.302020 0
0.484837 0.161971 0
30 3
0.484837 0.161971 0
0.589383 0.176409 0
0.594209 0.314058 0
31 3
0.872148 0.805412 0
0.931587 0.803682 0
0.932111 0.757161 0
32 3
0.932111 0.757161 0
0.871187 0.756888 0
0.872148 0.805412 0
33 3
0.932987 0.757903 0
0.931924 0.805958 0
0.993233 0.807332 0
34 3
0.993233 0.807332 0
0.991752 0.757686 0
0.932987 0.757903 0
35 3
0.162645 0.095489 0
0.275814 0.073726 0
0.235989 0.330849 0
36 3
0.162645 0.095489 0
0.134064 0.320802 0
0.090090 0.330849 0
37 3
0.162645 0.095489 0
0.090090 0.330849 0
0.050022 0.073726 0
38 3
0.162645 0.095489 0
0.235989 0.330849 0
0.192014 0.320802 0
39 3
0.275814 0.073726 0
0.162645 0.095489 0
0.161805 0.052838 0
40 3
0.361150 0.365759 0
0.359296 0.472551 0
0.439378 0.444689 0
41 3
0.361150 0.365759 0
0.439378 0.444689 0
0.473007 0.383795 0
42 3
0.306882 0.393229 0
0.359296 0.472551 0
0.361150 0.365759 0
43 3
0.361150 0.365759 0
0.473007 0.383795 0
0.439378 0.444689 0
44 3
0.361150 0.365759 0
0.439378 0.444689 0
0.359881 0.473086 0
45 3
0.308110 0.397059 0
0.361150 0.365759 0
0.359881 0.473086 0
46 3
0.361150 0.365759 0
0.497050 0.302020 0
0.473007 0.383795 0
47 3
0.361150 0.365759 0
0.473007 0.383795 0
0.497050 0.302020 0
48 3
0.515414 0.391766 0
0.478509 0.384607 0
0.533763 0.462092 0
49 3
0.443220 0.445081 0
0.533763 0.462092 0
0.478509 0.384607 0
50 3
0.533763 0.462092 0
0.478509 0.384607 0
0.515414 0.391766 0
51 3
0.443220 0.445081 0
0.478509 0.384607 0
0.533763 0.462092 0
52 3
0.871187 0.756888 0
0.932645 0.716595 0
0.871282 0.716939 0
53 3
0.898346 0.677016 0
0.871282 0.716939 0
0.932645 0.716595 0
54 3
0.960737 0.679442 0
0.932472 0.710872 0
0.991658 0.711146 0
55 3
0.991752 0.757686 0
0.991658 0.711146 0
0.932472 0.710872 0
56 3
0.537904 0.469978 0
0.530531 0.591155 0
0.562488 0.651551 0
57 3
0.587829 0.445592 0
0.525084 0.389282 0
0.537904 0.469978 0
58 3
0.587829 0.445592 0
0.537904 0.469978 0
0.562488 0.651551 0
59 3
0.562488 0.651551 0
0.530531 0.591155 0
0.537904 0.469978 0
60 3
0.587829 0.445592 0
0.562488 0.651551 0
0.537904 0.469978 0
61 3
0.587829 0.445592 0
0.537904 0.469978 0
0.525084 0.389282 0
62 3
0.587829 0.445592 0
0.562488 0.651551 0
0.668723 0.660190 0
63 3
0.587829 0.445592 0
0.668723 0.660190 0
0.669677 0.477622 0
64 3
0.668848 0.661261 0
0.813821 0.661261 0
0.814294 0.477118 0
65 3
0.814294 0.477118 0
0.670098 0.477118 0
0.668848 0.661261 0
66 3
0.587829 0.445592 0
0.669677 0.477622 0
0.668723 0.660190 0
67 3
0.587829 0.445592 0
0.668723 0.660190 0
0.562488 0.651551 0
68 3
0.514820 0.588297 0
0.533763 0.462092 0
0.443220 0.445081 0
69 3
0.485518 0.665390 0
0.514820 0.588297 0
0.443220 0.445081 0
70 3
0.485518 0.665390 0
0.443220 0.445081 0
0.437367 0.570751 0
71 3
0.437367 0.570751 0
0.441493 0.690977 0
0.485518 0.665390 0
72 3
0.443220 0.445081 0
0.533763 0.462092 0
0.514820 0.588297 0
73 3
0.443220 0.445081 0
0.514820 0.588297 0
0.485518 0.665390 0
74 3
0.437367 0.570751 0
0.443220 0.445081 0
0.485518 0.665390 0
75 3
0.485518 0.665390 0
0.441493 0.690977 0
0.437367 0.570751 0
76 3
0.097289 0.754443 0
0.127319 0.610897 0
0.140440 0.727856 0
77 3
0.140440 0.727856 0
0.138598 0.756341 0
0.097289 0.754443 0
78 3
0.185740 0.727853 0
0.201618 0.610897 0
0.228744 0.755082 0
79 3
0.228744 0.755082 0
0.187814 0.756292 0
0.185740 0.727853 0
80 3
0.138598 0.756341 0
0.140440 0.727856 0
0.185740 0.727853 0
81 3
0.138598 0.756341 0
0.185740 0.727853 0
0.187814 0.756292 0
82 3
0.140440 0.727856 0
0.151595 0.641546 0
0.176394 0.641546 0
83 3
0.176394 0.641546 0
0.185740 0.727853 0
0.140440 0.727856 0
84 3
0.201618 0.610897 0
0.185740 0.727853 0
0.176394 0.641546 0
85 3
0.151595 0.641546 0
0.140440 0.727856 0
0.127319 0.610897 0
86 3
0.136577 0.849201 0
0.189836 0.849318 0
0.189632 0.931439 0
87 3
0.136577 0.849201 0
0.189632 0.931439 0
0.135849 0.931439 0
88 3
0.336359 0.969045 0
0.336359 0.969045 0
0.193763 0.996111 0
89 3
0.336359 0.969045 0
0.193763 0.996111 0
0.193763 0.996111 0
90 3
0.132240 0.996135 0
0.135849 0.931439 0
0.189632 0.931439 0
91 3
0.132240 0.996135 0
0.189632 0.931439 0
0.191016 0.996135 0
92 3
0.097109 0.942320 0
0.135849 0.931439 0
0.132240 0.996135 0
93 3
0.226872 0.942320 0
0.191016 0.996135 0
0.189632 0.931439 0
94 3
0.535814 0.997251 0
0.668854 0.994136 0
0.669242 0.862605 0
95 3
0.535814 0.997251 0
0.570586 0.782930 0
0.669242 0.862605 0
96 3
0.535814 0.997251 0
0.669242 0.862605 0
0.570586 0.782930 0
97 3
0.535814 0.997251 0
0.669242 0.862605 0
0.668854 0.994136 0
98 3
0.530531 0.591155 0
0.527005 0.706385 0
0.562488 0.651551 0
99 3
0.562488 0.651551 0
0.527005 0.706385 0
0.530531 0.591155 0
100 3
0.307708 0.917600 0
0.359296 0.472551 0
0.304487 0.504633 0
101 3
0.307708 0.917600 0
0.262885 0.756204 0
0.304487 0.502070 0
102 3
0.307708 0.917600 0
0.304487 0.504633 0
0.262885 0.756204 0
103 3
0.307708 0.917600 0
0.304487 0.502070 0
0.359881 0.473086 0
104 3
0.189836 0.849318 0
0.188358 0.787773 0
0.228744 0.755082 0
105 3
0.244356 0.858981 0
0.189836 0.849318 0
0.228744 0.755082 0
106 3
0.188358 0.787773 0
0.189836 0.849318 0
0.136577 0.849201 0
107 3
0.188358 0.787773 0
0.136577 0.849201 0
0.138026 0.787777 0
108 3
0.188358 0.787773 0
0.138026 0.787777 0
0.161400 0.756270 0
109 3
0.138026 0.787777 0
0.138569 0.756181 0
0.161400 0.756270 0
110 3
0.097289 0.754443 0
0.138026 0.787777 0
0.136577 0.849201 0
111 3
0.188358 0.787773 0
0.161400 0.756270 0
0.187844 0.756176 0
112 3
0.188358 0.787773 0
0.187844 0.756176 0
0.228744 0.755082 0
113 3
0.097289 0.754443 0
0.138569 0.756181 0
0.138026 0.787777 0
114 3
0.079723 0.858981 0
0.097289 0.754443 0
0.136577 0.849201 0
115 3
0.023551 0.488592 0
0.127319 0.610897 0
0.061031 0.758230 0
116 3
0.262360 0.758230 0
0.201618 0.610897 0
0.306137 0.505513 0
117 3
0.228744 0.755082 0
0.201618 0.610897 0
0.262360 0.758230 0
118 3
0.097289 0.754443 0
0.079723 0.858981 0
0.061031 0.758230 0
119 3
0.097289 0.754443 0
0.061031 0.758230 0
0.127319 0.610897 0
120 3
0.228744 0.755082 0
0.262360 0.758230 0
0.244356 0.858981 0
121 3
0.280119 0.345344 0
0.306717 0.397089 0
0.198134 0.399537 0
122 3
0.497050 0.302020 0
0.484837 0.161971 0
0.361150 0.365759 0
123 3
0.361150 0.365759 0
0.484837 0.161971 0
0.497050 0.302020 0
124 3
0.403017 0.804407 0
0.361264 0.996724 0
0.535814 0.997251 0
125 3
0.535814 0.997251 0
0.361264 0.996724 0
0.403017 0.804407 0
126 3
0.527005 0.706385 0
0.372303 0.787092 0
0.403017 0.804407 0
127 3
0.527005 0.706385 0
0.403017 0.804407 0
0.372303 0.787092 0
128 3
0.226668 0.941473 0
0.307708 0.917600 0
0.244121 0.860157 0
129 3
0.262885 0.756204 0
0.244121 0.860157 0
0.307708 0.917600 0
130 3
0.262885 0.756204 0
0.307708 0.917600 0
0.244121 0.860157 0
131 3
0.226668 0.941473 0
0.244121 0.860157 0
0.307708 0.917600 0
132 3
0.535716 0.997654 0
0.535814 0.997251 0
0.361504 0.996548 0
133 3
0.361504 0.996548 0
0.535814 0.997251 0
0.361264 0.996724 0
134 3
0.361504 0.996548 0
0.361264 0.996724 0
0.338710 0.996072 0
135 3
0.535716 0.997654 0
0.668854 0.994136 0
0.535814 0.997251 0
136 3
0.161805 0.052838 0
0.050022 0.073726 0
0.162277 0.008611 0
137 3
0.372303 0.787092 0
0.527005 0.706385 0
0.439538 0.702947 0
138 3
0.871441 0.948766 0
0.932098 0.897441 0
0.872487 0.898759 0
139 3
0.871441 0.948766 0
0.931320 0.948322 0
0.932098 0.897441 0
140 3
0.570586 0.782930 0
0.668723 0.660190 0
0.562488 0.651551 0
141 3
0.570586 0.782930 0
0.669242 0.862605 0
0.668723 0.660190 0
142 3
0.667523 0.178419 0
0.684189 0.096388 0
0.585094 0.098329 0
143 3
0.589383 0.176409 0
0.667523 0.178419 0
0.585094 0.098329 0
144 3
0.589383 0.176409 0
0.585094 0.098329 0
0.458361 0.094570 0
145 3
0.484837 0.161971 0
0.589383 0.176409 0
0.458361 0.094570 0
146 3
0.484837 0.161971 0
0.458361 0.094570 0
0.275383 0.076717 0
147 3
0.361150 0.365759 0
0.484837 0.161971 0
0.275383 0.076717 0
148 3
0.473007 0.383795 0
0.525084 0.389282 0
0.497050 0.302020 0
149 3
0.338710 0.996072 0
0.361264 0.996724 0
0.336359 0.969045 0
150 3
0.336359 0.969045 0
0.361264 0.996724 0
0.359621 0.927904 0
151 3
0.931320 0.948322 0
0.871441 0.948766 0
0.903234 0.995339 0
152 3
0.932645 0.716595 0
0.871187 0.756888 0
0.932111 0.757161 0
153 3
0.931402 0.851978 0
0.931587 0.803682 0
0.872148 0.805412 0
154 3
0.931402 0.851978 0
0.872148 0.805412 0
0.872304 0.851583 0
155 3
0.932098 0.897441 0
0.931402 0.851978 0
0.872304 0.851583 0
156 3
0.932098 0.897441 0
0.872304 0.851583 0
0.872487 0.898759 0
157 3
0.458361 0.094570 0
0.439160 0.008357 0
0.368344 0.056102 0
158 3
0.275383 0.076717 0
0.458361 0.094570 0
0.368344 0.056102 0
159 3
0.994108 0.388036 0
0.984652 0.484717 0
0.931184 0.352296 0
160 3
0.587829 0.445592 0
0.669677 0.477622 0
0.669973 0.328595 0
161 3
0.587829 0.445592 0
0.669973 0.328595 0
0.594209 0.314058 0
162 3
0.669973 0.328595 0
0.667523 0.178419 0
0.589383 0.176409 0
163 3
0.669973 0.328595 0
0.589383 0.176409 0
0.594209 0.314058 0
164 3
0.684189 0.096388 0
0.668619 0.006313 0
0.564003 0.006439 0
165 3
0.684189 0.096388 0
0.564003 0.006439 0
0.585094 0.098329 0
166 3
0.976092 0.563850 0
0.941827 0.638667 0
0.931184 0.352296 0
167 3
0.359621 0.927904 0
0.372303 0.787092 0
0.307708 0.917600 0
168 3
0.359621 0.927904 0
0.403017 0.804407 0
0.372303 0.787092 0
169 3
0.984652 0.484717 0
0.976092 0.563850 0
0.931184 0.352296 0
170 3
0.977244 0.269643 0
0.994108 0.388036 0
0.931184 0.352296 0
171 3
0.927833 0.205047 0
0.977244 0.269643 0
0.931184 0.352296 0
172 3
0.050022 0.073726 0
0.161805 0.052838 0
0.162645 0.095489 0
173 3
0.359621 0.927904 0
0.361264 0.996724 0
0.403017 0.804407 0
174 3
0.336998 0.023635 0
0.275383 0.076717 0
0.368344 0.056102 0
175 3
0.162277 0.008611 0
0.050022 0.073726 0
0.096857 0.009254 0
176 3
0.458361 0.094570 0
0.585094 0.098329 0
0.564003 0.006439 0
177 3
0.458361 0.094570 0
0.564003 0.006439 0
0.439160 0.008357 0
178 3
0.359296 0.472551 0
0.307708 0.917600 0
0.372303 0.787092 0
179 3
0.359296 0.472551 0
0.439538 0.702947 0
0.435500 0.572849 0
180 3
0.439538 0.702947 0
0.359296 0.472551 0
0.372303 0.787092 0
181 3
0.359296 0.472551 0
0.435500 0.572849 0
0.439378 0.444689 0
182 3
0.128379 0.401376 0
0.134064 0.320802 0
0.151464 0.385640 0
183 3
0.128379 0.401376 0
0.090090 0.330849 0
0.134064 0.320802 0
184 3
0.128379 0.401376 0
0.025611 0.393453 0
0.048507 0.347494 0
185 3
0.090090 0.330849 0
0.128379 0.401376 0
0.048507 0.347494 0
186 3
0.150338 0.597246 0
0.127319 0.610897 0
0.150957 0.558698 0
187 3
0.151595 0.641546 0
0.127319 0.610897 0
0.150338 0.597246 0
188 3
0.279345 0.345037 0
0.361150 0.365759 0
0.275383 0.076717 0
189 3
0.279345 0.345037 0
0.306882 0.393229 0
0.361150 0.365759 0
190 3
0.152141 0.421627 0
0.128379 0.401376 0
0.151464 0.385640 0
191 3
0.090090 0.330849 0
0.048507 0.347494 0
0.050022 0.073726 0
192 3
0.359296 0.472551 0
0.306882 0.393229 0
0.304487 0.504633 0
193 3
0.025611 0.393453 0
0.128379 0.401376 0
0.023551 0.488592 0
194 3
0.128379 0.401376 0
0.128298 0.563461 0
0.023551 0.488592 0
195 3
0.023551 0.488592 0
0.128298 0.563461 0
0.127319 0.610897 0
196 3
0.153647 0.508149 0
0.128298 0.563461 0
0.152141 0.421627 0
197 3
0.128298 0.563461 0
0.150957 0.558698 0
0.127319 0.610897 0
198 3
0.153647 0.508149 0
0.150957 0.558698 0
0.128298 0.563461 0
199 3
0.128298 0.563461 0
0.128379 0.401376 0
0.152141 0.421627 0
200 3
0.535716 0.997654 0
0.668854 0.994136 0
0.668854 0.994136 0
201 3
0.535716 0.997654 0
0.361504 0.996548 0
0.535814 0.997251 0
202 3
0.361504 0.996548 0
0.361264 0.996724 0
0.535814 0.997251 0
203 3
0.361504 0.996548 0
0.338710 0.996072 0
0.361264 0.996724 0
204 3
0.338710 0.996072 0
0.336359 0.969045 0
0.336359 0.969045 0
205 3
0.338710 0.996072 0
0.336359 0.969045 0
0.338710 0.996072 0
206 3
0.361504 0.996548 0
0.338710 0.996072 0
0.338710 0.996072 0
207 3
0.811416 0.178136 0
0.684601 0.096539 0
0.667822 0.178136 0
208 3
0.811416 0.178136 0
0.794183 0.095203 0
0.684601 0.096539 0
209 3
0.916558 0.638561 0
0.931184 0.352296 0
0.941827 0.638667 0
210 3
0.794183 0.095203 0
0.752782 0.004746 0
0.717913 0.006431 0
211 3
0.794183 0.095203 0
0.717913 0.006431 0
0.684601 0.096539 0
212 3
0.813870 0.327556 0
0.667822 0.178136 0
0.668994 0.327556 0
213 3
0.813870 0.327556 0
0.811416 0.178136 0
0.667822 0.178136 0
214 3
0.814294 0.477118 0
0.668994 0.327556 0
0.670098 0.477118 0
215 3
0.814294 0.477118 0
0.813870 0.327556 0
0.668994 0.327556 0
216 3
0.814180 0.861090 0
0.668848 0.661261 0
0.668479 0.861090 0
217 3
0.814180 0.861090 0
0.813821 0.661261 0
0.668848 0.661261 0
218 3
0.812877 0.995236 0
0.668479 0.861090 0
0.669782 0.995236 0
219 3
0.812877 0.995236 0
0.814180 0.861090 0
0.668479 0.861090 0
220 3
0.535716 0.997654 0
0.535814 0.997251 0
0.668854 0.994136 0
221 3
0.161805 0.052838 0
0.162277 0.008611 0
0.275814 0.073726 0
222 3
0.150338 0.597246 0
0.177078 0.558698 0
0.177652 0.597246 0
223 3
0.150338 0.597246 0
0.150957 0.558698 0
0.177078 0.558698 0
224 3
0.151595 0.641546 0
0.177652 0.597246 0
0.176394 0.641546 0
225 3
0.150338 0.597246 0
0.177652 0.597246 0
0.151595 0.641546 0
226 3
0.134064 0.320802 0
0.162645 0.095489 0
0.192014 0.320802 0
227 3
0.151464 0.385640 0
0.192014 0.320802 0
0.178378 0.385640 0
228 3
0.151464 0.385640 0
0.134064 0.320802 0
0.192014 0.320802 0
229 3
0.152141 0.421627 0
0.178378 0.385640 0
0.177701 0.421627 0
230 3
0.151464 0.385640 0
0.178378 0.385640 0
0.152141 0.421627 0
231 3
0.176045 0.508149 0
0.177078 0.558698 0
0.150957 0.558698 0
232 3
0.153647 0.508149 0
0.176045 0.508149 0
0.150957 0.558698 0
233 3
0.177701 0.421627 0
0.176045 0.508149 0
0.153647 0.508149 0
234 3
0.152141 0.421627 0
0.177701 0.421627 0
0.153647 0.508149 0
235 3
0.372303 0.787092 0
0.439538 0.702947 0
0.527005 0.706385 0
236 3
0.991507 0.947099 0
0.992906 0.903684 0
0.931178 0.902637 0
237 3
0.991507 0.947099 0
0.931178 0.902637 0
0.933577 0.946746 0
238 3
0.570586 0.782930 0
0.562488 0.651551 0
0.668723 0.660190 0
239 3
0.570586 0.782930 0
0.668723 0.660190 0
0.669242 0.862605 0
240 3
0.667523 0.178419 0
0.584958 0.099028 0
0.684114 0.098168 0
241 3
0.589383 0.176409 0
0.584958 0.099028 0
0.667523 0.178419 0
242 3
0.589383 0.176409 0
0.458371 0.094393 0
0.584958 0.099028 0
243 3
0.484837 0.161971 0
0.458371 0.094393 0
0.589383 0.176409 0
244 3
0.484837 0.161971 0
0.275383 0.076717 0
0.458371 0.094393 0
245 3
0.361150 0.365759 0
0.275383 0.076717 0
0.484837 0.161971 0
246 3
0.473007 0.383795 0
0.497050 0.302020 0
0.525084 0.389282 0
247 3
0.338710 0.996072 0
0.336359 0.969045 0
0.361264 0.996724 0
248 3
0.336359 0.969045 0
0.359621 0.927904 0
0.361264 0.996724 0
249 3
0.933577 0.946746 0
0.960667 0.993344 0
0.991507 0.947099 0
250 3
0.932472 0.710872 0
0.932987 0.757903 0
0.991752 0.757686 0
251 3
0.932387 0.853570 0
0.993233 0.807332 0
0.931924 0.805958 0
252 3
0.932387 0.853570 0
0.993083 0.853257 0
0.993233 0.807332 0
253 3
0.931178 0.902637 0
0.993083 0.853257 0
0.932387 0.853570 0
254 3
0.931178 0.902637 0
0.992906 0.903684 0
0.993083 0.853257 0
255 3
0.458371 0.094393 0
0.368363 0.055897 0
0.439203 0.007875 0
256 3
0.275383 0.076717 0
0.368363 0.055897 0
0.458371 0.094393 0
257 3
0.867274 0.386520 0
0.931184 0.352296 0
0.874800 0.483427 0
258 3
0.587829 0.445592 0
0.669973 0.328595 0
0.669677 0.477622 0
259 3
0.587829 0.445592 0
0.594209 0.314058 0
0.669973 0.328595 0
260 3
0.669973 0.328595 0
0.589383 0.176409 0
0.667523 0.178419 0
261 3
0.669973 0.328595 0
0.594209 0.314058 0
0.589383 0.176409 0
262 3
0.684114 0.098168 0
0.563887 0.006877 0
0.668708 0.005295 0
263 3
0.684114 0.098168 0
0.584958 0.099028 0
0.563887 0.006877 0
264 3
0.880986 0.562539 0
0.931184 0.352296 0
0.916558 0.638561 0
265 3
0.359621 0.927904 0
0.307708 0.917600 0
0.372303 0.787092 0
266 3
0.359621 0.927904 0
0.372303 0.787092 0
0.403017 0.804407 0
267 3
0.874800 0.483427 0
0.931184 0.352296 0
0.880986 0.562539 0
268 3
0.884569 0.268498 0
0.931184 0.352296 0
0.867274 0.386520 0
269 3
0.927833 0.205047 0
0.931184 0.352296 0
0.884569 0.268498 0
270 3
0.359621 0.927904 0
0.403017 0.804407 0
0.361264 0.996724 0
271 3
0.336958 0.024397 0
0.368363 0.055897 0
0.275383 0.076717 0
272 3
0.162277 0.008611 0
0.227242 0.010881 0
0.275814 0.073726 0
273 3
0.458371 0.094393 0
0.563887 0.006877 0
0.584958 0.099028 0
274 3
0.458371 0.094393 0
0.439203 0.007875 0
0.563887 0.006877 0
275 3
0.359881 0.473086 0
0.372303 0.787092 0
0.307708 0.917600 0
276 3
0.359881 0.473086 0
0.435500 0.572849 0
0.439538 0.702947 0
277 3
0.439538 0.702947 0
0.372303 0.787092 0
0.359881 0.473086 0
278 3
0.359881 0.473086 0
0.439378 0.444689 0
0.435500 0.572849 0
279 3
0.198134 0.399537 0
0.178378 0.385640 0
0.192014 0.320802 0
280 3
0.198134 0.399537 0
0.192014 0.320802 0
0.235989 0.330849 0
281 3
0.235989 0.330849 0
0.280119 0.345344 0
0.198134 0.399537 0
282 3
0.177652 0.597246 0
0.177078 0.558698 0
0.201618 0.610897 0
283 3
0.176394 0.641546 0
0.177652 0.597246 0
0.201618 0.610897 0
284 3
0.279345 0.345037 0
0.275383 0.076717 0
0.361150 0.365759 0
285 3
0.279345 0.345037 0
0.361150 0.365759 0
0.308110 0.397059 0
286 3
0.177701 0.421627 0
0.178378 0.385640 0
0.198134 0.399537 0
287 3
0.235989 0.330849 0
0.275814 0.073726 0
0.280119 0.345344 0
288 3
0.359881 0.473086 0
0.304487 0.502070 0
0.308110 0.397059 0
289 3
0.306717 0.397089 0
0.306137 0.505513 0
0.198134 0.399537 0
290 3
0.198134 0.399537 0
0.306137 0.505513 0
0.200473 0.563461 0
291 3
0.306137 0.505513 0
0.201618 0.610897 0
0.200473 0.563461 0
292 3
0.176045 0.508149 0
0.177701 0.421627 0
0.200473 0.563461 0
293 3
0.200473 0.563461 0
0.201618 0.610897 0
0.177078 0.558698 0
294 3
0.176045 0.508149 0
0.200473 0.563461 0
0.177078 0.558698 0
295 3
0.200473 0.563461 0
0.177701 0.421627 0
0.198134 0.399537 0
296 3
0.278581 0.347741 0
0.306365 0.395446 0
0.305715 0.491019 0
297 3
0.231457 0.347053 0
0.278581 0.347741 0
0.305715 0.491019 0
298 3
0.231457 0.347053 0
0.305715 0.491019 0
0.288083 0.559289 0
299 3
0.198249 0.400214 0
0.231457 0.347053 0
0.288083 0.559289 0
300 3
0.288083 0.559289 0
0.261286 0.584953 0
0.217637 0.561326 0
301 3
0.197184 0.471327 0
0.198249 0.400214 0
0.288083 0.559289 0
302 3
0.288083 0.559289 0
0.217637 0.561326 0
0.197184 0.471327 0
4
0.000000 0.000000 0.000000
0.000000 0.000000 0.000000
0.000000 0.000000 0.000000
1.000000 1.000000 1.000000
