2
1
hd_kbrya
MIDWAY\NBAonNBC\NbaPlayer\Pose4\hd_kbrya.tga
298
0 3
0.384000 0.785614 0
0.426494 0.861036 0
0.454709 0.798046 0
1 3
0.384000 0.785614 0
0.454709 0.798046 0
0.438977 0.701069 0
2 3
0.384000 0.785614 0
0.438977 0.701069 0
0.454709 0.798046 0
3 3
0.384000 0.785614 0
0.454709 0.798046 0
0.426494 0.861036 0
4 3
0.485991 0.691341 0
0.454709 0.798046 0
0.590703 0.781037 0
5 3
0.485991 0.691341 0
0.590703 0.781037 0
0.454709 0.798046 0
6 3
0.596209 0.989223 0
0.590703 0.781037 0
0.454709 0.798046 0
7 3
0.596209 0.989223 0
0.454709 0.798046 0
0.590703 0.781037 0
8 3
0.610475 0.112231 0
0.728105 0.099434 0
0.728081 0.011770 0
9 3
0.610475 0.112231 0
0.621967 0.011372 0
0.728081 0.011770 0
10 3
0.610475 0.112231 0
0.621967 0.011372 0
0.498977 0.011342 0
11 3
0.610475 0.112231 0
0.500533 0.105206 0
0.498977 0.011342 0
12 3
0.610475 0.112231 0
0.498977 0.011342 0
0.500533 0.105206 0
13 3
0.610475 0.112231 0
0.498977 0.011342 0
0.621967 0.011372 0
14 3
0.370930 0.579382 0
0.384000 0.785614 0
0.438977 0.701069 0
15 3
0.370930 0.579382 0
0.438977 0.701069 0
0.384000 0.785614 0
16 3
0.282983 0.341706 0
0.375458 0.318438 0
0.373169 0.186194 0
17 3
0.282983 0.341706 0
0.269429 0.190455 0
0.373169 0.186194 0
18 3
0.282983 0.341706 0
0.373169 0.186194 0
0.269429 0.190455 0
19 3
0.282983 0.341706 0
0.373169 0.186194 0
0.375458 0.318438 0
20 3
0.269429 0.190455 0
0.373169 0.186194 0
0.254733 0.092813 0
21 3
0.269429 0.190455 0
0.254733 0.092813 0
0.373169 0.186194 0
22 3
0.160199 0.196212 0
0.141646 0.345181 0
0.075150 0.330000 0
23 3
0.160199 0.196212 0
0.269971 0.192036 0
0.248483 0.330000 0
24 3
0.777831 0.445299 0
0.777831 0.615579 0
0.692925 0.568840 0
25 3
0.596581 0.349743 0
0.681487 0.473285 0
0.596581 0.520023 0
26 3
0.076370 0.091182 0
0.160199 0.006996 0
0.160199 0.083051 0
27 3
0.254733 0.092813 0
0.345570 0.009871 0
0.161313 0.008763 0
28 3
0.254445 0.091182 0
0.160199 0.083051 0
0.160199 0.006996 0
29 3
0.254733 0.092813 0
0.161313 0.008763 0
0.345570 0.009871 0
30 3
0.122639 0.992534 0
0.129658 0.963122 0
0.197562 0.963122 0
31 3
0.122639 0.992534 0
0.197562 0.963122 0
0.204733 0.992534 0
32 3
0.160199 0.857752 0
0.199296 0.901144 0
0.127353 0.901144 0
33 3
0.447849 0.668869 0
0.430026 0.621707 0
0.449530 0.466203 0
34 3
0.447849 0.668869 0
0.449530 0.466203 0
0.477504 0.428374 0
35 3
0.447849 0.668869 0
0.477504 0.428374 0
0.449530 0.466203 0
36 3
0.449530 0.466203 0
0.430026 0.621707 0
0.447849 0.668869 0
37 3
0.493812 0.663116 0
0.447849 0.668869 0
0.477504 0.428374 0
38 3
0.493812 0.663116 0
0.477504 0.428374 0
0.504372 0.409626 0
39 3
0.493812 0.663116 0
0.504372 0.409626 0
0.477504 0.428374 0
40 3
0.493812 0.663116 0
0.477504 0.428374 0
0.447849 0.668869 0
41 3
0.935903 0.970690 0
0.990082 0.960589 0
0.990017 0.851962 0
42 3
0.990017 0.851962 0
0.935778 0.858487 0
0.935903 0.970690 0
43 3
0.990017 0.851962 0
0.990082 0.960589 0
0.935903 0.970690 0
44 3
0.935903 0.970690 0
0.935778 0.858487 0
0.990017 0.851962 0
45 3
0.493812 0.663116 0
0.521705 0.473273 0
0.504372 0.409626 0
46 3
0.596209 0.989223 0
0.454709 0.798046 0
0.451769 0.987139 0
47 3
0.596209 0.989223 0
0.451769 0.987139 0
0.454709 0.798046 0
48 3
0.619626 0.578427 0
0.624801 0.433195 0
0.538388 0.577244 0
49 3
0.538388 0.577244 0
0.485991 0.691341 0
0.619626 0.578427 0
50 3
0.538388 0.577244 0
0.624801 0.433195 0
0.619626 0.578427 0
51 3
0.619626 0.578427 0
0.485991 0.691341 0
0.538388 0.577244 0
52 3
0.619626 0.578427 0
0.728123 0.423985 0
0.624801 0.433195 0
53 3
0.619626 0.578427 0
0.624801 0.433195 0
0.728123 0.423985 0
54 3
0.384000 0.785614 0
0.250520 0.768854 0
0.290684 0.552674 0
55 3
0.233752 0.954700 0
0.384000 0.785614 0
0.250520 0.768854 0
56 3
0.384000 0.785614 0
0.290684 0.552674 0
0.250520 0.768854 0
57 3
0.233752 0.954700 0
0.250520 0.768854 0
0.384000 0.785614 0
58 3
0.384000 0.785614 0
0.370930 0.579382 0
0.290684 0.552674 0
59 3
0.370930 0.579382 0
0.438977 0.701069 0
0.430026 0.621707 0
60 3
0.370930 0.579382 0
0.430026 0.621707 0
0.438977 0.701069 0
61 3
0.129658 0.963122 0
0.127353 0.901144 0
0.199296 0.901144 0
62 3
0.199296 0.901144 0
0.197562 0.963122 0
0.129658 0.963122 0
63 3
0.127353 0.901144 0
0.129658 0.963122 0
0.092903 0.953697 0
64 3
0.233746 0.953697 0
0.197562 0.963122 0
0.199296 0.901144 0
65 3
0.127353 0.901144 0
0.092903 0.953697 0
0.106385 0.857752 0
66 3
0.106385 0.857752 0
0.160199 0.857752 0
0.127353 0.901144 0
67 3
0.220264 0.857752 0
0.233746 0.953697 0
0.199296 0.901144 0
68 3
0.199296 0.901144 0
0.160199 0.857752 0
0.220264 0.857752 0
69 3
0.092903 0.953697 0
0.129658 0.963122 0
0.122639 0.992534 0
70 3
0.233746 0.953697 0
0.204733 0.992534 0
0.197562 0.963122 0
71 3
0.071475 0.772958 0
0.111296 0.614874 0
0.141242 0.636351 0
72 3
0.249851 0.772958 0
0.197658 0.798891 0
0.179157 0.636351 0
73 3
0.197658 0.798891 0
0.160199 0.857752 0
0.122741 0.798891 0
74 3
0.493812 0.663116 0
0.504372 0.409626 0
0.521705 0.473273 0
75 3
0.071475 0.772958 0
0.141242 0.636351 0
0.122741 0.798891 0
76 3
0.249851 0.772958 0
0.179157 0.636351 0
0.209103 0.614874 0
77 3
0.454709 0.798046 0
0.485991 0.691341 0
0.438977 0.701069 0
78 3
0.454709 0.798046 0
0.438977 0.701069 0
0.485991 0.691341 0
79 3
0.301931 0.984907 0
0.385747 0.962186 0
0.426494 0.861036 0
80 3
0.426494 0.861036 0
0.385747 0.962186 0
0.301931 0.984907 0
81 3
0.233752 0.954700 0
0.301931 0.984907 0
0.426494 0.861036 0
82 3
0.233752 0.954700 0
0.384000 0.785614 0
0.426494 0.861036 0
83 3
0.233752 0.954700 0
0.426494 0.861036 0
0.384000 0.785614 0
84 3
0.233752 0.954700 0
0.426494 0.861036 0
0.301931 0.984907 0
85 3
0.122741 0.798891 0
0.160199 0.857752 0
0.106385 0.857752 0
86 3
0.122741 0.798891 0
0.106385 0.857752 0
0.071475 0.772958 0
87 3
0.092903 0.953697 0
0.071475 0.772958 0
0.106385 0.857752 0
88 3
0.197658 0.798891 0
0.220264 0.857752 0
0.160199 0.857752 0
89 3
0.233746 0.953697 0
0.220264 0.857752 0
0.249851 0.772958 0
90 3
0.249851 0.772958 0
0.220264 0.857752 0
0.197658 0.798891 0
91 3
0.590703 0.781037 0
0.619626 0.578427 0
0.485991 0.691341 0
92 3
0.485991 0.691341 0
0.619626 0.578427 0
0.590703 0.781037 0
93 3
0.590703 0.781037 0
0.728063 0.654011 0
0.619626 0.578427 0
94 3
0.590703 0.781037 0
0.619626 0.578427 0
0.728063 0.654011 0
95 3
0.370930 0.579382 0
0.430026 0.621707 0
0.449530 0.466203 0
96 3
0.370930 0.579382 0
0.449530 0.466203 0
0.430026 0.621707 0
97 3
0.936183 0.983705 0
0.990082 0.960589 0
0.935903 0.970690 0
98 3
0.936183 0.983705 0
0.990243 0.986960 0
0.990082 0.960589 0
99 3
0.990243 0.986960 0
0.936183 0.983705 0
0.936293 0.947310 0
100 3
0.936172 0.856095 0
0.936068 0.821083 0
0.971404 0.824183 0
101 3
0.936068 0.821083 0
0.935842 0.815191 0
0.971404 0.824183 0
102 3
0.971404 0.824183 0
0.935842 0.815191 0
0.971280 0.817228 0
103 3
0.990017 0.851962 0
0.971280 0.817228 0
0.935842 0.815191 0
104 3
0.935778 0.858487 0
0.990017 0.851962 0
0.935842 0.815191 0
105 3
0.936183 0.983705 0
0.935903 0.970690 0
0.990082 0.960589 0
106 3
0.936183 0.983705 0
0.990082 0.960589 0
0.990243 0.986960 0
107 3
0.990243 0.986960 0
0.936293 0.947310 0
0.936183 0.983705 0
108 3
0.936172 0.856095 0
0.971404 0.824183 0
0.936068 0.821083 0
109 3
0.936068 0.821083 0
0.971404 0.824183 0
0.935842 0.815191 0
110 3
0.971404 0.824183 0
0.971280 0.817228 0
0.935842 0.815191 0
111 3
0.990017 0.851962 0
0.935842 0.815191 0
0.971280 0.817228 0
112 3
0.935778 0.858487 0
0.935842 0.815191 0
0.990017 0.851962 0
113 3
0.310518 0.449477 0
0.370930 0.579382 0
0.449530 0.466203 0
114 3
0.310518 0.449477 0
0.449530 0.466203 0
0.370930 0.579382 0
115 3
0.597394 0.990915 0
0.596209 0.989223 0
0.461738 0.988069 0
116 3
0.461738 0.988069 0
0.596209 0.989223 0
0.451769 0.987139 0
117 3
0.461738 0.988069 0
0.451769 0.987139 0
0.383791 0.988806 0
118 3
0.597394 0.990915 0
0.728019 0.990124 0
0.596209 0.989223 0
119 3
0.160199 0.196212 0
0.076370 0.091182 0
0.160199 0.083051 0
120 3
0.596209 0.989223 0
0.728019 0.990124 0
0.590703 0.781037 0
121 3
0.590703 0.781037 0
0.728019 0.990124 0
0.728016 0.778828 0
122 3
0.590703 0.781037 0
0.728016 0.778828 0
0.728063 0.654011 0
123 3
0.728115 0.186993 0
0.728105 0.099434 0
0.610475 0.112231 0
124 3
0.617248 0.190558 0
0.728115 0.186993 0
0.610475 0.112231 0
125 3
0.617248 0.190558 0
0.610475 0.112231 0
0.500533 0.105206 0
126 3
0.503256 0.194117 0
0.617248 0.190558 0
0.500533 0.105206 0
127 3
0.503256 0.194117 0
0.500533 0.105206 0
0.380312 0.093644 0
128 3
0.373169 0.186194 0
0.503256 0.194117 0
0.380312 0.093644 0
129 3
0.538388 0.577244 0
0.624801 0.433195 0
0.621626 0.293138 0
130 3
0.538388 0.577244 0
0.621626 0.293138 0
0.525167 0.394081 0
131 3
0.525167 0.394081 0
0.621626 0.293138 0
0.506056 0.298003 0
132 3
0.472657 0.403094 0
0.525167 0.394081 0
0.506056 0.298003 0
133 3
0.472657 0.403094 0
0.506056 0.298003 0
0.375458 0.318438 0
134 3
0.619626 0.578427 0
0.728105 0.574608 0
0.728123 0.423985 0
135 3
0.619626 0.578427 0
0.728063 0.654011 0
0.728105 0.574608 0
136 3
0.383791 0.988806 0
0.451769 0.987139 0
0.385747 0.962186 0
137 3
0.385747 0.962186 0
0.451769 0.987139 0
0.426494 0.861036 0
138 3
0.375458 0.318438 0
0.449530 0.466203 0
0.472657 0.403094 0
139 3
0.500533 0.105206 0
0.498977 0.011342 0
0.421159 0.009754 0
140 3
0.380312 0.093644 0
0.500533 0.105206 0
0.421159 0.009754 0
141 3
0.375458 0.318438 0
0.503256 0.194117 0
0.373169 0.186194 0
142 3
0.506056 0.298003 0
0.503256 0.194117 0
0.375458 0.318438 0
143 3
0.608190 0.242486 0
0.609089 0.162584 0
0.711164 0.240854 0
144 3
0.624801 0.433195 0
0.728123 0.423985 0
0.728123 0.286396 0
145 3
0.624801 0.433195 0
0.728123 0.286396 0
0.621626 0.293138 0
146 3
0.728123 0.286396 0
0.728115 0.186993 0
0.617248 0.190558 0
147 3
0.728123 0.286396 0
0.617248 0.190558 0
0.621626 0.293138 0
148 3
0.610475 0.112231 0
0.728081 0.011770 0
0.621967 0.011372 0
149 3
0.565110 0.104290 0
0.617416 0.056444 0
0.652831 0.243077 0
150 3
0.550755 0.164807 0
0.565110 0.104290 0
0.652831 0.243077 0
151 3
0.672092 0.382173 0
0.654023 0.260264 0
0.756998 0.258632 0
152 3
0.160199 0.196212 0
0.058761 0.192036 0
0.076370 0.091182 0
153 3
0.426494 0.861036 0
0.451769 0.987139 0
0.454709 0.798046 0
154 3
0.506056 0.298003 0
0.621626 0.293138 0
0.617248 0.190558 0
155 3
0.506056 0.298003 0
0.617248 0.190558 0
0.503256 0.194117 0
156 3
0.254733 0.092813 0
0.373169 0.186194 0
0.380312 0.093644 0
157 3
0.345570 0.009871 0
0.380312 0.093644 0
0.421159 0.009754 0
158 3
0.380312 0.093644 0
0.345570 0.009871 0
0.254733 0.092813 0
159 3
0.122093 0.448682 0
0.141646 0.345181 0
0.148126 0.412603 0
160 3
0.085268 0.414024 0
0.075150 0.330000 0
0.141646 0.345181 0
161 3
0.122093 0.448682 0
0.085268 0.414024 0
0.141646 0.345181 0
162 3
0.049763 0.445623 0
0.014896 0.449627 0
0.041153 0.342391 0
163 3
0.085268 0.414024 0
0.049763 0.445623 0
0.041153 0.342391 0
164 3
0.075150 0.330000 0
0.085268 0.414024 0
0.041153 0.342391 0
165 3
0.143954 0.608095 0
0.111296 0.614874 0
0.144106 0.570762 0
166 3
0.141242 0.636351 0
0.111296 0.614874 0
0.143954 0.608095 0
167 3
0.310518 0.449477 0
0.449530 0.466203 0
0.375458 0.318438 0
168 3
0.282983 0.341706 0
0.310518 0.449477 0
0.375458 0.318438 0
169 3
0.160199 0.196212 0
0.075150 0.330000 0
0.058761 0.192036 0
170 3
0.148571 0.439942 0
0.122093 0.448682 0
0.148126 0.412603 0
171 3
0.075150 0.330000 0
0.041153 0.342391 0
0.058761 0.192036 0
172 3
0.370930 0.579382 0
0.310518 0.449477 0
0.290684 0.552674 0
173 3
0.014896 0.449627 0
0.049763 0.445623 0
0.031366 0.551346 0
174 3
0.049763 0.445623 0
0.084913 0.465571 0
0.031366 0.551346 0
175 3
0.084913 0.465571 0
0.085268 0.414024 0
0.122093 0.448682 0
176 3
0.049763 0.445623 0
0.085268 0.414024 0
0.084913 0.465571 0
177 3
0.233752 0.954700 0
0.203597 0.992081 0
0.301931 0.984907 0
178 3
0.084913 0.465571 0
0.122093 0.448682 0
0.119509 0.532928 0
179 3
0.084913 0.465571 0
0.119509 0.532928 0
0.031366 0.551346 0
180 3
0.031366 0.551346 0
0.119509 0.532928 0
0.111296 0.614874 0
181 3
0.111296 0.614874 0
0.071475 0.772958 0
0.031366 0.551346 0
182 3
0.148533 0.502060 0
0.119509 0.532928 0
0.148571 0.439942 0
183 3
0.119509 0.532928 0
0.144106 0.570762 0
0.111296 0.614874 0
184 3
0.148533 0.502060 0
0.144106 0.570762 0
0.119509 0.532928 0
185 3
0.119509 0.532928 0
0.122093 0.448682 0
0.148571 0.439942 0
186 3
0.785124 0.989498 0
0.869954 0.990500 0
0.728116 0.990500 0
187 3
0.597394 0.990915 0
0.461738 0.988069 0
0.596209 0.989223 0
188 3
0.461738 0.988069 0
0.451769 0.987139 0
0.596209 0.989223 0
189 3
0.461738 0.988069 0
0.383791 0.988806 0
0.451769 0.987139 0
190 3
0.203597 0.992081 0
0.203597 0.992081 0
0.301931 0.984907 0
191 3
0.301931 0.984907 0
0.203597 0.992081 0
0.301931 0.984907 0
192 3
0.301931 0.984907 0
0.301931 0.984907 0
0.385747 0.962186 0
193 3
0.301931 0.984907 0
0.385747 0.962186 0
0.385747 0.962186 0
194 3
0.383791 0.988806 0
0.385747 0.962186 0
0.385747 0.962186 0
195 3
0.383791 0.988806 0
0.385747 0.962186 0
0.383791 0.988806 0
196 3
0.461738 0.988069 0
0.383791 0.988806 0
0.383791 0.988806 0
197 3
0.869954 0.188691 0
0.728143 0.097934 0
0.728107 0.188691 0
198 3
0.869954 0.188691 0
0.869946 0.097934 0
0.728143 0.097934 0
199 3
0.848664 0.036444 0
0.813248 0.223077 0
0.777832 0.036444 0
200 3
0.869946 0.097934 0
0.869933 0.012914 0
0.728200 0.012914 0
201 3
0.869946 0.097934 0
0.728200 0.012914 0
0.728143 0.097934 0
202 3
0.869955 0.284533 0
0.728107 0.188691 0
0.728100 0.284533 0
203 3
0.869955 0.284533 0
0.869954 0.188691 0
0.728107 0.188691 0
204 3
0.869955 0.424056 0
0.728100 0.284533 0
0.728104 0.424056 0
205 3
0.869955 0.424056 0
0.869955 0.284533 0
0.728100 0.284533 0
206 3
0.869954 0.573596 0
0.728104 0.424056 0
0.728108 0.573596 0
207 3
0.869954 0.573596 0
0.869955 0.424056 0
0.728104 0.424056 0
208 3
0.869951 0.653887 0
0.728108 0.573596 0
0.728114 0.653887 0
209 3
0.869951 0.653887 0
0.869954 0.573596 0
0.728108 0.573596 0
210 3
0.869949 0.779750 0
0.728114 0.653887 0
0.728117 0.779750 0
211 3
0.869949 0.779750 0
0.869951 0.653887 0
0.728114 0.653887 0
212 3
0.869954 0.990500 0
0.728117 0.779750 0
0.728116 0.990500 0
213 3
0.869954 0.990500 0
0.869949 0.779750 0
0.728117 0.779750 0
214 3
0.597394 0.990915 0
0.596209 0.989223 0
0.728019 0.990124 0
215 3
0.160199 0.196212 0
0.160199 0.083051 0
0.254445 0.091182 0
216 3
0.143954 0.608095 0
0.176293 0.570762 0
0.176444 0.608095 0
217 3
0.143954 0.608095 0
0.144106 0.570762 0
0.176293 0.570762 0
218 3
0.141242 0.636351 0
0.176444 0.608095 0
0.179157 0.636351 0
219 3
0.143954 0.608095 0
0.176444 0.608095 0
0.141242 0.636351 0
220 3
0.141646 0.345181 0
0.160199 0.196212 0
0.187086 0.345181 0
221 3
0.148126 0.412603 0
0.187086 0.345181 0
0.172273 0.412603 0
222 3
0.148126 0.412603 0
0.141646 0.345181 0
0.187086 0.345181 0
223 3
0.148571 0.439942 0
0.172273 0.412603 0
0.171828 0.439942 0
224 3
0.148126 0.412603 0
0.172273 0.412603 0
0.148571 0.439942 0
225 3
0.179157 0.636351 0
0.197658 0.798891 0
0.122741 0.798891 0
226 3
0.141242 0.636351 0
0.179157 0.636351 0
0.122741 0.798891 0
227 3
0.171866 0.502060 0
0.176293 0.570762 0
0.144106 0.570762 0
228 3
0.148533 0.502060 0
0.171866 0.502060 0
0.144106 0.570762 0
229 3
0.171828 0.439942 0
0.171866 0.502060 0
0.148533 0.502060 0
230 3
0.148571 0.439942 0
0.171828 0.439942 0
0.148533 0.502060 0
231 3
0.596209 0.989223 0
0.590703 0.781037 0
0.728019 0.990124 0
232 3
0.590703 0.781037 0
0.728016 0.778828 0
0.728019 0.990124 0
233 3
0.590703 0.781037 0
0.728063 0.654011 0
0.728016 0.778828 0
234 3
0.728115 0.186993 0
0.610475 0.112231 0
0.728105 0.099434 0
235 3
0.617248 0.190558 0
0.610475 0.112231 0
0.728115 0.186993 0
236 3
0.617248 0.190558 0
0.500533 0.105206 0
0.610475 0.112231 0
237 3
0.503256 0.194117 0
0.500533 0.105206 0
0.617248 0.190558 0
238 3
0.503256 0.194117 0
0.380312 0.093644 0
0.500533 0.105206 0
239 3
0.373169 0.186194 0
0.380312 0.093644 0
0.503256 0.194117 0
240 3
0.538388 0.577244 0
0.621626 0.293138 0
0.624801 0.433195 0
241 3
0.538388 0.577244 0
0.525167 0.394081 0
0.621626 0.293138 0
242 3
0.525167 0.394081 0
0.506056 0.298003 0
0.621626 0.293138 0
243 3
0.472657 0.403094 0
0.506056 0.298003 0
0.525167 0.394081 0
244 3
0.472657 0.403094 0
0.375458 0.318438 0
0.506056 0.298003 0
245 3
0.619626 0.578427 0
0.728123 0.423985 0
0.728105 0.574608 0
246 3
0.619626 0.578427 0
0.728105 0.574608 0
0.728063 0.654011 0
247 3
0.383791 0.988806 0
0.385747 0.962186 0
0.451769 0.987139 0
248 3
0.385747 0.962186 0
0.426494 0.861036 0
0.451769 0.987139 0
249 3
0.375458 0.318438 0
0.472657 0.403094 0
0.449530 0.466203 0
250 3
0.500533 0.105206 0
0.421159 0.009754 0
0.498977 0.011342 0
251 3
0.380312 0.093644 0
0.421159 0.009754 0
0.500533 0.105206 0
252 3
0.375458 0.318438 0
0.373169 0.186194 0
0.503256 0.194117 0
253 3
0.506056 0.298003 0
0.375458 0.318438 0
0.503256 0.194117 0
254 3
0.857889 0.226931 0
0.754914 0.225299 0
0.856991 0.147029 0
255 3
0.624801 0.433195 0
0.728123 0.286396 0
0.728123 0.423985 0
256 3
0.624801 0.433195 0
0.621626 0.293138 0
0.728123 0.286396 0
257 3
0.728123 0.286396 0
0.617248 0.190558 0
0.728115 0.186993 0
258 3
0.728123 0.286396 0
0.621626 0.293138 0
0.617248 0.190558 0
259 3
0.610475 0.112231 0
0.728081 0.011770 0
0.728105 0.099434 0
260 3
0.790552 0.410957 0
0.702831 0.549743 0
0.738247 0.363110 0
261 3
0.804908 0.471473 0
0.702831 0.549743 0
0.790552 0.410957 0
262 3
0.764820 0.482173 0
0.679914 0.358632 0
0.782889 0.360264 0
263 3
0.160199 0.196212 0
0.254445 0.091182 0
0.269971 0.192036 0
264 3
0.426494 0.861036 0
0.454709 0.798046 0
0.451769 0.987139 0
265 3
0.506056 0.298003 0
0.617248 0.190558 0
0.621626 0.293138 0
266 3
0.506056 0.298003 0
0.503256 0.194117 0
0.617248 0.190558 0
267 3
0.254733 0.092813 0
0.380312 0.093644 0
0.373169 0.186194 0
268 3
0.345570 0.009871 0
0.421159 0.009754 0
0.380312 0.093644 0
269 3
0.380312 0.093644 0
0.254733 0.092813 0
0.345570 0.009871 0
270 3
0.202472 0.448682 0
0.172273 0.412603 0
0.187086 0.345181 0
271 3
0.237214 0.414024 0
0.187086 0.345181 0
0.248483 0.330000 0
272 3
0.202472 0.448682 0
0.187086 0.345181 0
0.237214 0.414024 0
273 3
0.278969 0.445623 0
0.283412 0.342391 0
0.311754 0.449627 0
274 3
0.237214 0.414024 0
0.283412 0.342391 0
0.278969 0.445623 0
275 3
0.248483 0.330000 0
0.283412 0.342391 0
0.237214 0.414024 0
276 3
0.176444 0.608095 0
0.176293 0.570762 0
0.209103 0.614874 0
277 3
0.179157 0.636351 0
0.176444 0.608095 0
0.209103 0.614874 0
278 3
0.310518 0.449477 0
0.375458 0.318438 0
0.449530 0.466203 0
279 3
0.282983 0.341706 0
0.375458 0.318438 0
0.310518 0.449477 0
280 3
0.160199 0.196212 0
0.248483 0.330000 0
0.187086 0.345181 0
281 3
0.171828 0.439942 0
0.172273 0.412603 0
0.202472 0.448682 0
282 3
0.248483 0.330000 0
0.269971 0.192036 0
0.283412 0.342391 0
283 3
0.370930 0.579382 0
0.290684 0.552674 0
0.310518 0.449477 0
284 3
0.311754 0.449627 0
0.289033 0.551346 0
0.278969 0.445623 0
285 3
0.278969 0.445623 0
0.289033 0.551346 0
0.237568 0.465571 0
286 3
0.237568 0.465571 0
0.202472 0.448682 0
0.237214 0.414024 0
287 3
0.278969 0.445623 0
0.237568 0.465571 0
0.237214 0.414024 0
288 3
0.233752 0.954700 0
0.301931 0.984907 0
0.203597 0.992081 0
289 3
0.237568 0.465571 0
0.202974 0.532928 0
0.202472 0.448682 0
290 3
0.237568 0.465571 0
0.289033 0.551346 0
0.202974 0.532928 0
291 3
0.289033 0.551346 0
0.209103 0.614874 0
0.202974 0.532928 0
292 3
0.209103 0.614874 0
0.289033 0.551346 0
0.249851 0.772958 0
293 3
0.384000 0.785614 0
0.290684 0.552674 0
0.370930 0.579382 0
294 3
0.171866 0.502060 0
0.171828 0.439942 0
0.202974 0.532928 0
295 3
0.202974 0.532928 0
0.209103 0.614874 0
0.176293 0.570762 0
296 3
0.171866 0.502060 0
0.202974 0.532928 0
0.176293 0.570762 0
297 3
0.202974 0.532928 0
0.171828 0.439942 0
0.202472 0.448682 0
4
0.000000 0.000000 0.000000
0.000000 0.000000 0.000000
0.000000 0.000000 0.000000
1.000000 1.000000 1.000000
