2
1
hd_khorn
NBAonNBC\HEADS\New_Jersey\LWO\hd_khorn.TGA
321
0 3
0.989783 0.844009 0
0.988220 0.816779 0
0.963330 0.826696 0
1 3
0.915816 0.846074 0
0.944588 0.858124 0
0.944521 0.828760 0
2 3
0.944521 0.828760 0
0.918322 0.818844 0
0.915816 0.846074 0
3 3
0.989783 0.844009 0
0.963330 0.826696 0
0.963262 0.856060 0
4 3
0.916973 0.990011 0
0.944439 0.982814 0
0.914418 0.980154 0
5 3
0.916973 0.990011 0
0.937086 0.986735 0
0.944439 0.982814 0
6 3
0.937086 0.986735 0
0.916973 0.990011 0
0.914649 0.963858 0
7 3
0.917018 0.858280 0
0.918322 0.818844 0
0.943476 0.829118 0
8 3
0.943476 0.829118 0
0.918322 0.818844 0
0.944521 0.828760 0
9 3
0.945006 0.929922 0
0.944588 0.858124 0
0.915816 0.846074 0
10 3
0.945006 0.929922 0
0.915816 0.846074 0
0.915042 0.929406 0
11 3
0.944439 0.982814 0
0.945006 0.929922 0
0.915042 0.929406 0
12 3
0.944439 0.982814 0
0.915042 0.929406 0
0.914418 0.980154 0
13 3
0.988626 0.987947 0
0.988929 0.978090 0
0.961160 0.980750 0
14 3
0.988626 0.987947 0
0.961160 0.980750 0
0.968512 0.984670 0
15 3
0.968512 0.984670 0
0.988698 0.961794 0
0.988626 0.987947 0
16 3
0.988220 0.816779 0
0.988581 0.856215 0
0.964375 0.827054 0
17 3
0.964375 0.827054 0
0.963330 0.826696 0
0.988220 0.816779 0
18 3
0.960592 0.927858 0
0.989783 0.844009 0
0.963262 0.856060 0
19 3
0.960592 0.927858 0
0.990557 0.927341 0
0.989783 0.844009 0
20 3
0.961160 0.980750 0
0.990557 0.927341 0
0.960592 0.927858 0
21 3
0.961160 0.980750 0
0.988929 0.978090 0
0.990557 0.927341 0
22 3
0.466781 0.201730 0
0.385077 0.211154 0
0.396374 0.363171 0
23 3
0.466781 0.201730 0
0.396374 0.363171 0
0.469422 0.363003 0
24 3
0.466781 0.201730 0
0.469422 0.363003 0
0.396374 0.363171 0
25 3
0.466781 0.201730 0
0.396374 0.363171 0
0.385077 0.211154 0
26 3
0.492457 0.945884 0
0.352403 0.981315 0
0.503290 0.875237 0
27 3
0.503290 0.875237 0
0.538998 0.899378 0
0.492457 0.945884 0
28 3
0.503290 0.875237 0
0.352403 0.981315 0
0.492457 0.945884 0
29 3
0.492457 0.945884 0
0.538998 0.899378 0
0.503290 0.875237 0
30 3
0.650117 0.451537 0
0.616351 0.412315 0
0.565051 0.469118 0
31 3
0.649508 0.596013 0
0.650117 0.451537 0
0.565051 0.469118 0
32 3
0.605412 0.671334 0
0.649508 0.596013 0
0.565051 0.469118 0
33 3
0.605412 0.671334 0
0.565051 0.469118 0
0.553502 0.634527 0
34 3
0.553502 0.634527 0
0.565960 0.685532 0
0.605412 0.671334 0
35 3
0.565051 0.469118 0
0.616351 0.412315 0
0.650117 0.451537 0
36 3
0.565051 0.469118 0
0.650117 0.451537 0
0.649508 0.596013 0
37 3
0.565051 0.469118 0
0.649508 0.596013 0
0.605412 0.671334 0
38 3
0.553502 0.634527 0
0.565051 0.469118 0
0.605412 0.671334 0
39 3
0.605412 0.671334 0
0.565960 0.685532 0
0.553502 0.634527 0
40 3
0.492457 0.945884 0
0.492457 0.945884 0
0.352403 0.981315 0
41 3
0.492457 0.945884 0
0.352403 0.981315 0
0.352403 0.981315 0
42 3
0.608284 0.342096 0
0.640595 0.404376 0
0.723809 0.443622 0
43 3
0.608284 0.342096 0
0.723379 0.327534 0
0.723809 0.443622 0
44 3
0.640595 0.404376 0
0.663809 0.464450 0
0.723809 0.443622 0
45 3
0.723809 0.443622 0
0.663809 0.464450 0
0.640595 0.404376 0
46 3
0.724293 0.990785 0
0.810495 0.993036 0
0.812018 0.810082 0
47 3
0.724293 0.990785 0
0.724931 0.813132 0
0.812018 0.810082 0
48 3
0.724293 0.990785 0
0.812018 0.810082 0
0.724931 0.813132 0
49 3
0.724293 0.990785 0
0.812018 0.810082 0
0.810495 0.993036 0
50 3
0.385077 0.211154 0
0.466781 0.201730 0
0.466959 0.099563 0
51 3
0.385077 0.211154 0
0.466959 0.099563 0
0.466781 0.201730 0
52 3
0.663764 0.596757 0
0.602478 0.697387 0
0.723196 0.698095 0
53 3
0.723196 0.698095 0
0.724836 0.594708 0
0.663764 0.596757 0
54 3
0.723196 0.698095 0
0.602478 0.697387 0
0.663764 0.596757 0
55 3
0.663764 0.596757 0
0.724836 0.594708 0
0.723196 0.698095 0
56 3
0.503290 0.875237 0
0.482156 0.585149 0
0.396924 0.588379 0
57 3
0.503290 0.875237 0
0.384016 0.797057 0
0.396924 0.588379 0
58 3
0.503290 0.875237 0
0.396924 0.588379 0
0.384016 0.797057 0
59 3
0.503290 0.875237 0
0.396924 0.588379 0
0.482156 0.585149 0
60 3
0.503290 0.875237 0
0.367048 0.921678 0
0.352403 0.981315 0
61 3
0.503290 0.875237 0
0.352403 0.981315 0
0.367048 0.921678 0
62 3
0.466959 0.099563 0
0.385341 0.099882 0
0.385077 0.211154 0
63 3
0.385077 0.211154 0
0.385341 0.099882 0
0.466959 0.099563 0
64 3
0.466781 0.201730 0
0.469422 0.363003 0
0.608284 0.342096 0
65 3
0.608284 0.342096 0
0.601484 0.193880 0
0.466781 0.201730 0
66 3
0.608284 0.342096 0
0.469422 0.363003 0
0.466781 0.201730 0
67 3
0.466781 0.201730 0
0.601484 0.193880 0
0.608284 0.342096 0
68 3
0.482156 0.585149 0
0.565051 0.469118 0
0.469422 0.363003 0
69 3
0.469422 0.363003 0
0.429745 0.479190 0
0.482156 0.585149 0
70 3
0.469422 0.363003 0
0.565051 0.469118 0
0.482156 0.585149 0
71 3
0.482156 0.585149 0
0.429745 0.479190 0
0.469422 0.363003 0
72 3
0.588526 0.812709 0
0.559737 0.994216 0
0.724293 0.990785 0
73 3
0.724293 0.990785 0
0.724931 0.813132 0
0.588526 0.812709 0
74 3
0.724293 0.990785 0
0.559737 0.994216 0
0.588526 0.812709 0
75 3
0.588526 0.812709 0
0.724931 0.813132 0
0.724293 0.990785 0
76 3
0.602478 0.697387 0
0.552001 0.821271 0
0.588526 0.812709 0
77 3
0.602478 0.697387 0
0.588526 0.812709 0
0.723196 0.698095 0
78 3
0.602478 0.697387 0
0.723196 0.698095 0
0.588526 0.812709 0
79 3
0.602478 0.697387 0
0.588526 0.812709 0
0.552001 0.821271 0
80 3
0.367048 0.921678 0
0.503290 0.875237 0
0.377862 0.854719 0
81 3
0.384016 0.797057 0
0.377862 0.854719 0
0.503290 0.875237 0
82 3
0.384016 0.797057 0
0.503290 0.875237 0
0.377862 0.854719 0
83 3
0.367048 0.921678 0
0.377862 0.854719 0
0.503290 0.875237 0
84 3
0.727126 0.990541 0
0.724293 0.990785 0
0.565762 0.993658 0
85 3
0.565762 0.993658 0
0.724293 0.990785 0
0.559737 0.994216 0
86 3
0.565762 0.993658 0
0.559737 0.994216 0
0.495046 0.995195 0
87 3
0.727126 0.990541 0
0.810495 0.993036 0
0.724293 0.990785 0
88 3
0.552001 0.821271 0
0.602478 0.697387 0
0.557696 0.703034 0
89 3
0.588526 0.812709 0
0.724931 0.813132 0
0.723196 0.698095 0
90 3
0.724931 0.813132 0
0.812296 0.689788 0
0.723196 0.698095 0
91 3
0.724931 0.813132 0
0.812018 0.810082 0
0.812296 0.689788 0
92 3
0.810938 0.183569 0
0.811545 0.099851 0
0.720782 0.101354 0
93 3
0.722951 0.187150 0
0.810938 0.183569 0
0.720782 0.101354 0
94 3
0.722951 0.187150 0
0.720782 0.101354 0
0.603003 0.098787 0
95 3
0.601484 0.193880 0
0.722951 0.187150 0
0.603003 0.098787 0
96 3
0.601484 0.193880 0
0.603003 0.098787 0
0.466959 0.099563 0
97 3
0.466781 0.201730 0
0.601484 0.193880 0
0.466959 0.099563 0
98 3
0.608284 0.342096 0
0.723809 0.443622 0
0.723379 0.327534 0
99 3
0.590019 0.409337 0
0.640595 0.404376 0
0.608284 0.342096 0
100 3
0.590019 0.409337 0
0.608284 0.342096 0
0.469422 0.363003 0
101 3
0.724836 0.594708 0
0.811995 0.592094 0
0.811986 0.436879 0
102 3
0.724836 0.594708 0
0.811986 0.436879 0
0.723809 0.443622 0
103 3
0.663764 0.596757 0
0.724836 0.594708 0
0.723809 0.443622 0
104 3
0.663764 0.596757 0
0.723809 0.443622 0
0.663809 0.464450 0
105 3
0.723196 0.698095 0
0.812296 0.689788 0
0.811995 0.592094 0
106 3
0.723196 0.698095 0
0.811995 0.592094 0
0.724836 0.594708 0
107 3
0.495046 0.995195 0
0.559737 0.994216 0
0.492457 0.945884 0
108 3
0.492457 0.945884 0
0.559737 0.994216 0
0.538998 0.899378 0
109 3
0.469422 0.363003 0
0.565051 0.469118 0
0.590019 0.409337 0
110 3
0.603003 0.098787 0
0.601752 0.010336 0
0.514838 0.011196 0
111 3
0.466959 0.099563 0
0.603003 0.098787 0
0.514838 0.011196 0
112 3
0.723809 0.443622 0
0.811986 0.436879 0
0.811547 0.327837 0
113 3
0.723809 0.443622 0
0.811547 0.327837 0
0.723379 0.327534 0
114 3
0.811547 0.327837 0
0.810938 0.183569 0
0.722951 0.187150 0
115 3
0.811547 0.327837 0
0.722951 0.187150 0
0.723379 0.327534 0
116 3
0.811545 0.099851 0
0.811926 0.006442 0
0.722345 0.008931 0
117 3
0.811545 0.099851 0
0.722345 0.008931 0
0.720782 0.101354 0
118 3
0.538998 0.899378 0
0.552001 0.821271 0
0.503290 0.875237 0
119 3
0.538998 0.899378 0
0.588526 0.812709 0
0.552001 0.821271 0
120 3
0.538998 0.899378 0
0.559737 0.994216 0
0.588526 0.812709 0
121 3
0.608284 0.342096 0
0.723379 0.327534 0
0.722951 0.187150 0
122 3
0.608284 0.342096 0
0.722951 0.187150 0
0.601484 0.193880 0
123 3
0.451608 0.009887 0
0.466959 0.099563 0
0.514838 0.011196 0
124 3
0.387356 0.010526 0
0.385341 0.099882 0
0.451608 0.009887 0
125 3
0.466959 0.099563 0
0.451608 0.009887 0
0.385341 0.099882 0
126 3
0.603003 0.098787 0
0.720782 0.101354 0
0.722345 0.008931 0
127 3
0.603003 0.098787 0
0.722345 0.008931 0
0.601752 0.010336 0
128 3
0.482156 0.585149 0
0.503290 0.875237 0
0.552001 0.821271 0
129 3
0.482156 0.585149 0
0.557696 0.703034 0
0.553502 0.634527 0
130 3
0.557696 0.703034 0
0.482156 0.585149 0
0.552001 0.821271 0
131 3
0.482156 0.585149 0
0.553502 0.634527 0
0.565051 0.469118 0
132 3
0.396374 0.363171 0
0.429745 0.479190 0
0.469422 0.363003 0
133 3
0.482156 0.585149 0
0.429745 0.479190 0
0.396924 0.588379 0
134 3
0.727126 0.990541 0
0.565762 0.993658 0
0.724293 0.990785 0
135 3
0.565762 0.993658 0
0.559737 0.994216 0
0.724293 0.990785 0
136 3
0.565762 0.993658 0
0.495046 0.995195 0
0.559737 0.994216 0
137 3
0.495046 0.995195 0
0.492457 0.945884 0
0.492457 0.945884 0
138 3
0.495046 0.995195 0
0.492457 0.945884 0
0.495046 0.995195 0
139 3
0.565762 0.993658 0
0.495046 0.995195 0
0.495046 0.995195 0
140 3
0.727126 0.990541 0
0.724293 0.990785 0
0.810495 0.993036 0
141 3
0.552001 0.821271 0
0.557696 0.703034 0
0.602478 0.697387 0
142 3
0.588526 0.812709 0
0.723196 0.698095 0
0.724931 0.813132 0
143 3
0.724931 0.813132 0
0.723196 0.698095 0
0.812296 0.689788 0
144 3
0.724931 0.813132 0
0.812296 0.689788 0
0.812018 0.810082 0
145 3
0.810938 0.183569 0
0.720782 0.101354 0
0.811545 0.099851 0
146 3
0.722951 0.187150 0
0.720782 0.101354 0
0.810938 0.183569 0
147 3
0.722951 0.187150 0
0.603003 0.098787 0
0.720782 0.101354 0
148 3
0.601484 0.193880 0
0.603003 0.098787 0
0.722951 0.187150 0
149 3
0.601484 0.193880 0
0.466959 0.099563 0
0.603003 0.098787 0
150 3
0.466781 0.201730 0
0.466959 0.099563 0
0.601484 0.193880 0
151 3
0.608284 0.342096 0
0.723809 0.443622 0
0.640595 0.404376 0
152 3
0.590019 0.409337 0
0.608284 0.342096 0
0.640595 0.404376 0
153 3
0.590019 0.409337 0
0.469422 0.363003 0
0.608284 0.342096 0
154 3
0.724836 0.594708 0
0.811986 0.436879 0
0.811995 0.592094 0
155 3
0.724836 0.594708 0
0.723809 0.443622 0
0.811986 0.436879 0
156 3
0.663764 0.596757 0
0.723809 0.443622 0
0.724836 0.594708 0
157 3
0.663764 0.596757 0
0.663809 0.464450 0
0.723809 0.443622 0
158 3
0.723196 0.698095 0
0.811995 0.592094 0
0.812296 0.689788 0
159 3
0.723196 0.698095 0
0.724836 0.594708 0
0.811995 0.592094 0
160 3
0.495046 0.995195 0
0.492457 0.945884 0
0.559737 0.994216 0
161 3
0.492457 0.945884 0
0.538998 0.899378 0
0.559737 0.994216 0
162 3
0.469422 0.363003 0
0.590019 0.409337 0
0.565051 0.469118 0
163 3
0.603003 0.098787 0
0.514838 0.011196 0
0.601752 0.010336 0
164 3
0.466959 0.099563 0
0.514838 0.011196 0
0.603003 0.098787 0
165 3
0.723809 0.443622 0
0.811547 0.327837 0
0.811986 0.436879 0
166 3
0.723809 0.443622 0
0.723379 0.327534 0
0.811547 0.327837 0
167 3
0.811547 0.327837 0
0.722951 0.187150 0
0.810938 0.183569 0
168 3
0.811547 0.327837 0
0.723379 0.327534 0
0.722951 0.187150 0
169 3
0.811545 0.099851 0
0.722345 0.008931 0
0.811926 0.006442 0
170 3
0.811545 0.099851 0
0.720782 0.101354 0
0.722345 0.008931 0
171 3
0.538998 0.899378 0
0.503290 0.875237 0
0.552001 0.821271 0
172 3
0.538998 0.899378 0
0.552001 0.821271 0
0.588526 0.812709 0
173 3
0.538998 0.899378 0
0.588526 0.812709 0
0.559737 0.994216 0
174 3
0.608284 0.342096 0
0.722951 0.187150 0
0.723379 0.327534 0
175 3
0.608284 0.342096 0
0.601484 0.193880 0
0.722951 0.187150 0
176 3
0.451608 0.009887 0
0.514838 0.011196 0
0.466959 0.099563 0
177 3
0.387356 0.010526 0
0.451608 0.009887 0
0.385341 0.099882 0
178 3
0.466959 0.099563 0
0.385341 0.099882 0
0.451608 0.009887 0
179 3
0.603003 0.098787 0
0.722345 0.008931 0
0.720782 0.101354 0
180 3
0.603003 0.098787 0
0.601752 0.010336 0
0.722345 0.008931 0
181 3
0.482156 0.585149 0
0.552001 0.821271 0
0.503290 0.875237 0
182 3
0.482156 0.585149 0
0.553502 0.634527 0
0.557696 0.703034 0
183 3
0.557696 0.703034 0
0.552001 0.821271 0
0.482156 0.585149 0
184 3
0.482156 0.585149 0
0.565051 0.469118 0
0.553502 0.634527 0
185 3
0.396374 0.363171 0
0.469422 0.363003 0
0.429745 0.479190 0
186 3
0.482156 0.585149 0
0.396924 0.588379 0
0.429745 0.479190 0
187 3
0.155156 0.113532 0
0.233745 0.108607 0
0.252021 0.211903 0
188 3
0.057523 0.211903 0
0.072534 0.108607 0
0.155156 0.113532 0
189 3
0.154772 0.222883 0
0.155156 0.113532 0
0.252021 0.211903 0
190 3
0.099050 0.789967 0
0.113874 0.659418 0
0.133192 0.740589 0
191 3
0.133192 0.740589 0
0.129123 0.781533 0
0.099050 0.789967 0
192 3
0.177282 0.740587 0
0.196371 0.659418 0
0.211424 0.790620 0
193 3
0.211424 0.790620 0
0.181351 0.781493 0
0.177282 0.740587 0
194 3
0.129123 0.781533 0
0.133192 0.740589 0
0.177282 0.740587 0
195 3
0.129123 0.781533 0
0.177282 0.740587 0
0.181351 0.781493 0
196 3
0.133192 0.740589 0
0.142611 0.681310 0
0.166710 0.681310 0
197 3
0.166710 0.681310 0
0.177282 0.740587 0
0.133192 0.740589 0
198 3
0.196371 0.659418 0
0.177282 0.740587 0
0.166710 0.681310 0
199 3
0.142611 0.681310 0
0.133192 0.740589 0
0.113874 0.659418 0
200 3
0.130981 0.877494 0
0.179494 0.877603 0
0.179972 0.938026 0
201 3
0.130981 0.877494 0
0.179972 0.938026 0
0.130502 0.938026 0
202 3
0.130502 0.938026 0
0.092352 0.925100 0
0.130981 0.877494 0
203 3
0.179494 0.877603 0
0.218122 0.925100 0
0.179972 0.938026 0
204 3
0.074626 0.857672 0
0.130981 0.877494 0
0.092352 0.925100 0
205 3
0.235848 0.857672 0
0.218122 0.925100 0
0.179494 0.877603 0
206 3
0.123471 0.981716 0
0.130502 0.938026 0
0.179972 0.938026 0
207 3
0.123471 0.981716 0
0.179972 0.938026 0
0.187796 0.981716 0
208 3
0.092352 0.925100 0
0.130502 0.938026 0
0.123471 0.981716 0
209 3
0.218122 0.925100 0
0.187796 0.981716 0
0.179972 0.938026 0
210 3
0.179494 0.877603 0
0.176098 0.831830 0
0.211424 0.790620 0
211 3
0.235848 0.857672 0
0.179494 0.877603 0
0.211424 0.790620 0
212 3
0.176098 0.831830 0
0.179494 0.877603 0
0.130981 0.877494 0
213 3
0.176098 0.831830 0
0.130981 0.877494 0
0.134377 0.831830 0
214 3
0.176098 0.831830 0
0.134377 0.831830 0
0.155237 0.780754 0
215 3
0.134377 0.831830 0
0.129088 0.782103 0
0.155237 0.780754 0
216 3
0.099050 0.789967 0
0.134377 0.831830 0
0.130981 0.877494 0
217 3
0.176098 0.831830 0
0.155237 0.780754 0
0.181386 0.782102 0
218 3
0.176098 0.831830 0
0.181386 0.782102 0
0.211424 0.790620 0
219 3
0.099050 0.789967 0
0.129088 0.782103 0
0.134377 0.831830 0
220 3
0.074626 0.857672 0
0.099050 0.789967 0
0.130981 0.877494 0
221 3
0.031441 0.583218 0
0.113874 0.659418 0
0.065583 0.790039 0
222 3
0.244891 0.790039 0
0.196371 0.659418 0
0.279033 0.583218 0
223 3
0.211424 0.790620 0
0.196371 0.659418 0
0.244891 0.790039 0
224 3
0.099050 0.789967 0
0.074626 0.857672 0
0.065583 0.790039 0
225 3
0.099050 0.789967 0
0.065583 0.790039 0
0.113874 0.659418 0
226 3
0.211424 0.790620 0
0.244891 0.790039 0
0.235848 0.857672 0
227 3
0.032218 0.475034 0
0.041862 0.441725 0
0.072269 0.443614 0
228 3
0.022390 0.375255 0
0.041862 0.441725 0
0.032218 0.475034 0
229 3
0.072269 0.443614 0
0.041862 0.441725 0
0.022390 0.375255 0
230 3
0.238205 0.443385 0
0.268612 0.441496 0
0.278256 0.474804 0
231 3
0.287612 0.375255 0
0.268612 0.441496 0
0.238205 0.443385 0
232 3
0.278256 0.474804 0
0.268612 0.441496 0
0.287612 0.375255 0
233 3
0.155156 0.113532 0
0.072534 0.108607 0
0.155139 0.004950 0
234 3
0.154772 0.222883 0
0.057523 0.211903 0
0.155156 0.113532 0
235 3
0.112135 0.473491 0
0.121800 0.386021 0
0.132925 0.444972 0
236 3
0.072269 0.443614 0
0.077817 0.373624 0
0.121800 0.386021 0
237 3
0.112135 0.473491 0
0.072269 0.443614 0
0.121800 0.386021 0
238 3
0.032218 0.475034 0
0.008605 0.476684 0
0.022390 0.375255 0
239 3
0.077817 0.373624 0
0.072269 0.443614 0
0.022390 0.375255 0
240 3
0.141128 0.656267 0
0.113874 0.659418 0
0.141179 0.615378 0
241 3
0.142611 0.681310 0
0.113874 0.659418 0
0.141128 0.656267 0
242 3
0.121800 0.386021 0
0.077817 0.373624 0
0.057523 0.211903 0
243 3
0.121800 0.386021 0
0.057523 0.211903 0
0.154772 0.222883 0
244 3
0.138054 0.480813 0
0.112135 0.473491 0
0.132925 0.444972 0
245 3
0.077817 0.373624 0
0.022390 0.375255 0
0.057523 0.211903 0
246 3
0.008605 0.476684 0
0.032218 0.475034 0
0.031441 0.583218 0
247 3
0.032218 0.475034 0
0.071844 0.497974 0
0.031441 0.583218 0
248 3
0.071844 0.497974 0
0.072269 0.443614 0
0.112135 0.473491 0
249 3
0.032218 0.475034 0
0.072269 0.443614 0
0.071844 0.497974 0
250 3
0.071844 0.497974 0
0.112135 0.473491 0
0.115028 0.618806 0
251 3
0.071844 0.497974 0
0.115028 0.618806 0
0.031441 0.583218 0
252 3
0.031441 0.583218 0
0.115028 0.618806 0
0.113874 0.659418 0
253 3
0.139898 0.532294 0
0.115028 0.618806 0
0.138054 0.480813 0
254 3
0.115028 0.618806 0
0.141179 0.615378 0
0.113874 0.659418 0
255 3
0.139898 0.532294 0
0.141179 0.615378 0
0.115028 0.618806 0
256 3
0.115028 0.618806 0
0.112135 0.473491 0
0.138054 0.480813 0
257 3
0.155156 0.113532 0
0.155139 0.004950 0
0.233745 0.108607 0
258 3
0.141128 0.656267 0
0.168142 0.615378 0
0.168193 0.656267 0
259 3
0.141128 0.656267 0
0.141179 0.615378 0
0.168142 0.615378 0
260 3
0.142611 0.681310 0
0.168193 0.656267 0
0.166710 0.681310 0
261 3
0.141128 0.656267 0
0.168193 0.656267 0
0.142611 0.681310 0
262 3
0.121800 0.386021 0
0.154772 0.222883 0
0.188674 0.386021 0
263 3
0.132925 0.444972 0
0.188674 0.386021 0
0.177413 0.444972 0
264 3
0.132925 0.444972 0
0.121800 0.386021 0
0.188674 0.386021 0
265 3
0.138054 0.480813 0
0.177413 0.444972 0
0.172283 0.480813 0
266 3
0.132925 0.444972 0
0.177413 0.444972 0
0.138054 0.480813 0
267 3
0.170576 0.532294 0
0.168142 0.615378 0
0.141179 0.615378 0
268 3
0.139898 0.532294 0
0.170576 0.532294 0
0.141179 0.615378 0
269 3
0.172283 0.480813 0
0.170576 0.532294 0
0.139898 0.532294 0
270 3
0.138054 0.480813 0
0.172283 0.480813 0
0.139898 0.532294 0
271 3
0.198067 0.473262 0
0.177413 0.444972 0
0.188674 0.386021 0
272 3
0.238205 0.443385 0
0.188674 0.386021 0
0.237096 0.373624 0
273 3
0.198067 0.473262 0
0.188674 0.386021 0
0.238205 0.443385 0
274 3
0.278256 0.474804 0
0.287612 0.375255 0
0.301396 0.476684 0
275 3
0.237096 0.373624 0
0.287612 0.375255 0
0.238205 0.443385 0
276 3
0.168193 0.656267 0
0.168142 0.615378 0
0.196371 0.659418 0
277 3
0.166710 0.681310 0
0.168193 0.656267 0
0.196371 0.659418 0
278 3
0.188674 0.386021 0
0.252021 0.211903 0
0.237096 0.373624 0
279 3
0.188674 0.386021 0
0.154772 0.222883 0
0.252021 0.211903 0
280 3
0.172283 0.480813 0
0.177413 0.444972 0
0.198067 0.473262 0
281 3
0.237096 0.373624 0
0.252021 0.211903 0
0.287612 0.375255 0
282 3
0.301396 0.476684 0
0.279033 0.583218 0
0.278256 0.474804 0
283 3
0.278256 0.474804 0
0.279033 0.583218 0
0.238630 0.497744 0
284 3
0.238630 0.497744 0
0.198067 0.473262 0
0.238205 0.443385 0
285 3
0.238630 0.497744 0
0.238205 0.443385 0
0.278256 0.474804 0
286 3
0.238630 0.497744 0
0.194967 0.618806 0
0.198067 0.473262 0
287 3
0.238630 0.497744 0
0.279033 0.583218 0
0.194967 0.618806 0
288 3
0.279033 0.583218 0
0.196371 0.659418 0
0.194967 0.618806 0
289 3
0.170576 0.532294 0
0.172283 0.480813 0
0.194967 0.618806 0
290 3
0.194967 0.618806 0
0.196371 0.659418 0
0.168142 0.615378 0
291 3
0.170576 0.532294 0
0.194967 0.618806 0
0.168142 0.615378 0
292 3
0.194967 0.618806 0
0.172283 0.480813 0
0.198067 0.473262 0
293 3
0.991301 0.559509 0
0.993112 0.436861 0
0.918197 0.533382 0
294 3
0.992845 0.280419 0
0.918139 0.281419 0
0.918197 0.533382 0
295 3
0.993112 0.436861 0
0.992845 0.280419 0
0.918197 0.533382 0
296 3
0.991976 0.709468 0
0.991301 0.559509 0
0.918197 0.533382 0
297 3
0.918133 0.776875 0
0.991976 0.709468 0
0.918197 0.533382 0
298 3
0.970057 0.281419 0
0.918197 0.533382 0
0.918139 0.281419 0
299 3
0.991490 0.577287 0
0.918197 0.533382 0
0.991930 0.483527 0
300 3
0.992509 0.358197 0
0.918197 0.533382 0
0.970057 0.281419 0
301 3
0.991930 0.483527 0
0.918197 0.533382 0
0.992509 0.358197 0
302 3
0.993066 0.693912 0
0.918197 0.533382 0
0.991490 0.577287 0
303 3
0.918133 0.776875 0
0.918197 0.533382 0
0.993066 0.693912 0
304 3
0.813042 0.990605 0
0.885754 0.988953 0
0.740330 0.988953 0
305 3
0.887978 0.186551 0
0.751049 0.099182 0
0.738106 0.186551 0
306 3
0.887978 0.186551 0
0.875036 0.099182 0
0.751049 0.099182 0
307 3
0.875036 0.099182 0
0.842288 0.004950 0
0.783796 0.004950 0
308 3
0.875036 0.099182 0
0.783796 0.004950 0
0.751049 0.099182 0
309 3
0.888202 0.329849 0
0.738106 0.186551 0
0.737883 0.329849 0
310 3
0.888202 0.329849 0
0.887978 0.186551 0
0.738106 0.186551 0
311 3
0.887491 0.434290 0
0.737883 0.329849 0
0.738593 0.434290 0
312 3
0.887491 0.434290 0
0.888202 0.329849 0
0.737883 0.329849 0
313 3
0.885114 0.590491 0
0.738593 0.434290 0
0.740970 0.590491 0
314 3
0.885114 0.590491 0
0.887491 0.434290 0
0.738593 0.434290 0
315 3
0.885363 0.682073 0
0.740970 0.590491 0
0.740721 0.682073 0
316 3
0.885363 0.682073 0
0.885114 0.590491 0
0.740970 0.590491 0
317 3
0.885338 0.816230 0
0.740721 0.682073 0
0.740746 0.816230 0
318 3
0.885338 0.816230 0
0.885363 0.682073 0
0.740721 0.682073 0
319 3
0.885754 0.988953 0
0.740746 0.816230 0
0.740330 0.988953 0
320 3
0.885754 0.988953 0
0.885338 0.816230 0
0.740746 0.816230 0
4
0.000000 0.000000 0.000000
0.000000 0.000000 0.000000
0.000000 0.000000 0.000000
1.000000 1.000000 1.000000
