1
5
C:\MIDWAY\NBAonNBC\HEADS\Minnesota_Timberwolves\LWO\hd_kgarn.TGA
C:\MIDWAY\NBAonNBC\HEADS\Minnesota_Timberwolves\LWO\hd_kgarn.TGA
C:\MIDWAY\NBAonNBC\HEADS\Minnesota_Timberwolves\LWO\hd_kgarn.TGA
C:\MIDWAY\NBAonNBC\HEADS\Minnesota_Timberwolves\LWO\hd_kgarn.TGA
C:\MIDWAY\NBAonNBC\HEADS\Minnesota_Timberwolves\LWO\hd_kgarn.TGA
321
0 3
0.616384 0.468880 0
0.589557 0.428570 0
0.557305 0.459814 0
1 3
0.615107 0.592973 0
0.616384 0.468880 0
0.557305 0.459814 0
2 3
0.569410 0.667354 0
0.615107 0.592973 0
0.557305 0.459814 0
3 3
0.569410 0.667354 0
0.557305 0.459814 0
0.524722 0.632567 0
4 3
0.524722 0.632567 0
0.539229 0.675640 0
0.569410 0.667354 0
5 3
0.557305 0.459814 0
0.589557 0.428570 0
0.616384 0.468880 0
6 3
0.557305 0.459814 0
0.616384 0.468880 0
0.615107 0.592973 0
7 3
0.557305 0.459814 0
0.615107 0.592973 0
0.569410 0.667354 0
8 3
0.524722 0.632567 0
0.557305 0.459814 0
0.569410 0.667354 0
9 3
0.569410 0.667354 0
0.539229 0.675640 0
0.524722 0.632567 0
10 3
0.081528 0.756638 0
0.094690 0.612401 0
0.121498 0.691444 0
11 3
0.121498 0.691444 0
0.117602 0.756268 0
0.081528 0.756638 0
12 3
0.173536 0.691443 0
0.204823 0.612401 0
0.213744 0.757259 0
13 3
0.213744 0.757259 0
0.177669 0.756230 0
0.173536 0.691443 0
14 3
0.117602 0.756268 0
0.121498 0.691444 0
0.173536 0.691443 0
15 3
0.117602 0.756268 0
0.173536 0.691443 0
0.177669 0.756230 0
16 3
0.121498 0.691444 0
0.126620 0.624925 0
0.168218 0.624925 0
17 3
0.168218 0.624925 0
0.173536 0.691443 0
0.121498 0.691444 0
18 3
0.204823 0.612401 0
0.173536 0.691443 0
0.168218 0.624925 0
19 3
0.126620 0.624925 0
0.121498 0.691444 0
0.094690 0.612401 0
20 3
0.119435 0.853901 0
0.175837 0.854005 0
0.174943 0.917937 0
21 3
0.119435 0.853901 0
0.174943 0.917937 0
0.120328 0.917937 0
22 3
0.367746 0.969090 0
0.471656 0.845189 0
0.502588 0.871368 0
23 3
0.367746 0.969090 0
0.459601 0.934365 0
0.502588 0.871368 0
24 3
0.367746 0.969090 0
0.502588 0.871368 0
0.459601 0.934365 0
25 3
0.367746 0.969090 0
0.502588 0.871368 0
0.471656 0.845189 0
26 3
0.120328 0.917937 0
0.084843 0.898539 0
0.119435 0.853901 0
27 3
0.175837 0.854005 0
0.210429 0.898539 0
0.174943 0.917937 0
28 3
0.067132 0.820623 0
0.119435 0.853901 0
0.084843 0.898539 0
29 3
0.228117 0.820623 0
0.210429 0.898539 0
0.175837 0.854005 0
30 3
0.459601 0.934365 0
0.459601 0.934365 0
0.367746 0.969090 0
31 3
0.459601 0.934365 0
0.367746 0.969090 0
0.367746 0.969090 0
32 3
0.107779 0.965096 0
0.120328 0.917937 0
0.174943 0.917937 0
33 3
0.107779 0.965096 0
0.174943 0.917937 0
0.188284 0.965096 0
34 3
0.084843 0.898539 0
0.120328 0.917937 0
0.107779 0.965096 0
35 3
0.210429 0.898539 0
0.188284 0.965096 0
0.174943 0.917937 0
36 3
0.568605 0.288864 0
0.600687 0.423173 0
0.681621 0.406302 0
37 3
0.568605 0.288864 0
0.681171 0.273073 0
0.681621 0.406302 0
38 3
0.600687 0.423173 0
0.625294 0.463838 0
0.681621 0.406302 0
39 3
0.681621 0.406302 0
0.625294 0.463838 0
0.600687 0.423173 0
40 3
0.660451 0.986967 0
0.756080 0.986349 0
0.754910 0.727487 0
41 3
0.660451 0.986967 0
0.659464 0.730795 0
0.754910 0.727487 0
42 3
0.660451 0.986967 0
0.754910 0.727487 0
0.659464 0.730795 0
43 3
0.660451 0.986967 0
0.754910 0.727487 0
0.756080 0.986349 0
44 3
0.368347 0.177300 0
0.437434 0.298644 0
0.442863 0.172749 0
45 3
0.368347 0.177300 0
0.442863 0.172749 0
0.452850 0.081117 0
46 3
0.368347 0.177300 0
0.452850 0.081117 0
0.442863 0.172749 0
47 3
0.368347 0.177300 0
0.442863 0.172749 0
0.437434 0.298644 0
48 3
0.620745 0.596002 0
0.566974 0.687063 0
0.667255 0.623036 0
49 3
0.667255 0.623036 0
0.674996 0.525263 0
0.620745 0.596002 0
50 3
0.667255 0.623036 0
0.566974 0.687063 0
0.620745 0.596002 0
51 3
0.620745 0.596002 0
0.674996 0.525263 0
0.667255 0.623036 0
52 3
0.471656 0.845189 0
0.439036 0.524184 0
0.368345 0.563892 0
53 3
0.471656 0.845189 0
0.367416 0.755582 0
0.368345 0.563892 0
54 3
0.471656 0.845189 0
0.368345 0.563892 0
0.367416 0.755582 0
55 3
0.471656 0.845189 0
0.368345 0.563892 0
0.439036 0.524184 0
56 3
0.175837 0.854005 0
0.172487 0.805016 0
0.213744 0.757259 0
57 3
0.228117 0.820623 0
0.175837 0.854005 0
0.213744 0.757259 0
58 3
0.172487 0.805016 0
0.175837 0.854005 0
0.119435 0.853901 0
59 3
0.172487 0.805016 0
0.119435 0.853901 0
0.122786 0.805016 0
60 3
0.172487 0.805016 0
0.122786 0.805016 0
0.147636 0.755527 0
61 3
0.122786 0.805016 0
0.117568 0.756810 0
0.147636 0.755527 0
62 3
0.081528 0.756638 0
0.122786 0.805016 0
0.119435 0.853901 0
63 3
0.172487 0.805016 0
0.147636 0.755527 0
0.177703 0.756810 0
64 3
0.172487 0.805016 0
0.177703 0.756810 0
0.213744 0.757259 0
65 3
0.081528 0.756638 0
0.117568 0.756810 0
0.122786 0.805016 0
66 3
0.067132 0.820623 0
0.081528 0.756638 0
0.119435 0.853901 0
67 3
0.021279 0.570359 0
0.094690 0.612401 0
0.053637 0.749607 0
68 3
0.241635 0.749607 0
0.204823 0.612401 0
0.273992 0.570359 0
69 3
0.213744 0.757259 0
0.204823 0.612401 0
0.241635 0.749607 0
70 3
0.081528 0.756638 0
0.067132 0.820623 0
0.053637 0.749607 0
71 3
0.081528 0.756638 0
0.053637 0.749607 0
0.094690 0.612401 0
72 3
0.213744 0.757259 0
0.241635 0.749607 0
0.228117 0.820623 0
73 3
0.028126 0.449868 0
0.037566 0.418222 0
0.068756 0.415565 0
74 3
0.021866 0.328766 0
0.037566 0.418222 0
0.028126 0.449868 0
75 3
0.068756 0.415565 0
0.037566 0.418222 0
0.021866 0.328766 0
76 3
0.226516 0.415565 0
0.256817 0.418222 0
0.267145 0.449868 0
77 3
0.270065 0.328766 0
0.256817 0.418222 0
0.226516 0.415565 0
78 3
0.267145 0.449868 0
0.256817 0.418222 0
0.270065 0.328766 0
79 3
0.471656 0.845189 0
0.364700 0.911087 0
0.367746 0.969090 0
80 3
0.471656 0.845189 0
0.367746 0.969090 0
0.364700 0.911087 0
81 3
0.452850 0.081117 0
0.392609 0.084974 0
0.368347 0.177300 0
82 3
0.368347 0.177300 0
0.392609 0.084974 0
0.452850 0.081117 0
83 3
0.442863 0.172749 0
0.437434 0.298644 0
0.568605 0.288864 0
84 3
0.568605 0.288864 0
0.565069 0.162744 0
0.442863 0.172749 0
85 3
0.568605 0.288864 0
0.437434 0.298644 0
0.442863 0.172749 0
86 3
0.442863 0.172749 0
0.565069 0.162744 0
0.568605 0.288864 0
87 3
0.439036 0.524184 0
0.557305 0.459814 0
0.437434 0.298644 0
88 3
0.437434 0.298644 0
0.401502 0.451846 0
0.439036 0.524184 0
89 3
0.437434 0.298644 0
0.557305 0.459814 0
0.439036 0.524184 0
90 3
0.439036 0.524184 0
0.401502 0.451846 0
0.437434 0.298644 0
91 3
0.553907 0.759253 0
0.518854 0.987432 0
0.660451 0.986967 0
92 3
0.660451 0.986967 0
0.659464 0.730795 0
0.553907 0.759253 0
93 3
0.660451 0.986967 0
0.518854 0.987432 0
0.553907 0.759253 0
94 3
0.553907 0.759253 0
0.659464 0.730795 0
0.660451 0.986967 0
95 3
0.566974 0.687063 0
0.523592 0.768538 0
0.553907 0.759253 0
96 3
0.566974 0.687063 0
0.553907 0.759253 0
0.667255 0.623036 0
97 3
0.566974 0.687063 0
0.667255 0.623036 0
0.553907 0.759253 0
98 3
0.566974 0.687063 0
0.553907 0.759253 0
0.523592 0.768538 0
99 3
0.364700 0.911087 0
0.471656 0.845189 0
0.366076 0.824584 0
100 3
0.367416 0.755582 0
0.366076 0.824584 0
0.471656 0.845189 0
101 3
0.367416 0.755582 0
0.471656 0.845189 0
0.366076 0.824584 0
102 3
0.364700 0.911087 0
0.366076 0.824584 0
0.471656 0.845189 0
103 3
0.661488 0.984635 0
0.660451 0.986967 0
0.522135 0.986859 0
104 3
0.522135 0.986859 0
0.660451 0.986967 0
0.518854 0.987432 0
105 3
0.522135 0.986859 0
0.518854 0.987432 0
0.475602 0.987033 0
106 3
0.661488 0.984635 0
0.756080 0.986349 0
0.660451 0.986967 0
107 3
0.147558 0.115571 0
0.078231 0.095566 0
0.147559 0.006402 0
108 3
0.147170 0.184625 0
0.078231 0.095566 0
0.147558 0.115571 0
109 3
0.523592 0.768538 0
0.566974 0.687063 0
0.528203 0.690522 0
110 3
0.917431 0.990011 0
0.942324 0.986816 0
0.916443 0.983604 0
111 3
0.917431 0.990011 0
0.932690 0.986053 0
0.942324 0.986816 0
112 3
0.553907 0.759253 0
0.659464 0.730795 0
0.667255 0.623036 0
113 3
0.659464 0.730795 0
0.756038 0.620503 0
0.667255 0.623036 0
114 3
0.659464 0.730795 0
0.754910 0.727487 0
0.756038 0.620503 0
115 3
0.754978 0.154344 0
0.756062 0.082323 0
0.673284 0.078245 0
116 3
0.674527 0.155811 0
0.754978 0.154344 0
0.673284 0.078245 0
117 3
0.674527 0.155811 0
0.673284 0.078245 0
0.564966 0.080104 0
118 3
0.565069 0.162744 0
0.674527 0.155811 0
0.564966 0.080104 0
119 3
0.565069 0.162744 0
0.564966 0.080104 0
0.452850 0.081117 0
120 3
0.442863 0.172749 0
0.565069 0.162744 0
0.452850 0.081117 0
121 3
0.568605 0.288864 0
0.681621 0.406302 0
0.681171 0.273073 0
122 3
0.573952 0.423733 0
0.600687 0.423173 0
0.568605 0.288864 0
123 3
0.573952 0.423733 0
0.568605 0.288864 0
0.437434 0.298644 0
124 3
0.674996 0.525263 0
0.755466 0.514987 0
0.755993 0.401213 0
125 3
0.674996 0.525263 0
0.755993 0.401213 0
0.681621 0.406302 0
126 3
0.620745 0.596002 0
0.674996 0.525263 0
0.681621 0.406302 0
127 3
0.620745 0.596002 0
0.681621 0.406302 0
0.625294 0.463838 0
128 3
0.667255 0.623036 0
0.756038 0.620503 0
0.755466 0.514987 0
129 3
0.667255 0.623036 0
0.755466 0.514987 0
0.674996 0.525263 0
130 3
0.475602 0.987033 0
0.518854 0.987432 0
0.459601 0.934365 0
131 3
0.459601 0.934365 0
0.518854 0.987432 0
0.502588 0.871368 0
132 3
0.932690 0.986053 0
0.917431 0.990011 0
0.915932 0.956426 0
133 3
0.437434 0.298644 0
0.557305 0.459814 0
0.573952 0.423733 0
134 3
0.915690 0.838604 0
0.913809 0.814730 0
0.943247 0.814144 0
135 3
0.943247 0.814144 0
0.913809 0.814730 0
0.944423 0.813711 0
136 3
0.941965 0.843433 0
0.944423 0.813711 0
0.913809 0.814730 0
137 3
0.914874 0.845614 0
0.941965 0.843433 0
0.913809 0.814730 0
138 3
0.943407 0.928437 0
0.941965 0.843433 0
0.914874 0.845614 0
139 3
0.943407 0.928437 0
0.914874 0.845614 0
0.916487 0.927813 0
140 3
0.942324 0.986816 0
0.943407 0.928437 0
0.916487 0.927813 0
141 3
0.942324 0.986816 0
0.916487 0.927813 0
0.916443 0.983604 0
142 3
0.564966 0.080104 0
0.565350 0.007032 0
0.501671 0.007577 0
143 3
0.452850 0.081117 0
0.564966 0.080104 0
0.501671 0.007577 0
144 3
0.980368 0.667911 0
0.977930 0.550880 0
0.915310 0.624789 0
145 3
0.681621 0.406302 0
0.755993 0.401213 0
0.755041 0.273403 0
146 3
0.681621 0.406302 0
0.755041 0.273403 0
0.681171 0.273073 0
147 3
0.755041 0.273403 0
0.754978 0.154344 0
0.674527 0.155811 0
148 3
0.755041 0.273403 0
0.674527 0.155811 0
0.681171 0.273073 0
149 3
0.756062 0.082323 0
0.754057 0.010340 0
0.673151 0.008360 0
150 3
0.756062 0.082323 0
0.673151 0.008360 0
0.673284 0.078245 0
151 3
0.985190 0.462809 0
0.916282 0.456225 0
0.915310 0.624789 0
152 3
0.502588 0.871368 0
0.523592 0.768538 0
0.471656 0.845189 0
153 3
0.502588 0.871368 0
0.553907 0.759253 0
0.523592 0.768538 0
154 3
0.977930 0.550880 0
0.985190 0.462809 0
0.915310 0.624789 0
155 3
0.986974 0.750593 0
0.980368 0.667911 0
0.915310 0.624789 0
156 3
0.915241 0.777751 0
0.986974 0.750593 0
0.915310 0.624789 0
157 3
0.147170 0.184625 0
0.049940 0.175356 0
0.078231 0.095566 0
158 3
0.502588 0.871368 0
0.518854 0.987432 0
0.553907 0.759253 0
159 3
0.568605 0.288864 0
0.681171 0.273073 0
0.674527 0.155811 0
160 3
0.568605 0.288864 0
0.674527 0.155811 0
0.565069 0.162744 0
161 3
0.452765 0.009069 0
0.452850 0.081117 0
0.501671 0.007577 0
162 3
0.408000 0.011041 0
0.392609 0.084974 0
0.452765 0.009069 0
163 3
0.452850 0.081117 0
0.452765 0.009069 0
0.392609 0.084974 0
164 3
0.564966 0.080104 0
0.673284 0.078245 0
0.673151 0.008360 0
165 3
0.564966 0.080104 0
0.673151 0.008360 0
0.565350 0.007032 0
166 3
0.439036 0.524184 0
0.471656 0.845189 0
0.523592 0.768538 0
167 3
0.439036 0.524184 0
0.528203 0.690522 0
0.524722 0.632567 0
168 3
0.528203 0.690522 0
0.439036 0.524184 0
0.523592 0.768538 0
169 3
0.439036 0.524184 0
0.524722 0.632567 0
0.557305 0.459814 0
170 3
0.112038 0.448400 0
0.116449 0.339828 0
0.132146 0.409742 0
171 3
0.068756 0.415565 0
0.072071 0.326440 0
0.116449 0.339828 0
172 3
0.112038 0.448400 0
0.068756 0.415565 0
0.116449 0.339828 0
173 3
0.028126 0.449868 0
0.007650 0.451053 0
0.021866 0.328766 0
174 3
0.072071 0.326440 0
0.068756 0.415565 0
0.021866 0.328766 0
175 3
0.125173 0.593827 0
0.094690 0.612401 0
0.125461 0.554583 0
176 3
0.126620 0.624925 0
0.094690 0.612401 0
0.125173 0.593827 0
177 3
0.361052 0.330426 0
0.437434 0.298644 0
0.368347 0.177300 0
178 3
0.361052 0.330426 0
0.401502 0.451846 0
0.437434 0.298644 0
179 3
0.116449 0.339828 0
0.072071 0.326440 0
0.049940 0.175356 0
180 3
0.116449 0.339828 0
0.049940 0.175356 0
0.147170 0.184625 0
181 3
0.132925 0.441816 0
0.112038 0.448400 0
0.132146 0.409742 0
182 3
0.072071 0.326440 0
0.021866 0.328766 0
0.049940 0.175356 0
183 3
0.439036 0.524184 0
0.401502 0.451846 0
0.368345 0.563892 0
184 3
0.007650 0.451053 0
0.028126 0.449868 0
0.021279 0.570359 0
185 3
0.028126 0.449868 0
0.068340 0.476197 0
0.021279 0.570359 0
186 3
0.068340 0.476197 0
0.068756 0.415565 0
0.112038 0.448400 0
187 3
0.028126 0.449868 0
0.068756 0.415565 0
0.068340 0.476197 0
188 3
0.068340 0.476197 0
0.112038 0.448400 0
0.095816 0.573373 0
189 3
0.068340 0.476197 0
0.095816 0.573373 0
0.021279 0.570359 0
190 3
0.021279 0.570359 0
0.095816 0.573373 0
0.094690 0.612401 0
191 3
0.130498 0.482446 0
0.095816 0.573373 0
0.132925 0.441816 0
192 3
0.095816 0.573373 0
0.125461 0.554583 0
0.094690 0.612401 0
193 3
0.130498 0.482446 0
0.125461 0.554583 0
0.095816 0.573373 0
194 3
0.095816 0.573373 0
0.112038 0.448400 0
0.132925 0.441816 0
195 3
0.827614 0.989439 0
0.889961 0.989488 0
0.765267 0.989488 0
196 3
0.661488 0.984635 0
0.522135 0.986859 0
0.660451 0.986967 0
197 3
0.522135 0.986859 0
0.518854 0.987432 0
0.660451 0.986967 0
198 3
0.522135 0.986859 0
0.475602 0.987033 0
0.518854 0.987432 0
199 3
0.475602 0.987033 0
0.459601 0.934365 0
0.459601 0.934365 0
200 3
0.475602 0.987033 0
0.459601 0.934365 0
0.475602 0.987033 0
201 3
0.522135 0.986859 0
0.475602 0.987033 0
0.475602 0.987033 0
202 3
0.889574 0.149379 0
0.778005 0.061928 0
0.765655 0.149379 0
203 3
0.889574 0.149379 0
0.870974 0.061928 0
0.778005 0.061928 0
204 3
0.956005 0.456225 0
0.915310 0.624789 0
0.916282 0.456225 0
205 3
0.870974 0.061928 0
0.857017 0.010916 0
0.787794 0.010916 0
206 3
0.870974 0.061928 0
0.787794 0.010916 0
0.778005 0.061928 0
207 3
0.890550 0.280398 0
0.765655 0.149379 0
0.764678 0.280398 0
208 3
0.890550 0.280398 0
0.889574 0.149379 0
0.765655 0.149379 0
209 3
0.890674 0.401328 0
0.764678 0.280398 0
0.766638 0.401328 0
210 3
0.890674 0.401328 0
0.890550 0.280398 0
0.764678 0.280398 0
211 3
0.890811 0.520548 0
0.766638 0.401328 0
0.766501 0.520548 0
212 3
0.890811 0.520548 0
0.890674 0.401328 0
0.766638 0.401328 0
213 3
0.890797 0.624092 0
0.766501 0.520548 0
0.766514 0.624092 0
214 3
0.890797 0.624092 0
0.890811 0.520548 0
0.766501 0.520548 0
215 3
0.890629 0.728954 0
0.766514 0.624092 0
0.764600 0.728954 0
216 3
0.890629 0.728954 0
0.890797 0.624092 0
0.766514 0.624092 0
217 3
0.889961 0.989488 0
0.764600 0.728954 0
0.765267 0.989488 0
218 3
0.889961 0.989488 0
0.890629 0.728954 0
0.764600 0.728954 0
219 3
0.661488 0.984635 0
0.660451 0.986967 0
0.756080 0.986349 0
220 3
0.147558 0.115571 0
0.147559 0.006402 0
0.213037 0.095566 0
221 3
0.147170 0.184625 0
0.147558 0.115571 0
0.213037 0.095566 0
222 3
0.125173 0.593827 0
0.169377 0.554583 0
0.169665 0.593827 0
223 3
0.125173 0.593827 0
0.125461 0.554583 0
0.169377 0.554583 0
224 3
0.126620 0.624925 0
0.169665 0.593827 0
0.168218 0.624925 0
225 3
0.125173 0.593827 0
0.169665 0.593827 0
0.126620 0.624925 0
226 3
0.116449 0.339828 0
0.147170 0.184625 0
0.178822 0.339828 0
227 3
0.132146 0.409742 0
0.178822 0.339828 0
0.163126 0.409742 0
228 3
0.132146 0.409742 0
0.116449 0.339828 0
0.178822 0.339828 0
229 3
0.132925 0.441816 0
0.163126 0.409742 0
0.162346 0.441816 0
230 3
0.132146 0.409742 0
0.163126 0.409742 0
0.132925 0.441816 0
231 3
0.164773 0.482446 0
0.169377 0.554583 0
0.125461 0.554583 0
232 3
0.130498 0.482446 0
0.164773 0.482446 0
0.125461 0.554583 0
233 3
0.162346 0.441816 0
0.164773 0.482446 0
0.130498 0.482446 0
234 3
0.132925 0.441816 0
0.162346 0.441816 0
0.130498 0.482446 0
235 3
0.523592 0.768538 0
0.528203 0.690522 0
0.566974 0.687063 0
236 3
0.985334 0.988010 0
0.988370 0.981603 0
0.960441 0.984815 0
237 3
0.985334 0.988010 0
0.960441 0.984815 0
0.970074 0.984053 0
238 3
0.553907 0.759253 0
0.667255 0.623036 0
0.659464 0.730795 0
239 3
0.659464 0.730795 0
0.667255 0.623036 0
0.756038 0.620503 0
240 3
0.659464 0.730795 0
0.756038 0.620503 0
0.754910 0.727487 0
241 3
0.754978 0.154344 0
0.673284 0.078245 0
0.756062 0.082323 0
242 3
0.674527 0.155811 0
0.673284 0.078245 0
0.754978 0.154344 0
243 3
0.674527 0.155811 0
0.564966 0.080104 0
0.673284 0.078245 0
244 3
0.565069 0.162744 0
0.564966 0.080104 0
0.674527 0.155811 0
245 3
0.565069 0.162744 0
0.452850 0.081117 0
0.564966 0.080104 0
246 3
0.442863 0.172749 0
0.452850 0.081117 0
0.565069 0.162744 0
247 3
0.568605 0.288864 0
0.681621 0.406302 0
0.600687 0.423173 0
248 3
0.573952 0.423733 0
0.568605 0.288864 0
0.600687 0.423173 0
249 3
0.573952 0.423733 0
0.437434 0.298644 0
0.568605 0.288864 0
250 3
0.674996 0.525263 0
0.755993 0.401213 0
0.755466 0.514987 0
251 3
0.674996 0.525263 0
0.681621 0.406302 0
0.755993 0.401213 0
252 3
0.620745 0.596002 0
0.681621 0.406302 0
0.674996 0.525263 0
253 3
0.620745 0.596002 0
0.625294 0.463838 0
0.681621 0.406302 0
254 3
0.667255 0.623036 0
0.755466 0.514987 0
0.756038 0.620503 0
255 3
0.667255 0.623036 0
0.674996 0.525263 0
0.755466 0.514987 0
256 3
0.475602 0.987033 0
0.459601 0.934365 0
0.518854 0.987432 0
257 3
0.459601 0.934365 0
0.502588 0.871368 0
0.518854 0.987432 0
258 3
0.970074 0.984053 0
0.986832 0.956426 0
0.985334 0.988010 0
259 3
0.437434 0.298644 0
0.573952 0.423733 0
0.557305 0.459814 0
260 3
0.986906 0.810729 0
0.989123 0.834603 0
0.959518 0.812143 0
261 3
0.959518 0.812143 0
0.958341 0.811710 0
0.986906 0.810729 0
262 3
0.960800 0.841433 0
0.986906 0.810729 0
0.958341 0.811710 0
263 3
0.987890 0.843613 0
0.986906 0.810729 0
0.960800 0.841433 0
264 3
0.961407 0.926437 0
0.987890 0.843613 0
0.960800 0.841433 0
265 3
0.961407 0.926437 0
0.988327 0.925813 0
0.987890 0.843613 0
266 3
0.960441 0.984815 0
0.988327 0.925813 0
0.961407 0.926437 0
267 3
0.960441 0.984815 0
0.988370 0.981603 0
0.988327 0.925813 0
268 3
0.564966 0.080104 0
0.501671 0.007577 0
0.565350 0.007032 0
269 3
0.452850 0.081117 0
0.501671 0.007577 0
0.564966 0.080104 0
270 3
0.988190 0.662246 0
0.915310 0.624789 0
0.992688 0.573709 0
271 3
0.681621 0.406302 0
0.755041 0.273403 0
0.755993 0.401213 0
272 3
0.681621 0.406302 0
0.681171 0.273073 0
0.755041 0.273403 0
273 3
0.755041 0.273403 0
0.674527 0.155811 0
0.754978 0.154344 0
274 3
0.755041 0.273403 0
0.681171 0.273073 0
0.674527 0.155811 0
275 3
0.756062 0.082323 0
0.673151 0.008360 0
0.754057 0.010340 0
276 3
0.756062 0.082323 0
0.673284 0.078245 0
0.673151 0.008360 0
277 3
0.982112 0.507081 0
0.915310 0.624789 0
0.956005 0.456225 0
278 3
0.502588 0.871368 0
0.471656 0.845189 0
0.523592 0.768538 0
279 3
0.502588 0.871368 0
0.523592 0.768538 0
0.553907 0.759253 0
280 3
0.992688 0.573709 0
0.915310 0.624789 0
0.982112 0.507081 0
281 3
0.976004 0.724796 0
0.915310 0.624789 0
0.988190 0.662246 0
282 3
0.915241 0.777751 0
0.915310 0.624789 0
0.976004 0.724796 0
283 3
0.147170 0.184625 0
0.213037 0.095566 0
0.244401 0.175356 0
284 3
0.502588 0.871368 0
0.553907 0.759253 0
0.518854 0.987432 0
285 3
0.568605 0.288864 0
0.674527 0.155811 0
0.681171 0.273073 0
286 3
0.568605 0.288864 0
0.565069 0.162744 0
0.674527 0.155811 0
287 3
0.452765 0.009069 0
0.501671 0.007577 0
0.452850 0.081117 0
288 3
0.408000 0.011041 0
0.452765 0.009069 0
0.392609 0.084974 0
289 3
0.452850 0.081117 0
0.392609 0.084974 0
0.452765 0.009069 0
290 3
0.564966 0.080104 0
0.673151 0.008360 0
0.673284 0.078245 0
291 3
0.564966 0.080104 0
0.565350 0.007032 0
0.673151 0.008360 0
292 3
0.439036 0.524184 0
0.523592 0.768538 0
0.471656 0.845189 0
293 3
0.439036 0.524184 0
0.524722 0.632567 0
0.528203 0.690522 0
294 3
0.528203 0.690522 0
0.523592 0.768538 0
0.439036 0.524184 0
295 3
0.439036 0.524184 0
0.557305 0.459814 0
0.524722 0.632567 0
296 3
0.183234 0.448400 0
0.163126 0.409742 0
0.178822 0.339828 0
297 3
0.226516 0.415565 0
0.178822 0.339828 0
0.223200 0.326440 0
298 3
0.183234 0.448400 0
0.178822 0.339828 0
0.226516 0.415565 0
299 3
0.267145 0.449868 0
0.270065 0.328766 0
0.287622 0.451053 0
300 3
0.223200 0.326440 0
0.270065 0.328766 0
0.226516 0.415565 0
301 3
0.169665 0.593827 0
0.169377 0.554583 0
0.204823 0.612401 0
302 3
0.168218 0.624925 0
0.169665 0.593827 0
0.204823 0.612401 0
303 3
0.361052 0.330426 0
0.368347 0.177300 0
0.437434 0.298644 0
304 3
0.361052 0.330426 0
0.437434 0.298644 0
0.401502 0.451846 0
305 3
0.178822 0.339828 0
0.244401 0.175356 0
0.223200 0.326440 0
306 3
0.178822 0.339828 0
0.147170 0.184625 0
0.244401 0.175356 0
307 3
0.162346 0.441816 0
0.163126 0.409742 0
0.183234 0.448400 0
308 3
0.223200 0.326440 0
0.244401 0.175356 0
0.270065 0.328766 0
309 3
0.439036 0.524184 0
0.368345 0.563892 0
0.401502 0.451846 0
310 3
0.287622 0.451053 0
0.273992 0.570359 0
0.267145 0.449868 0
311 3
0.267145 0.449868 0
0.273992 0.570359 0
0.226931 0.476197 0
312 3
0.226931 0.476197 0
0.183234 0.448400 0
0.226516 0.415565 0
313 3
0.226931 0.476197 0
0.226516 0.415565 0
0.267145 0.449868 0
314 3
0.226931 0.476197 0
0.203453 0.573373 0
0.183234 0.448400 0
315 3
0.226931 0.476197 0
0.273992 0.570359 0
0.203453 0.573373 0
316 3
0.273992 0.570359 0
0.204823 0.612401 0
0.203453 0.573373 0
317 3
0.164773 0.482446 0
0.162346 0.441816 0
0.203453 0.573373 0
318 3
0.203453 0.573373 0
0.204823 0.612401 0
0.169377 0.554583 0
319 3
0.164773 0.482446 0
0.203453 0.573373 0
0.169377 0.554583 0
320 3
0.203453 0.573373 0
0.162346 0.441816 0
0.183234 0.448400 0
4
0.000000 -90.000000 0.000000
0.000000 180.000000 0.000000
0.000000 0.000000 0.000000
13.683187 26.366373 16.857187
4
0.000000 0.000000 0.000000
0.000000 0.000000 0.000000
0.000000 0.000000 0.000000
10.442940 21.923824 16.183382
4
0.000000 0.000000 0.000000
0.000000 0.000000 0.000000
0.000000 0.000000 0.000000
16.723848 5.371678 11.047763
4
-90.000000 0.000000 0.000000
0.000000 0.000000 0.000000
0.000000 0.000000 0.000000
6.438303 3.719151 8.604762
4
0.000000 0.000000 0.000000
0.000000 0.000000 0.000000
0.000000 0.000000 0.000000
5.478041 25.670429 15.574235
