2
1
hd_ljohn
NBAonNBC\HEADS\New_York\LWO\hd_ljohn.TGA
321
0 3
0.481415 0.396997 0
0.498526 0.259424 0
0.368900 0.278086 0
1 3
0.481415 0.396997 0
0.368900 0.278086 0
0.498526 0.259424 0
2 3
0.368900 0.278086 0
0.466558 0.422365 0
0.481415 0.396997 0
3 3
0.368900 0.278086 0
0.481415 0.396997 0
0.466558 0.422365 0
4 3
0.368165 0.830883 0
0.229582 0.945915 0
0.200793 0.991335 0
5 3
0.200793 0.991335 0
0.229582 0.945915 0
0.368165 0.830883 0
6 3
0.387189 0.941669 0
0.424658 0.845829 0
0.368165 0.830883 0
7 3
0.387189 0.941669 0
0.368165 0.830883 0
0.200793 0.991335 0
8 3
0.368165 0.830883 0
0.424657 0.845829 0
0.387189 0.941669 0
9 3
0.387189 0.941669 0
0.200793 0.991335 0
0.368165 0.830883 0
10 3
0.368165 0.830883 0
0.368476 0.521495 0
0.288329 0.532977 0
11 3
0.368165 0.830883 0
0.260172 0.741061 0
0.288329 0.532977 0
12 3
0.368165 0.830883 0
0.288329 0.532977 0
0.260172 0.741061 0
13 3
0.368165 0.830883 0
0.288329 0.532977 0
0.368476 0.521495 0
14 3
0.368165 0.830883 0
0.260172 0.741061 0
0.240979 0.844651 0
15 3
0.368165 0.830883 0
0.240979 0.844651 0
0.260172 0.741061 0
16 3
0.448127 0.668287 0
0.445470 0.751582 0
0.497134 0.735758 0
17 3
0.448127 0.668287 0
0.497134 0.735758 0
0.497231 0.659067 0
18 3
0.448127 0.668287 0
0.497231 0.659067 0
0.497134 0.735758 0
19 3
0.448127 0.668287 0
0.497134 0.735758 0
0.445470 0.751582 0
20 3
0.387189 0.941669 0
0.387189 0.941669 0
0.200793 0.991335 0
21 3
0.387189 0.941669 0
0.200793 0.991335 0
0.200793 0.991335 0
22 3
0.498526 0.259424 0
0.524091 0.401252 0
0.640172 0.334988 0
23 3
0.498526 0.259424 0
0.638093 0.235091 0
0.640172 0.334988 0
24 3
0.524091 0.401252 0
0.543677 0.437539 0
0.640172 0.334988 0
25 3
0.640172 0.334988 0
0.543677 0.437539 0
0.524091 0.401252 0
26 3
0.621732 0.991441 0
0.784306 0.990386 0
0.784301 0.703414 0
27 3
0.621732 0.991441 0
0.615475 0.708842 0
0.784301 0.703414 0
28 3
0.621732 0.991441 0
0.784301 0.703414 0
0.615475 0.708842 0
29 3
0.621732 0.991441 0
0.784301 0.703414 0
0.784306 0.990386 0
30 3
0.257416 0.165109 0
0.368900 0.278086 0
0.380749 0.121382 0
31 3
0.257416 0.165109 0
0.380749 0.121382 0
0.384392 0.023257 0
32 3
0.257416 0.165109 0
0.384392 0.023257 0
0.380749 0.121382 0
33 3
0.257416 0.165109 0
0.380749 0.121382 0
0.368900 0.278086 0
34 3
0.501373 0.414396 0
0.446612 0.618549 0
0.459820 0.653071 0
35 3
0.501373 0.414396 0
0.490772 0.641063 0
0.459820 0.653071 0
36 3
0.501373 0.414396 0
0.459820 0.653071 0
0.490772 0.641063 0
37 3
0.501373 0.414396 0
0.459820 0.653071 0
0.446612 0.618549 0
38 3
0.501373 0.414396 0
0.466558 0.422365 0
0.446612 0.618549 0
39 3
0.446612 0.618549 0
0.466558 0.422365 0
0.501373 0.414396 0
40 3
0.542911 0.576194 0
0.497231 0.659067 0
0.623061 0.592841 0
41 3
0.623061 0.592841 0
0.633977 0.469603 0
0.542911 0.576194 0
42 3
0.623061 0.592841 0
0.497231 0.659067 0
0.542911 0.576194 0
43 3
0.542911 0.576194 0
0.633977 0.469603 0
0.623061 0.592841 0
44 3
0.384392 0.023257 0
0.223910 0.078588 0
0.257416 0.165109 0
45 3
0.257416 0.165109 0
0.223910 0.078588 0
0.384392 0.023257 0
46 3
0.380749 0.121382 0
0.368900 0.278086 0
0.498526 0.259424 0
47 3
0.498526 0.259424 0
0.496927 0.114539 0
0.380749 0.121382 0
48 3
0.498526 0.259424 0
0.368900 0.278086 0
0.380749 0.121382 0
49 3
0.380749 0.121382 0
0.496927 0.114539 0
0.498526 0.259424 0
50 3
0.368476 0.521495 0
0.466558 0.422365 0
0.368900 0.278086 0
51 3
0.368900 0.278086 0
0.306444 0.418501 0
0.368476 0.521495 0
52 3
0.368900 0.278086 0
0.466558 0.422365 0
0.368476 0.521495 0
53 3
0.368476 0.521495 0
0.306444 0.418501 0
0.368900 0.278086 0
54 3
0.497134 0.735758 0
0.499171 0.990162 0
0.621732 0.991441 0
55 3
0.621732 0.991441 0
0.615475 0.708842 0
0.497134 0.735758 0
56 3
0.621732 0.991441 0
0.499171 0.990162 0
0.497134 0.735758 0
57 3
0.497134 0.735758 0
0.615475 0.708842 0
0.621732 0.991441 0
58 3
0.501373 0.414396 0
0.490772 0.641063 0
0.534686 0.570214 0
59 3
0.534686 0.570214 0
0.532143 0.440194 0
0.501373 0.414396 0
60 3
0.501373 0.414396 0
0.532143 0.440194 0
0.534686 0.570214 0
61 3
0.501373 0.414396 0
0.534686 0.570214 0
0.490772 0.641063 0
62 3
0.497231 0.659067 0
0.497134 0.735758 0
0.623061 0.592841 0
63 3
0.497231 0.659067 0
0.623061 0.592841 0
0.497134 0.735758 0
64 3
0.229582 0.945915 0
0.368165 0.830883 0
0.240979 0.844651 0
65 3
0.229582 0.945915 0
0.240979 0.844651 0
0.368165 0.830883 0
66 3
0.620091 0.991596 0
0.621732 0.991441 0
0.504694 0.992017 0
67 3
0.504694 0.992017 0
0.621732 0.991441 0
0.499171 0.990162 0
68 3
0.504694 0.992017 0
0.499171 0.990162 0
0.387332 0.990822 0
69 3
0.620091 0.991596 0
0.784306 0.990386 0
0.621732 0.991441 0
70 3
0.497134 0.735758 0
0.615475 0.708842 0
0.623061 0.592841 0
71 3
0.615475 0.708842 0
0.784361 0.578885 0
0.623061 0.592841 0
72 3
0.615475 0.708842 0
0.784301 0.703414 0
0.784361 0.578885 0
73 3
0.784412 0.105175 0
0.784236 0.006246 0
0.610850 0.005414 0
74 3
0.631663 0.110390 0
0.784412 0.105175 0
0.610850 0.005414 0
75 3
0.631663 0.110390 0
0.610850 0.005414 0
0.492518 0.009836 0
76 3
0.496927 0.114539 0
0.631663 0.110390 0
0.492518 0.009836 0
77 3
0.496927 0.114539 0
0.492518 0.009836 0
0.384392 0.023257 0
78 3
0.380749 0.121382 0
0.496927 0.114539 0
0.384392 0.023257 0
79 3
0.498526 0.259424 0
0.640172 0.334988 0
0.638093 0.235091 0
80 3
0.481415 0.396997 0
0.524091 0.401252 0
0.498526 0.259424 0
81 3
0.633977 0.469603 0
0.784451 0.456545 0
0.784002 0.316290 0
82 3
0.633977 0.469603 0
0.784002 0.316290 0
0.640172 0.334988 0
83 3
0.542911 0.576194 0
0.633977 0.469603 0
0.640172 0.334988 0
84 3
0.542911 0.576194 0
0.640172 0.334988 0
0.543677 0.437539 0
85 3
0.623061 0.592841 0
0.784361 0.578885 0
0.784451 0.456545 0
86 3
0.623061 0.592841 0
0.784451 0.456545 0
0.633977 0.469603 0
87 3
0.387332 0.990822 0
0.499171 0.990162 0
0.387189 0.941669 0
88 3
0.387189 0.941669 0
0.499171 0.990162 0
0.424658 0.845829 0
89 3
0.640172 0.334988 0
0.784002 0.316290 0
0.784503 0.231522 0
90 3
0.640172 0.334988 0
0.784503 0.231522 0
0.638093 0.235091 0
91 3
0.784503 0.231522 0
0.784412 0.105175 0
0.631663 0.110390 0
92 3
0.784503 0.231522 0
0.631663 0.110390 0
0.638093 0.235091 0
93 3
0.424658 0.845829 0
0.445470 0.751582 0
0.368165 0.830883 0
94 3
0.424658 0.845829 0
0.497134 0.735758 0
0.445470 0.751582 0
95 3
0.424658 0.845829 0
0.499171 0.990162 0
0.497134 0.735758 0
96 3
0.498526 0.259424 0
0.638093 0.235091 0
0.631663 0.110390 0
97 3
0.498526 0.259424 0
0.631663 0.110390 0
0.496927 0.114539 0
98 3
0.368476 0.521495 0
0.368165 0.830883 0
0.445470 0.751582 0
99 3
0.368476 0.521495 0
0.448127 0.668287 0
0.446612 0.618549 0
100 3
0.448127 0.668287 0
0.368476 0.521495 0
0.445470 0.751582 0
101 3
0.368476 0.521495 0
0.446612 0.618549 0
0.466558 0.422365 0
102 3
0.280656 0.324519 0
0.368900 0.278086 0
0.257416 0.165109 0
103 3
0.280656 0.324519 0
0.306444 0.418501 0
0.368900 0.278086 0
104 3
0.368476 0.521495 0
0.306444 0.418501 0
0.288329 0.532977 0
105 3
0.620091 0.991596 0
0.504694 0.992017 0
0.621732 0.991441 0
106 3
0.504694 0.992017 0
0.499171 0.990162 0
0.621732 0.991441 0
107 3
0.504694 0.992017 0
0.387332 0.990822 0
0.499171 0.990162 0
108 3
0.387332 0.990822 0
0.387189 0.941669 0
0.387189 0.941669 0
109 3
0.387332 0.990822 0
0.387189 0.941669 0
0.387332 0.990822 0
110 3
0.504694 0.992017 0
0.387332 0.990822 0
0.387332 0.990822 0
111 3
0.620091 0.991596 0
0.621732 0.991441 0
0.784306 0.990386 0
112 3
0.497134 0.735758 0
0.623061 0.592841 0
0.615475 0.708842 0
113 3
0.615475 0.708842 0
0.623061 0.592841 0
0.784361 0.578885 0
114 3
0.615475 0.708842 0
0.784361 0.578885 0
0.784301 0.703414 0
115 3
0.784412 0.105175 0
0.610850 0.005414 0
0.784236 0.006246 0
116 3
0.631663 0.110390 0
0.610850 0.005414 0
0.784412 0.105175 0
117 3
0.631663 0.110390 0
0.492518 0.009836 0
0.610850 0.005414 0
118 3
0.496927 0.114539 0
0.492518 0.009836 0
0.631663 0.110390 0
119 3
0.496927 0.114539 0
0.384392 0.023257 0
0.492518 0.009836 0
120 3
0.380749 0.121382 0
0.384392 0.023257 0
0.496927 0.114539 0
121 3
0.498526 0.259424 0
0.640172 0.334988 0
0.524091 0.401252 0
122 3
0.481415 0.396997 0
0.498526 0.259424 0
0.524091 0.401252 0
123 3
0.633977 0.469603 0
0.784002 0.316290 0
0.784451 0.456545 0
124 3
0.633977 0.469603 0
0.640172 0.334988 0
0.784002 0.316290 0
125 3
0.542911 0.576194 0
0.640172 0.334988 0
0.633977 0.469603 0
126 3
0.542911 0.576194 0
0.543677 0.437539 0
0.640172 0.334988 0
127 3
0.623061 0.592841 0
0.784451 0.456545 0
0.784361 0.578885 0
128 3
0.623061 0.592841 0
0.633977 0.469603 0
0.784451 0.456545 0
129 3
0.387332 0.990822 0
0.387189 0.941669 0
0.499171 0.990162 0
130 3
0.387189 0.941669 0
0.424657 0.845829 0
0.499171 0.990162 0
131 3
0.640172 0.334988 0
0.784503 0.231522 0
0.784002 0.316290 0
132 3
0.640172 0.334988 0
0.638093 0.235091 0
0.784503 0.231522 0
133 3
0.784503 0.231522 0
0.631663 0.110390 0
0.784412 0.105175 0
134 3
0.784503 0.231522 0
0.638093 0.235091 0
0.631663 0.110390 0
135 3
0.424657 0.845829 0
0.368165 0.830883 0
0.445470 0.751582 0
136 3
0.424657 0.845829 0
0.445470 0.751582 0
0.497134 0.735758 0
137 3
0.424657 0.845829 0
0.497134 0.735758 0
0.499171 0.990162 0
138 3
0.498526 0.259424 0
0.631663 0.110390 0
0.638093 0.235091 0
139 3
0.498526 0.259424 0
0.496927 0.114539 0
0.631663 0.110390 0
140 3
0.368476 0.521495 0
0.445470 0.751582 0
0.368165 0.830883 0
141 3
0.368476 0.521495 0
0.446612 0.618549 0
0.448127 0.668287 0
142 3
0.448127 0.668287 0
0.445470 0.751582 0
0.368476 0.521495 0
143 3
0.368476 0.521495 0
0.466558 0.422365 0
0.446612 0.618549 0
144 3
0.280656 0.324519 0
0.257416 0.165109 0
0.368900 0.278086 0
145 3
0.280656 0.324519 0
0.368900 0.278086 0
0.306444 0.418501 0
146 3
0.368476 0.521495 0
0.288329 0.532977 0
0.306444 0.418501 0
147 3
0.257325 0.164769 0
0.190589 0.333015 0
0.166649 0.175218 0
148 3
0.257325 0.164769 0
0.166649 0.175218 0
0.167049 0.081050 0
149 3
0.124946 0.333015 0
0.085370 0.324957 0
0.063717 0.164769 0
150 3
0.190589 0.333015 0
0.257325 0.164769 0
0.234330 0.324957 0
151 3
0.124946 0.333015 0
0.063717 0.164769 0
0.166649 0.175218 0
152 3
0.063717 0.164769 0
0.091741 0.078769 0
0.167049 0.081050 0
153 3
0.257325 0.164769 0
0.167049 0.081050 0
0.224035 0.078769 0
154 3
0.063717 0.164769 0
0.167049 0.081050 0
0.166649 0.175218 0
155 3
0.131023 0.928758 0
0.090249 0.946091 0
0.076124 0.844593 0
156 3
0.240771 0.844593 0
0.229386 0.946115 0
0.188677 0.928758 0
157 3
0.132744 0.819514 0
0.131023 0.928758 0
0.076124 0.844593 0
158 3
0.186956 0.819622 0
0.240771 0.844593 0
0.188677 0.928758 0
159 3
0.088459 0.743601 0
0.103499 0.593603 0
0.134717 0.693222 0
160 3
0.134717 0.693222 0
0.135157 0.739460 0
0.088459 0.743601 0
161 3
0.184756 0.693222 0
0.215688 0.593603 0
0.227076 0.744296 0
162 3
0.227076 0.744296 0
0.184543 0.739426 0
0.184756 0.693222 0
163 3
0.135157 0.739460 0
0.134717 0.693222 0
0.184756 0.693222 0
164 3
0.135157 0.739460 0
0.184756 0.693222 0
0.184543 0.739426 0
165 3
0.134717 0.693222 0
0.134971 0.610119 0
0.175972 0.610119 0
166 3
0.175972 0.610119 0
0.184756 0.693222 0
0.134717 0.693222 0
167 3
0.215688 0.593603 0
0.184756 0.693222 0
0.175972 0.610119 0
168 3
0.134971 0.610119 0
0.134717 0.693222 0
0.103499 0.593603 0
169 3
0.132744 0.819514 0
0.186956 0.819622 0
0.188677 0.928758 0
170 3
0.132744 0.819514 0
0.188677 0.928758 0
0.131023 0.928758 0
171 3
0.119780 0.991264 0
0.131023 0.928758 0
0.188677 0.928758 0
172 3
0.119780 0.991264 0
0.188677 0.928758 0
0.200717 0.991264 0
173 3
0.090249 0.946091 0
0.131023 0.928758 0
0.119780 0.991264 0
174 3
0.229386 0.946115 0
0.200717 0.991264 0
0.188677 0.928758 0
175 3
0.186956 0.819622 0
0.187918 0.796621 0
0.227076 0.744296 0
176 3
0.240771 0.844593 0
0.186956 0.819622 0
0.227076 0.744296 0
177 3
0.187918 0.796621 0
0.186956 0.819622 0
0.132744 0.819514 0
178 3
0.187918 0.796621 0
0.132744 0.819514 0
0.131783 0.796613 0
179 3
0.187918 0.796621 0
0.131783 0.796613 0
0.159850 0.738710 0
180 3
0.131783 0.796613 0
0.135124 0.738561 0
0.159850 0.738710 0
181 3
0.088459 0.743601 0
0.131783 0.796613 0
0.132744 0.819514 0
182 3
0.187918 0.796621 0
0.159850 0.738710 0
0.184576 0.738566 0
183 3
0.187918 0.796621 0
0.184576 0.738566 0
0.227076 0.744296 0
184 3
0.088459 0.743601 0
0.135124 0.738561 0
0.131783 0.796613 0
185 3
0.076124 0.844593 0
0.088459 0.743601 0
0.132744 0.819514 0
186 3
0.027343 0.532824 0
0.103499 0.593603 0
0.055315 0.741252 0
187 3
0.260221 0.741252 0
0.215688 0.593603 0
0.288192 0.532824 0
188 3
0.227076 0.744296 0
0.215688 0.593603 0
0.260221 0.741252 0
189 3
0.088459 0.743601 0
0.076124 0.844593 0
0.055315 0.741252 0
190 3
0.088459 0.743601 0
0.055315 0.741252 0
0.103499 0.593603 0
191 3
0.227076 0.744296 0
0.260221 0.741252 0
0.240771 0.844593 0
192 3
0.029561 0.418518 0
0.046139 0.387533 0
0.073244 0.385742 0
193 3
0.035885 0.324351 0
0.046139 0.387533 0
0.029561 0.418518 0
194 3
0.073244 0.385742 0
0.046139 0.387533 0
0.035885 0.324351 0
195 3
0.237598 0.385742 0
0.267465 0.387533 0
0.277645 0.418518 0
196 3
0.280523 0.324351 0
0.267465 0.387533 0
0.237598 0.385742 0
197 3
0.277645 0.418518 0
0.267465 0.387533 0
0.280523 0.324351 0
198 3
0.167049 0.081050 0
0.091741 0.078769 0
0.167060 0.012165 0
199 3
0.167060 0.012165 0
0.091741 0.078769 0
0.092522 0.008613 0
200 3
0.115377 0.419937 0
0.124946 0.333015 0
0.140417 0.391064 0
201 3
0.073244 0.385742 0
0.085370 0.324957 0
0.124946 0.333015 0
202 3
0.115377 0.419937 0
0.073244 0.385742 0
0.124946 0.333015 0
203 3
0.029561 0.418518 0
0.009179 0.418021 0
0.035885 0.324351 0
204 3
0.085370 0.324957 0
0.073244 0.385742 0
0.035885 0.324351 0
205 3
0.133544 0.581405 0
0.103499 0.593603 0
0.133829 0.541566 0
206 3
0.134971 0.610119 0
0.103499 0.593603 0
0.133544 0.581405 0
207 3
0.141186 0.423271 0
0.115377 0.419937 0
0.140417 0.391064 0
208 3
0.085370 0.324957 0
0.035885 0.324351 0
0.063717 0.164769 0
209 3
0.009179 0.418021 0
0.029561 0.418518 0
0.027343 0.532824 0
210 3
0.029561 0.418518 0
0.072834 0.446963 0
0.027343 0.532824 0
211 3
0.072834 0.446963 0
0.073244 0.385742 0
0.115377 0.419937 0
212 3
0.029561 0.418518 0
0.073244 0.385742 0
0.072834 0.446963 0
213 3
0.072834 0.446963 0
0.115377 0.419937 0
0.104609 0.554077 0
214 3
0.072834 0.446963 0
0.104609 0.554077 0
0.027343 0.532824 0
215 3
0.027343 0.532824 0
0.104609 0.554077 0
0.103499 0.593603 0
216 3
0.138794 0.486893 0
0.104609 0.554077 0
0.141186 0.423271 0
217 3
0.104609 0.554077 0
0.133829 0.541566 0
0.103499 0.593603 0
218 3
0.138794 0.486893 0
0.133829 0.541566 0
0.104609 0.554077 0
219 3
0.104609 0.554077 0
0.115377 0.419937 0
0.141186 0.423271 0
220 3
0.167049 0.081050 0
0.167060 0.012165 0
0.224035 0.078769 0
221 3
0.133544 0.581405 0
0.177114 0.541566 0
0.177399 0.581405 0
222 3
0.133544 0.581405 0
0.133829 0.541566 0
0.177114 0.541566 0
223 3
0.134971 0.610119 0
0.177399 0.581405 0
0.175972 0.610119 0
224 3
0.133544 0.581405 0
0.177399 0.581405 0
0.134971 0.610119 0
225 3
0.124946 0.333015 0
0.166649 0.175218 0
0.190589 0.333015 0
226 3
0.140417 0.391064 0
0.190589 0.333015 0
0.175118 0.391064 0
227 3
0.140417 0.391064 0
0.124946 0.333015 0
0.190589 0.333015 0
228 3
0.141186 0.423271 0
0.175118 0.391064 0
0.174349 0.423271 0
229 3
0.140417 0.391064 0
0.175118 0.391064 0
0.141186 0.423271 0
230 3
0.172577 0.486893 0
0.177114 0.541566 0
0.133829 0.541566 0
231 3
0.138794 0.486893 0
0.172577 0.486893 0
0.133829 0.541566 0
232 3
0.174349 0.423271 0
0.172577 0.486893 0
0.138794 0.486893 0
233 3
0.141186 0.423271 0
0.174349 0.423271 0
0.138794 0.486893 0
234 3
0.167060 0.012165 0
0.223213 0.008613 0
0.224035 0.078769 0
235 3
0.203267 0.419937 0
0.175118 0.391064 0
0.190589 0.333015 0
236 3
0.237598 0.385742 0
0.190589 0.333015 0
0.234330 0.324957 0
237 3
0.203267 0.419937 0
0.190589 0.333015 0
0.237598 0.385742 0
238 3
0.277645 0.418518 0
0.280523 0.324351 0
0.306357 0.418021 0
239 3
0.234330 0.324957 0
0.280523 0.324351 0
0.237598 0.385742 0
240 3
0.177399 0.581405 0
0.177114 0.541566 0
0.215688 0.593603 0
241 3
0.175972 0.610119 0
0.177399 0.581405 0
0.215688 0.593603 0
242 3
0.174349 0.423271 0
0.175118 0.391064 0
0.203267 0.419937 0
243 3
0.234330 0.324957 0
0.257325 0.164769 0
0.280523 0.324351 0
244 3
0.306357 0.418021 0
0.288192 0.532824 0
0.277645 0.418518 0
245 3
0.277645 0.418518 0
0.288192 0.532824 0
0.238008 0.446963 0
246 3
0.238008 0.446963 0
0.203267 0.419937 0
0.237598 0.385742 0
247 3
0.238008 0.446963 0
0.237598 0.385742 0
0.277645 0.418518 0
248 3
0.238008 0.446963 0
0.214338 0.554077 0
0.203267 0.419937 0
249 3
0.238008 0.446963 0
0.288192 0.532824 0
0.214338 0.554077 0
250 3
0.288192 0.532824 0
0.215688 0.593603 0
0.214338 0.554077 0
251 3
0.172577 0.486893 0
0.174349 0.423271 0
0.214338 0.554077 0
252 3
0.214338 0.554077 0
0.215688 0.593603 0
0.177114 0.541566 0
253 3
0.172577 0.486893 0
0.214338 0.554077 0
0.177114 0.541566 0
254 3
0.214338 0.554077 0
0.174349 0.423271 0
0.203267 0.419937 0
255 3
0.914398 0.595842 0
0.948739 0.590579 0
0.916427 0.587229 0
256 3
0.914398 0.595842 0
0.932500 0.592411 0
0.948739 0.590579 0
257 3
0.932500 0.592411 0
0.914398 0.595842 0
0.915687 0.555141 0
258 3
0.914372 0.444707 0
0.915383 0.421457 0
0.941169 0.429698 0
259 3
0.941169 0.429698 0
0.915383 0.421457 0
0.947562 0.432750 0
260 3
0.947180 0.455591 0
0.947562 0.432750 0
0.915383 0.421457 0
261 3
0.914944 0.457495 0
0.947180 0.455591 0
0.915383 0.421457 0
262 3
0.949418 0.545482 0
0.947180 0.455591 0
0.914944 0.457495 0
263 3
0.949418 0.545482 0
0.914944 0.457495 0
0.914701 0.544380 0
264 3
0.948739 0.590579 0
0.949418 0.545482 0
0.914701 0.544380 0
265 3
0.948739 0.590579 0
0.914701 0.544380 0
0.916427 0.587229 0
266 3
0.989198 0.595842 0
0.989198 0.587229 0
0.956886 0.590579 0
267 3
0.989198 0.595842 0
0.956886 0.590579 0
0.973124 0.592411 0
268 3
0.973124 0.592411 0
0.989937 0.555141 0
0.989198 0.595842 0
269 3
0.990242 0.421457 0
0.989224 0.444707 0
0.960398 0.429698 0
270 3
0.960398 0.429698 0
0.956034 0.432750 0
0.990242 0.421457 0
271 3
0.958444 0.455591 0
0.990242 0.421457 0
0.956034 0.432750 0
272 3
0.990680 0.457495 0
0.990242 0.421457 0
0.958444 0.455591 0
273 3
0.958235 0.545482 0
0.990680 0.457495 0
0.958444 0.455591 0
274 3
0.958235 0.545482 0
0.990923 0.544380 0
0.990680 0.457495 0
275 3
0.956886 0.590579 0
0.990923 0.544380 0
0.958235 0.545482 0
276 3
0.956886 0.590579 0
0.989198 0.587229 0
0.990923 0.544380 0
277 3
0.990031 0.986730 0
0.918966 0.978255 0
0.917794 0.887621 0
278 3
0.988154 0.758074 0
0.990031 0.986730 0
0.917794 0.887621 0
279 3
0.916972 0.792813 0
0.988154 0.758074 0
0.917794 0.887621 0
280 3
0.988154 0.758074 0
0.916972 0.792813 0
0.990827 0.649003 0
281 3
0.990031 0.986730 0
0.917794 0.887621 0
0.918966 0.978255 0
282 3
0.988154 0.758074 0
0.917794 0.887621 0
0.990031 0.986730 0
283 3
0.916972 0.792813 0
0.917794 0.887621 0
0.988154 0.758074 0
284 3
0.988154 0.758074 0
0.990827 0.649003 0
0.916972 0.792813 0
285 3
0.989600 0.895558 0
0.992481 0.749157 0
0.916401 0.836431 0
286 3
0.994922 0.650197 0
0.916715 0.650710 0
0.916401 0.836431 0
287 3
0.992481 0.749157 0
0.994922 0.650197 0
0.916401 0.836431 0
288 3
0.989728 0.986069 0
0.989600 0.895558 0
0.916401 0.836431 0
289 3
0.916457 0.984563 0
0.989728 0.986069 0
0.916401 0.836431 0
290 3
0.993255 0.651780 0
0.916401 0.836431 0
0.916715 0.650710 0
291 3
0.991415 0.900579 0
0.916401 0.836431 0
0.991769 0.820955 0
292 3
0.992848 0.745389 0
0.916401 0.836431 0
0.993255 0.651780 0
293 3
0.991769 0.820955 0
0.916401 0.836431 0
0.992848 0.745389 0
294 3
0.988667 0.986055 0
0.916401 0.836431 0
0.991415 0.900579 0
295 3
0.916457 0.984563 0
0.916401 0.836431 0
0.988667 0.986055 0
296 3
0.915135 0.649744 0
0.989453 0.693595 0
0.990634 0.841085 0
297 3
0.915135 0.649744 0
0.990634 0.841085 0
0.920335 0.839079 0
298 3
0.918726 0.983678 0
0.920335 0.839079 0
0.990634 0.841085 0
299 3
0.918726 0.983678 0
0.990634 0.841085 0
0.989422 0.983262 0
300 3
0.915135 0.649744 0
0.990634 0.841085 0
0.989453 0.693595 0
301 3
0.915135 0.649744 0
0.920335 0.839079 0
0.990634 0.841085 0
302 3
0.918726 0.983677 0
0.990634 0.841085 0
0.920335 0.839079 0
303 3
0.918726 0.983677 0
0.989422 0.983261 0
0.990634 0.841085 0
304 3
0.865241 0.990605 0
0.889535 0.989394 0
0.784767 0.989394 0
305 3
0.888916 0.106076 0
0.784765 0.004951 0
0.784769 0.106076 0
306 3
0.888916 0.106076 0
0.887890 0.004951 0
0.784765 0.004951 0
307 3
0.887940 0.229753 0
0.784769 0.106076 0
0.784764 0.229753 0
308 3
0.887940 0.229753 0
0.888916 0.106076 0
0.784769 0.106076 0
309 3
0.888222 0.316983 0
0.784764 0.229753 0
0.784772 0.316983 0
310 3
0.888222 0.316983 0
0.887940 0.229753 0
0.784764 0.229753 0
311 3
0.889515 0.456597 0
0.784772 0.316983 0
0.784767 0.456597 0
312 3
0.889515 0.456597 0
0.888222 0.316983 0
0.784772 0.316983 0
313 3
0.889103 0.580310 0
0.784767 0.456597 0
0.784769 0.580310 0
314 3
0.889103 0.580310 0
0.889515 0.456597 0
0.784767 0.456597 0
315 3
0.887956 0.706053 0
0.784769 0.580310 0
0.784764 0.706053 0
316 3
0.887956 0.706053 0
0.889103 0.580310 0
0.784769 0.580310 0
317 3
0.889535 0.989394 0
0.784764 0.706053 0
0.784767 0.989394 0
318 3
0.889535 0.989394 0
0.887956 0.706053 0
0.784764 0.706053 0
319 3
0.993987 0.825344 0
0.973206 0.696877 0
0.933529 0.696877 0
320 3
0.993987 0.825344 0
0.933529 0.696877 0
0.912748 0.825344 0
4
0.000000 0.000000 0.000000
0.000000 0.000000 0.000000
0.000000 0.000000 0.000000
1.000000 1.000000 1.000000
