2
1
hd_lelli
D:\3DBball\Objects\Heads\atlanta\hd_lellis.tga
305
0 3
0.555295 0.118908 0
0.631451 0.053943 0
0.540226 0.027252 0
1 3
0.555295 0.118908 0
0.540226 0.027252 0
0.631451 0.053943 0
2 3
0.540226 0.027252 0
0.493867 0.086346 0
0.555295 0.118908 0
3 3
0.555295 0.118908 0
0.493867 0.086346 0
0.540226 0.027252 0
4 3
0.453172 0.073718 0
0.493867 0.086346 0
0.540226 0.027252 0
5 3
0.493867 0.086346 0
0.453172 0.073718 0
0.540226 0.027252 0
6 3
0.953298 0.454455 0
0.854284 0.454455 0
0.903893 0.528051 0
7 3
0.850193 0.602839 0
0.903893 0.528051 0
0.854284 0.454455 0
8 3
0.950965 0.602839 0
0.903893 0.528051 0
0.850193 0.602839 0
9 3
0.953298 0.454455 0
0.903893 0.528051 0
0.950965 0.602839 0
10 3
0.708470 0.361168 0
0.725442 0.165622 0
0.656737 0.282226 0
11 3
0.771522 0.301817 0
0.725442 0.165622 0
0.708470 0.361168 0
12 3
0.708470 0.361168 0
0.725442 0.165622 0
0.771522 0.301817 0
13 3
0.656737 0.282226 0
0.725442 0.165622 0
0.708470 0.361168 0
14 3
0.697485 0.493477 0
0.771522 0.301817 0
0.809053 0.465818 0
15 3
0.716503 0.569960 0
0.745965 0.534797 0
0.697485 0.493477 0
16 3
0.745965 0.534797 0
0.809053 0.465818 0
0.697485 0.493477 0
17 3
0.697485 0.493477 0
0.745965 0.534797 0
0.716503 0.569960 0
18 3
0.697485 0.493477 0
0.809053 0.465818 0
0.745965 0.534797 0
19 3
0.809053 0.465818 0
0.771522 0.301817 0
0.697485 0.493477 0
20 3
0.771522 0.301817 0
0.708470 0.361168 0
0.697485 0.493477 0
21 3
0.708470 0.361168 0
0.771522 0.301817 0
0.697485 0.493477 0
22 3
0.575469 0.450176 0
0.656737 0.282226 0
0.473320 0.363560 0
23 3
0.575469 0.450176 0
0.473320 0.363560 0
0.531887 0.498633 0
24 3
0.575475 0.450188 0
0.473320 0.363560 0
0.656737 0.282226 0
25 3
0.531887 0.498633 0
0.473320 0.363560 0
0.575475 0.450188 0
26 3
0.473320 0.363560 0
0.600513 0.203874 0
0.555295 0.118908 0
27 3
0.473320 0.363560 0
0.555295 0.118908 0
0.416279 0.242147 0
28 3
0.555295 0.118908 0
0.493867 0.086346 0
0.416279 0.242147 0
29 3
0.473320 0.363560 0
0.555295 0.118908 0
0.600513 0.203874 0
30 3
0.416279 0.242147 0
0.555295 0.118908 0
0.473320 0.363560 0
31 3
0.416279 0.242147 0
0.493867 0.086346 0
0.555295 0.118908 0
32 3
0.883454 0.431736 0
0.750581 0.325027 0
0.803815 0.486551 0
33 3
0.845640 0.224513 0
0.750581 0.325027 0
0.883454 0.431736 0
34 3
0.845640 0.224513 0
0.703417 0.192897 0
0.750581 0.325027 0
35 3
0.845640 0.224513 0
0.814053 0.102209 0
0.703417 0.192897 0
36 3
0.914667 0.623135 0
0.792179 0.498437 0
0.837560 0.675016 0
37 3
0.914667 0.623135 0
0.854342 0.459655 0
0.792179 0.498437 0
38 3
0.870714 0.677801 0
0.809053 0.465818 0
0.745965 0.534797 0
39 3
0.745965 0.534797 0
0.809053 0.465818 0
0.870714 0.677801 0
40 3
0.757421 0.780520 0
0.870714 0.677801 0
0.745965 0.534797 0
41 3
0.757421 0.780520 0
0.745965 0.534797 0
0.870714 0.677801 0
42 3
0.757421 0.780520 0
0.745965 0.534797 0
0.716503 0.569960 0
43 3
0.757421 0.780520 0
0.716503 0.569960 0
0.745965 0.534797 0
44 3
0.950965 0.602839 0
0.850193 0.602839 0
0.850921 0.636191 0
45 3
0.950965 0.602839 0
0.850921 0.636191 0
0.953909 0.636191 0
46 3
0.600513 0.203874 0
0.473320 0.363560 0
0.656737 0.282226 0
47 3
0.473320 0.363560 0
0.600513 0.203874 0
0.656737 0.282226 0
48 3
0.932974 0.036566 0
0.932245 0.018282 0
0.883802 0.018213 0
49 3
0.883209 0.035978 0
0.932974 0.036566 0
0.883802 0.018213 0
50 3
0.945007 0.037139 0
0.991947 0.018818 0
0.944841 0.018905 0
51 3
0.993876 0.037264 0
0.991947 0.018818 0
0.945007 0.037139 0
52 3
0.936565 0.065570 0
0.932974 0.036566 0
0.883209 0.035978 0
53 3
0.605601 0.475421 0
0.708470 0.361168 0
0.575469 0.450176 0
54 3
0.619422 0.524287 0
0.708470 0.361168 0
0.605601 0.475421 0
55 3
0.605649 0.475331 0
0.708470 0.361168 0
0.619422 0.524287 0
56 3
0.575475 0.450188 0
0.708470 0.361168 0
0.605649 0.475331 0
57 3
0.993876 0.037264 0
0.945007 0.037139 0
0.944605 0.065570 0
58 3
0.240396 0.760140 0
0.221050 0.663803 0
0.262502 0.750530 0
59 3
0.078438 0.759679 0
0.053416 0.750530 0
0.094171 0.663803 0
60 3
0.236500 0.881903 0
0.205508 0.871853 0
0.240396 0.760140 0
61 3
0.083647 0.881868 0
0.078438 0.759679 0
0.118578 0.872275 0
62 3
0.205508 0.871853 0
0.217119 0.943735 0
0.157672 0.938347 0
63 3
0.118578 0.872275 0
0.205508 0.871853 0
0.157672 0.938347 0
64 3
0.083647 0.881868 0
0.118578 0.872275 0
0.097361 0.943735 0
65 3
0.097361 0.943735 0
0.118578 0.872275 0
0.157672 0.938347 0
66 3
0.236500 0.881903 0
0.217119 0.943735 0
0.205508 0.871853 0
67 3
0.078438 0.759679 0
0.083647 0.881868 0
0.053416 0.750530 0
68 3
0.240396 0.760140 0
0.262502 0.750530 0
0.236500 0.881903 0
69 3
0.205508 0.871853 0
0.200560 0.844528 0
0.240396 0.760140 0
70 3
0.200560 0.844528 0
0.205508 0.871853 0
0.118578 0.872275 0
71 3
0.200560 0.844528 0
0.118578 0.872275 0
0.123443 0.844526 0
72 3
0.200560 0.844528 0
0.123443 0.844526 0
0.163085 0.772397 0
73 3
0.123443 0.844526 0
0.126527 0.769187 0
0.163085 0.772397 0
74 3
0.078438 0.759679 0
0.123443 0.844526 0
0.118578 0.872275 0
75 3
0.200560 0.844528 0
0.163085 0.772397 0
0.201146 0.769190 0
76 3
0.200560 0.844528 0
0.201146 0.769190 0
0.240396 0.760140 0
77 3
0.078438 0.759679 0
0.126527 0.769187 0
0.123443 0.844526 0
78 3
0.078438 0.759679 0
0.094171 0.663803 0
0.126570 0.768702 0
79 3
0.221050 0.663803 0
0.201104 0.768670 0
0.182416 0.692277 0
80 3
0.182416 0.692277 0
0.201104 0.768670 0
0.132681 0.692062 0
81 3
0.201104 0.768670 0
0.126570 0.768702 0
0.132681 0.692062 0
82 3
0.132681 0.692062 0
0.126570 0.768702 0
0.094171 0.663803 0
83 3
0.240396 0.760140 0
0.201104 0.768670 0
0.221050 0.663803 0
84 3
0.498390 0.790272 0
0.579804 0.704150 0
0.524620 0.731964 0
85 3
0.647084 0.719946 0
0.579804 0.704150 0
0.498390 0.790272 0
86 3
0.936082 0.162898 0
0.936059 0.121805 0
0.884055 0.121320 0
87 3
0.884055 0.121320 0
0.885532 0.163634 0
0.936082 0.162898 0
88 3
0.498390 0.790272 0
0.579804 0.704150 0
0.647084 0.719946 0
89 3
0.498390 0.790272 0
0.524620 0.731964 0
0.579804 0.704150 0
90 3
0.990073 0.163759 0
0.991669 0.121712 0
0.943750 0.121805 0
91 3
0.990073 0.163759 0
0.943750 0.121805 0
0.943609 0.162898 0
92 3
0.657214 0.987712 0
0.642007 0.822280 0
0.517342 0.988529 0
93 3
0.517342 0.988529 0
0.642007 0.822280 0
0.538275 0.824743 0
94 3
0.517342 0.988529 0
0.642007 0.822280 0
0.657214 0.987712 0
95 3
0.517342 0.988529 0
0.538275 0.824743 0
0.642007 0.822280 0
96 3
0.658858 0.988997 0
0.726983 0.987708 0
0.726983 0.987708 0
97 3
0.520178 0.988640 0
0.658858 0.988997 0
0.657214 0.987712 0
98 3
0.517342 0.988529 0
0.520178 0.988640 0
0.657214 0.987712 0
99 3
0.465913 0.988380 0
0.520178 0.988640 0
0.517342 0.988529 0
100 3
0.658858 0.988997 0
0.520178 0.988640 0
0.657214 0.987712 0
101 3
0.520178 0.988640 0
0.517342 0.988529 0
0.657214 0.987712 0
102 3
0.520178 0.988640 0
0.465913 0.988380 0
0.517342 0.988529 0
103 3
0.657214 0.987712 0
0.642007 0.822280 0
0.726983 0.987708 0
104 3
0.642007 0.822280 0
0.710388 0.821489 0
0.726983 0.987708 0
105 3
0.538275 0.824743 0
0.647084 0.719946 0
0.642007 0.822280 0
106 3
0.642007 0.822280 0
0.647084 0.719946 0
0.705046 0.728868 0
107 3
0.642007 0.822280 0
0.705046 0.728868 0
0.710388 0.821489 0
108 3
0.399586 0.977312 0
0.399586 0.977312 0
0.455913 0.970727 0
109 3
0.399586 0.977312 0
0.455913 0.970727 0
0.455913 0.970727 0
110 3
0.465913 0.988380 0
0.455913 0.970727 0
0.455913 0.970727 0
111 3
0.465913 0.988380 0
0.455913 0.970727 0
0.465913 0.988380 0
112 3
0.520178 0.988640 0
0.465913 0.988380 0
0.465913 0.988380 0
113 3
0.600513 0.203874 0
0.631451 0.053943 0
0.725442 0.165622 0
114 3
0.600513 0.203874 0
0.555295 0.118908 0
0.631451 0.053943 0
115 3
0.725442 0.165622 0
0.631451 0.053943 0
0.600513 0.203874 0
116 3
0.600513 0.203874 0
0.631451 0.053943 0
0.555295 0.118908 0
117 3
0.784440 0.006153 0
0.683562 0.004312 0
0.670004 0.101249 0
118 3
0.814053 0.102209 0
0.784440 0.006153 0
0.670004 0.101249 0
119 3
0.814053 0.102209 0
0.670004 0.101249 0
0.703417 0.192897 0
120 3
0.953262 0.660159 0
0.850921 0.636191 0
0.851032 0.660159 0
121 3
0.953262 0.660159 0
0.953909 0.636191 0
0.850921 0.636191 0
122 3
0.949790 0.686717 0
0.851032 0.660159 0
0.851487 0.686717 0
123 3
0.949790 0.686717 0
0.953262 0.660159 0
0.851032 0.660159 0
124 3
0.947134 0.814962 0
0.851487 0.686717 0
0.847987 0.814962 0
125 3
0.947134 0.814962 0
0.949790 0.686717 0
0.851487 0.686717 0
126 3
0.947870 0.987306 0
0.847987 0.814962 0
0.854165 0.987306 0
127 3
0.947870 0.987306 0
0.947134 0.814962 0
0.847987 0.814962 0
128 3
0.538275 0.824743 0
0.647084 0.719946 0
0.498390 0.790272 0
129 3
0.619422 0.524287 0
0.697485 0.493477 0
0.708470 0.361168 0
130 3
0.575469 0.450176 0
0.708470 0.361168 0
0.656737 0.282226 0
131 3
0.650368 0.630453 0
0.704670 0.665064 0
0.716503 0.569960 0
132 3
0.650368 0.630453 0
0.716503 0.569960 0
0.697485 0.493477 0
133 3
0.615915 0.610513 0
0.650368 0.630453 0
0.697485 0.493477 0
134 3
0.615915 0.610513 0
0.697485 0.493477 0
0.619422 0.524287 0
135 3
0.647084 0.719946 0
0.705046 0.728868 0
0.704670 0.665064 0
136 3
0.647084 0.719946 0
0.704670 0.665064 0
0.650368 0.630453 0
137 3
0.579804 0.704150 0
0.647084 0.719946 0
0.650368 0.630453 0
138 3
0.579804 0.704150 0
0.650368 0.630453 0
0.615915 0.610513 0
139 3
0.465913 0.988380 0
0.517342 0.988529 0
0.455913 0.970727 0
140 3
0.455913 0.970727 0
0.517342 0.988529 0
0.487386 0.932148 0
141 3
0.658858 0.988997 0
0.726983 0.987708 0
0.657214 0.987712 0
142 3
0.524620 0.731964 0
0.524383 0.721623 0
0.522597 0.621047 0
143 3
0.522597 0.621047 0
0.524383 0.721623 0
0.576086 0.693460 0
144 3
0.522597 0.621047 0
0.576086 0.693460 0
0.610741 0.605928 0
145 3
0.522597 0.621047 0
0.610741 0.605928 0
0.614606 0.526968 0
146 3
0.523286 0.564865 0
0.522597 0.621047 0
0.614606 0.526968 0
147 3
0.523286 0.564865 0
0.614606 0.526968 0
0.601145 0.479868 0
148 3
0.523286 0.564865 0
0.601145 0.479868 0
0.572689 0.457449 0
149 3
0.523286 0.564865 0
0.572689 0.457449 0
0.531887 0.498633 0
150 3
0.930146 0.004553 0
0.883802 0.018213 0
0.932245 0.018282 0
151 3
0.881685 0.065896 0
0.936565 0.065570 0
0.883209 0.035978 0
152 3
0.934590 0.095247 0
0.936565 0.065570 0
0.881685 0.065896 0
153 3
0.934590 0.095247 0
0.881685 0.065896 0
0.880617 0.095037 0
154 3
0.936059 0.121805 0
0.934590 0.095247 0
0.880617 0.095037 0
155 3
0.936059 0.121805 0
0.880617 0.095037 0
0.884055 0.121320 0
156 3
0.657214 0.987712 0
0.726983 0.987708 0
0.642007 0.822280 0
157 3
0.642007 0.822280 0
0.726983 0.987708 0
0.710388 0.821489 0
158 3
0.538275 0.824743 0
0.642007 0.822280 0
0.647084 0.719946 0
159 3
0.642007 0.822280 0
0.705046 0.728868 0
0.647084 0.719946 0
160 3
0.399586 0.977312 0
0.455913 0.970727 0
0.402387 0.918232 0
161 3
0.455913 0.970727 0
0.487386 0.932148 0
0.402387 0.918232 0
162 3
0.487386 0.932148 0
0.498390 0.790272 0
0.402387 0.918232 0
163 3
0.487386 0.932148 0
0.538275 0.824743 0
0.498390 0.790272 0
164 3
0.423919 0.100200 0
0.493867 0.086346 0
0.453172 0.073718 0
165 3
0.161685 0.197943 0
0.061098 0.005813 0
0.159779 0.035024 0
166 3
0.161685 0.197943 0
0.058232 0.195126 0
0.061098 0.005813 0
167 3
0.487386 0.932148 0
0.517342 0.988529 0
0.538275 0.824743 0
168 3
0.642007 0.822280 0
0.710388 0.821489 0
0.705046 0.728868 0
169 3
0.656737 0.282226 0
0.725442 0.165622 0
0.600513 0.203874 0
170 3
0.453171 0.586765 0
0.402387 0.918232 0
0.498390 0.790272 0
171 3
0.453171 0.586765 0
0.524620 0.731964 0
0.522597 0.621047 0
172 3
0.524620 0.731964 0
0.453171 0.586765 0
0.498390 0.790272 0
173 3
0.453171 0.586765 0
0.523286 0.564865 0
0.531887 0.498633 0
174 3
0.453171 0.586765 0
0.522597 0.621047 0
0.523286 0.564865 0
175 3
0.127802 0.487484 0
0.136171 0.384111 0
0.143992 0.454662 0
176 3
0.082611 0.457251 0
0.087121 0.374983 0
0.136171 0.384111 0
177 3
0.127802 0.487484 0
0.082611 0.457251 0
0.136171 0.384111 0
178 3
0.053249 0.487197 0
0.037985 0.479931 0
0.046909 0.370517 0
179 3
0.082611 0.457251 0
0.053437 0.486931 0
0.047957 0.371720 0
180 3
0.087121 0.374983 0
0.082611 0.457251 0
0.047957 0.371720 0
181 3
0.143229 0.669888 0
0.094171 0.663803 0
0.144150 0.608766 0
182 3
0.132681 0.692062 0
0.094171 0.663803 0
0.143229 0.669888 0
183 3
0.391849 0.471328 0
0.453171 0.586765 0
0.531887 0.498633 0
184 3
0.391849 0.471328 0
0.531887 0.498633 0
0.473320 0.363560 0
185 3
0.359224 0.383420 0
0.473320 0.363560 0
0.416279 0.242147 0
186 3
0.359224 0.383420 0
0.391849 0.471328 0
0.473320 0.363560 0
187 3
0.136171 0.384111 0
0.087121 0.374983 0
0.058232 0.195126 0
188 3
0.136171 0.384111 0
0.058232 0.195126 0
0.161685 0.197943 0
189 3
0.144613 0.491953 0
0.127802 0.487484 0
0.143992 0.454662 0
190 3
0.087121 0.374983 0
0.047957 0.371720 0
0.058232 0.195126 0
191 3
0.453171 0.586765 0
0.391849 0.471328 0
0.365170 0.634888 0
192 3
0.037985 0.479931 0
0.053249 0.487197 0
0.037045 0.628436 0
193 3
0.053437 0.486931 0
0.082134 0.505064 0
0.038444 0.621737 0
194 3
0.082134 0.505064 0
0.082611 0.457251 0
0.127802 0.487484 0
195 3
0.053437 0.486931 0
0.082611 0.457251 0
0.082134 0.505064 0
196 3
0.082134 0.505064 0
0.127802 0.487484 0
0.102036 0.611422 0
197 3
0.082134 0.505064 0
0.102036 0.611422 0
0.038444 0.621737 0
198 3
0.038444 0.621737 0
0.102036 0.611422 0
0.094171 0.663803 0
199 3
0.365170 0.634888 0
0.356514 0.757760 0
0.453171 0.586765 0
200 3
0.094171 0.663803 0
0.053416 0.750530 0
0.038444 0.621737 0
201 3
0.453171 0.586765 0
0.356514 0.757760 0
0.402387 0.918232 0
202 3
0.143484 0.555863 0
0.102036 0.611422 0
0.144613 0.491953 0
203 3
0.102036 0.611422 0
0.144150 0.608766 0
0.094171 0.663803 0
204 3
0.143484 0.555863 0
0.144150 0.608766 0
0.102036 0.611422 0
205 3
0.102036 0.611422 0
0.127802 0.487484 0
0.144613 0.491953 0
206 3
0.538275 0.824743 0
0.498390 0.790272 0
0.647084 0.719946 0
207 3
0.619422 0.524287 0
0.708470 0.361168 0
0.697485 0.493477 0
208 3
0.575475 0.450188 0
0.656737 0.282226 0
0.708470 0.361168 0
209 3
0.650368 0.630453 0
0.716503 0.569960 0
0.704670 0.665064 0
210 3
0.650368 0.630453 0
0.697485 0.493477 0
0.716503 0.569960 0
211 3
0.615915 0.610513 0
0.697485 0.493477 0
0.650368 0.630453 0
212 3
0.615915 0.610513 0
0.619422 0.524287 0
0.697485 0.493477 0
213 3
0.647084 0.719946 0
0.704670 0.665064 0
0.705046 0.728868 0
214 3
0.647084 0.719946 0
0.650368 0.630453 0
0.704670 0.665064 0
215 3
0.579804 0.704150 0
0.650368 0.630453 0
0.647084 0.719946 0
216 3
0.579804 0.704150 0
0.615915 0.610513 0
0.650368 0.630453 0
217 3
0.465913 0.988380 0
0.455913 0.970727 0
0.517342 0.988529 0
218 3
0.455913 0.970727 0
0.487386 0.932148 0
0.517342 0.988529 0
219 3
0.658858 0.988997 0
0.657214 0.987712 0
0.726983 0.987708 0
220 3
0.524620 0.731964 0
0.522597 0.621047 0
0.524500 0.721863 0
221 3
0.522597 0.621047 0
0.575335 0.693026 0
0.524500 0.721863 0
222 3
0.522597 0.621047 0
0.610741 0.605928 0
0.575335 0.693026 0
223 3
0.522597 0.621047 0
0.614413 0.527055 0
0.610741 0.605928 0
224 3
0.523286 0.564865 0
0.614413 0.527055 0
0.522597 0.621047 0
225 3
0.523286 0.564865 0
0.601078 0.479972 0
0.614413 0.527055 0
226 3
0.523286 0.564865 0
0.572699 0.457426 0
0.601078 0.479972 0
227 3
0.523286 0.564865 0
0.531887 0.498633 0
0.572699 0.457426 0
228 3
0.944218 0.005786 0
0.944841 0.018905 0
0.991947 0.018818 0
229 3
0.995401 0.066558 0
0.993876 0.037264 0
0.944605 0.065570 0
230 3
0.945218 0.095863 0
0.995401 0.066558 0
0.944605 0.065570 0
231 3
0.945218 0.095863 0
0.993828 0.096887 0
0.995401 0.066558 0
232 3
0.943750 0.121805 0
0.993828 0.096887 0
0.945218 0.095863 0
233 3
0.943750 0.121805 0
0.991669 0.121712 0
0.993828 0.096887 0
234 3
0.399586 0.977312 0
0.402387 0.918232 0
0.455913 0.970727 0
235 3
0.455913 0.970727 0
0.402387 0.918232 0
0.487386 0.932148 0
236 3
0.487386 0.932148 0
0.402387 0.918232 0
0.498390 0.790272 0
237 3
0.487386 0.932148 0
0.498390 0.790272 0
0.538275 0.824743 0
238 3
0.423919 0.100200 0
0.453172 0.073718 0
0.493867 0.086346 0
239 3
0.161685 0.197943 0
0.159779 0.035024 0
0.250909 0.005813 0
240 3
0.161685 0.197943 0
0.250909 0.005813 0
0.254672 0.195126 0
241 3
0.487386 0.932148 0
0.538275 0.824743 0
0.517342 0.988529 0
242 3
0.656737 0.282226 0
0.600513 0.203874 0
0.725442 0.165622 0
243 3
0.453171 0.586765 0
0.498390 0.790272 0
0.402387 0.918232 0
244 3
0.453171 0.586765 0
0.522597 0.621047 0
0.524620 0.731964 0
245 3
0.524620 0.731964 0
0.498390 0.790272 0
0.453171 0.586765 0
246 3
0.453171 0.586765 0
0.531887 0.498633 0
0.523286 0.564865 0
247 3
0.453171 0.586765 0
0.523286 0.564865 0
0.522597 0.621047 0
248 3
0.187322 0.487484 0
0.171441 0.454662 0
0.179263 0.384111 0
249 3
0.232823 0.457251 0
0.179263 0.384111 0
0.228734 0.374983 0
250 3
0.187322 0.487484 0
0.179263 0.384111 0
0.232823 0.457251 0
251 3
0.264774 0.482896 0
0.268315 0.370517 0
0.279208 0.479931 0
252 3
0.232823 0.457251 0
0.267732 0.371720 0
0.265949 0.484781 0
253 3
0.228734 0.374983 0
0.267732 0.371720 0
0.232823 0.457251 0
254 3
0.143229 0.669888 0
0.172024 0.608821 0
0.172177 0.669888 0
255 3
0.143229 0.669888 0
0.144150 0.608766 0
0.172024 0.608821 0
256 3
0.172177 0.669888 0
0.172024 0.608821 0
0.221050 0.663803 0
257 3
0.132681 0.692062 0
0.172177 0.669888 0
0.182416 0.692277 0
258 3
0.143229 0.669888 0
0.172177 0.669888 0
0.132681 0.692062 0
259 3
0.182416 0.692277 0
0.172177 0.669888 0
0.221050 0.663803 0
260 3
0.391849 0.471328 0
0.531887 0.498633 0
0.453171 0.586765 0
261 3
0.391849 0.471328 0
0.473320 0.363560 0
0.531887 0.498633 0
262 3
0.359224 0.383420 0
0.416279 0.242147 0
0.473320 0.363560 0
263 3
0.359224 0.383420 0
0.473320 0.363560 0
0.391849 0.471328 0
264 3
0.179263 0.384111 0
0.254672 0.195126 0
0.228734 0.374983 0
265 3
0.179263 0.384111 0
0.161685 0.197943 0
0.254672 0.195126 0
266 3
0.136171 0.384111 0
0.161685 0.197943 0
0.179263 0.384111 0
267 3
0.171048 0.491923 0
0.171441 0.454662 0
0.187322 0.487484 0
268 3
0.143992 0.454662 0
0.179263 0.384111 0
0.171441 0.454662 0
269 3
0.143992 0.454662 0
0.136171 0.384111 0
0.179263 0.384111 0
270 3
0.144613 0.491953 0
0.171441 0.454662 0
0.171048 0.491923 0
271 3
0.143992 0.454662 0
0.171441 0.454662 0
0.144613 0.491953 0
272 3
0.228734 0.374983 0
0.254672 0.195126 0
0.267732 0.371720 0
273 3
0.453171 0.586765 0
0.365170 0.634888 0
0.391849 0.471328 0
274 3
0.279208 0.479931 0
0.284142 0.621985 0
0.264774 0.482896 0
275 3
0.265949 0.484781 0
0.283723 0.621737 0
0.233300 0.505064 0
276 3
0.233300 0.505064 0
0.187322 0.487484 0
0.232823 0.457251 0
277 3
0.265949 0.484781 0
0.233300 0.505064 0
0.232823 0.457251 0
278 3
0.233300 0.505064 0
0.214622 0.611422 0
0.187322 0.487484 0
279 3
0.233300 0.505064 0
0.283723 0.621737 0
0.214622 0.611422 0
280 3
0.283723 0.621737 0
0.221050 0.663803 0
0.214622 0.611422 0
281 3
0.365170 0.634888 0
0.453171 0.586765 0
0.356514 0.757760 0
282 3
0.221050 0.663803 0
0.283723 0.621737 0
0.262502 0.750530 0
283 3
0.453171 0.586765 0
0.402387 0.918232 0
0.356514 0.757760 0
284 3
0.172151 0.555885 0
0.171048 0.491923 0
0.214622 0.611422 0
285 3
0.214622 0.611422 0
0.221050 0.663803 0
0.172024 0.608821 0
286 3
0.172151 0.555885 0
0.214622 0.611422 0
0.172024 0.608821 0
287 3
0.172151 0.555885 0
0.172024 0.608821 0
0.144150 0.608766 0
288 3
0.143484 0.555863 0
0.172151 0.555885 0
0.144150 0.608766 0
289 3
0.171048 0.491923 0
0.172151 0.555885 0
0.143484 0.555863 0
290 3
0.144613 0.491953 0
0.171048 0.491923 0
0.143484 0.555863 0
291 3
0.214622 0.611422 0
0.171048 0.491923 0
0.187322 0.487484 0
292 3
0.340477 0.868420 0
0.402387 0.918232 0
0.333578 0.928734 0
293 3
0.356514 0.757760 0
0.402387 0.918232 0
0.340477 0.868420 0
294 3
0.340473 0.868387 0
0.402387 0.918232 0
0.356514 0.757760 0
295 3
0.333578 0.928734 0
0.402387 0.918232 0
0.340473 0.868387 0
296 3
0.336199 0.974974 0
0.336199 0.974974 0
0.399586 0.977312 0
297 3
0.157672 0.938347 0
0.124715 0.994778 0
0.097361 0.943735 0
298 3
0.157672 0.938347 0
0.217119 0.943735 0
0.190612 0.994778 0
299 3
0.124715 0.994778 0
0.157672 0.938347 0
0.190612 0.994778 0
300 3
0.399586 0.977312 0
0.336199 0.974974 0
0.399586 0.977312 0
301 3
0.333578 0.928734 0
0.336199 0.974974 0
0.399586 0.977312 0
302 3
0.333578 0.928734 0
0.399586 0.977312 0
0.402387 0.918232 0
303 3
0.333578 0.928734 0
0.399586 0.977312 0
0.336199 0.974974 0
304 3
0.333578 0.928734 0
0.402387 0.918232 0
0.399586 0.977312 0
4
0.000000 0.000000 0.000000
0.000000 0.000000 0.000000
0.000000 0.000000 0.000000
1.000000 1.000000 1.000000
