2
1
hd_mlync
D:\3DBball\Objects\Heads\midway\hd_mlync.tga
314
0 3
0.612891 0.989019 0
0.644204 0.961434 0
0.717766 0.971381 0
1 3
0.612891 0.989019 0
0.717766 0.971381 0
0.708564 1.001107 0
2 3
0.708564 1.001107 0
0.717766 0.971381 0
0.712430 0.997627 0
3 3
0.708564 1.001107 0
0.717766 0.971381 0
0.717766 0.971381 0
4 3
0.717766 0.971381 0
0.644219 0.961389 0
0.615755 0.987452 0
5 3
0.615755 0.987452 0
0.712430 0.997627 0
0.717766 0.971381 0
6 3
0.612891 0.989019 0
0.540913 0.828026 0
0.644204 0.961434 0
7 3
0.612891 0.989019 0
0.708564 1.001107 0
0.628269 0.921001 0
8 3
0.612891 0.989019 0
0.628269 0.921001 0
0.540913 0.828026 0
9 3
0.708564 1.001107 0
0.712430 0.997627 0
0.628269 0.921001 0
10 3
0.708564 1.001107 0
0.628269 0.921001 0
0.628269 0.921001 0
11 3
0.615755 0.987452 0
0.644219 0.961389 0
0.540913 0.828026 0
12 3
0.628269 0.921001 0
0.712430 0.997627 0
0.615755 0.987452 0
13 3
0.615755 0.987452 0
0.540913 0.828026 0
0.628269 0.921001 0
14 3
0.265092 0.047741 0
0.363867 0.016833 0
0.332253 0.008754 0
15 3
0.265092 0.047741 0
0.332253 0.008754 0
0.257047 0.038080 0
16 3
0.257047 0.038080 0
0.332253 0.008754 0
0.265092 0.047741 0
17 3
0.332253 0.008754 0
0.363867 0.016833 0
0.265092 0.047741 0
18 3
0.332253 0.008754 0
0.439391 0.006569 0
0.363867 0.016833 0
19 3
0.363867 0.016833 0
0.439391 0.006569 0
0.332253 0.008754 0
20 3
0.360344 0.063391 0
0.363867 0.016833 0
0.265092 0.047741 0
21 3
0.265092 0.047741 0
0.363867 0.016833 0
0.360344 0.063391 0
22 3
0.439391 0.006569 0
0.456843 0.025550 0
0.363867 0.016833 0
23 3
0.363867 0.016833 0
0.456843 0.025550 0
0.439391 0.006569 0
24 3
0.547828 0.671946 0
0.525106 0.742095 0
0.644219 0.961389 0
25 3
0.547828 0.671946 0
0.644204 0.961434 0
0.525106 0.742095 0
26 3
0.644219 0.961389 0
0.525106 0.742095 0
0.540913 0.828026 0
27 3
0.420933 0.825124 0
0.428071 0.891100 0
0.452133 0.807098 0
28 3
0.537046 0.962301 0
0.452133 0.807098 0
0.428071 0.891100 0
29 3
0.420933 0.825124 0
0.452133 0.807098 0
0.428071 0.891100 0
30 3
0.644204 0.961434 0
0.540913 0.828026 0
0.525106 0.742095 0
31 3
0.428071 0.891100 0
0.452133 0.807098 0
0.537046 0.962301 0
32 3
0.417669 0.211997 0
0.383821 0.252882 0
0.454635 0.307464 0
33 3
0.417669 0.211997 0
0.365894 0.168877 0
0.383821 0.252882 0
34 3
0.383821 0.252882 0
0.365894 0.168877 0
0.417669 0.211997 0
35 3
0.383821 0.252882 0
0.417669 0.211997 0
0.454635 0.307464 0
36 3
0.454635 0.307464 0
0.383821 0.252882 0
0.411532 0.416754 0
37 3
0.383821 0.252882 0
0.454635 0.307464 0
0.411532 0.416754 0
38 3
0.520302 0.994147 0
0.537046 0.962301 0
0.457524 0.991798 0
39 3
0.457524 0.991798 0
0.537046 0.962301 0
0.428071 0.891100 0
40 3
0.457524 0.991798 0
0.537046 0.962301 0
0.520302 0.994147 0
41 3
0.457524 0.991798 0
0.428071 0.891100 0
0.537046 0.962301 0
42 3
0.460782 0.989866 0
0.521022 0.993792 0
0.520302 0.994147 0
43 3
0.457524 0.991798 0
0.460782 0.989866 0
0.520302 0.994147 0
44 3
0.521022 0.993792 0
0.460782 0.989866 0
0.520302 0.994147 0
45 3
0.460782 0.989866 0
0.457524 0.991798 0
0.520302 0.994147 0
46 3
0.365894 0.168877 0
0.360344 0.063391 0
0.417669 0.211997 0
47 3
0.417669 0.211997 0
0.360344 0.063391 0
0.365894 0.168877 0
48 3
0.365821 0.168476 0
0.310744 0.090241 0
0.316167 0.207479 0
49 3
0.316167 0.207479 0
0.382691 0.254485 0
0.365821 0.168476 0
50 3
0.309707 0.089432 0
0.365894 0.168877 0
0.360344 0.063391 0
51 3
0.175392 0.033964 0
0.047183 0.093522 0
0.097470 0.036658 0
52 3
0.360344 0.063391 0
0.265092 0.047741 0
0.309707 0.089432 0
53 3
0.365821 0.168476 0
0.316167 0.207479 0
0.310744 0.090241 0
54 3
0.316167 0.207479 0
0.365821 0.168476 0
0.382691 0.254485 0
55 3
0.309707 0.089432 0
0.360344 0.063391 0
0.365894 0.168877 0
56 3
0.175392 0.033964 0
0.252903 0.036658 0
0.310594 0.089221 0
57 3
0.360344 0.063391 0
0.309707 0.089432 0
0.265092 0.047741 0
58 3
0.484287 0.385217 0
0.454635 0.307464 0
0.411532 0.416754 0
59 3
0.411532 0.416754 0
0.454635 0.307464 0
0.484339 0.385481 0
60 3
0.513119 0.565742 0
0.591881 0.364334 0
0.484287 0.385217 0
61 3
0.484339 0.385481 0
0.591881 0.364334 0
0.512883 0.565815 0
62 3
0.438427 0.742850 0
0.420933 0.825124 0
0.452133 0.807098 0
63 3
0.452133 0.807098 0
0.460705 0.763359 0
0.438427 0.742850 0
64 3
0.987419 0.923953 0
0.987424 0.842882 0
0.954218 0.844043 0
65 3
0.954218 0.844043 0
0.953596 0.923211 0
0.987419 0.923953 0
66 3
0.452133 0.807098 0
0.420933 0.825124 0
0.438427 0.742850 0
67 3
0.438427 0.742850 0
0.460705 0.763359 0
0.452133 0.807098 0
68 3
0.985197 0.617791 0
0.984672 0.538191 0
0.952510 0.538713 0
69 3
0.985197 0.617791 0
0.952510 0.538713 0
0.952598 0.617565 0
70 3
0.521022 0.993792 0
0.542835 0.996397 0
0.542835 0.996397 0
71 3
0.520302 0.994147 0
0.537046 0.962301 0
0.542835 0.996397 0
72 3
0.699285 0.188529 0
0.540533 0.110834 0
0.654644 0.108419 0
73 3
0.562968 0.191162 0
0.540533 0.110834 0
0.699285 0.188529 0
74 3
0.562968 0.191162 0
0.436250 0.105491 0
0.540533 0.110834 0
75 3
0.417669 0.211997 0
0.436250 0.105491 0
0.562968 0.191162 0
76 3
0.417669 0.211997 0
0.360344 0.063391 0
0.436250 0.105491 0
77 3
0.890541 0.186330 0
0.703069 0.104012 0
0.701142 0.186330 0
78 3
0.890541 0.186330 0
0.883473 0.104012 0
0.703069 0.104012 0
79 3
0.699285 0.188529 0
0.540533 0.110834 0
0.562968 0.191162 0
80 3
0.699285 0.188529 0
0.654644 0.108419 0
0.540533 0.110834 0
81 3
0.562968 0.191162 0
0.436250 0.105491 0
0.417669 0.211997 0
82 3
0.562968 0.191162 0
0.540533 0.110834 0
0.436250 0.105491 0
83 3
0.417669 0.211997 0
0.436250 0.105491 0
0.360344 0.063391 0
84 3
0.853575 0.020554 0
0.788984 0.004341 0
0.726410 0.020554 0
85 3
0.883473 0.104012 0
0.853575 0.020554 0
0.726410 0.020554 0
86 3
0.883473 0.104012 0
0.726410 0.020554 0
0.703069 0.104012 0
87 3
0.891478 0.342990 0
0.701142 0.186330 0
0.700518 0.342990 0
88 3
0.891478 0.342990 0
0.890541 0.186330 0
0.701142 0.186330 0
89 3
0.897614 0.577353 0
0.700518 0.342990 0
0.703037 0.577353 0
90 3
0.897614 0.577353 0
0.891478 0.342990 0
0.700518 0.342990 0
91 3
0.896204 0.845623 0
0.703037 0.577353 0
0.712209 0.845623 0
92 3
0.896204 0.845623 0
0.897614 0.577353 0
0.703037 0.577353 0
93 3
0.902955 0.976017 0
0.712209 0.845623 0
0.719537 0.971716 0
94 3
0.902955 0.976017 0
0.896204 0.845623 0
0.712209 0.845623 0
95 3
0.513119 0.565742 0
0.603485 0.557862 0
0.591881 0.364334 0
96 3
0.484287 0.385217 0
0.591881 0.364334 0
0.454635 0.307464 0
97 3
0.625749 0.793020 0
0.712263 0.844097 0
0.703325 0.578061 0
98 3
0.625749 0.793020 0
0.703325 0.578061 0
0.603485 0.557862 0
99 3
0.546188 0.581883 0
0.625749 0.793020 0
0.603485 0.557862 0
100 3
0.546188 0.581883 0
0.603485 0.557862 0
0.513119 0.565742 0
101 3
0.644219 0.961389 0
0.717766 0.971381 0
0.712263 0.844097 0
102 3
0.644219 0.961389 0
0.712263 0.844097 0
0.625749 0.793020 0
103 3
0.625749 0.793020 0
0.547828 0.671946 0
0.644219 0.961389 0
104 3
0.547828 0.671946 0
0.625749 0.793020 0
0.546188 0.581883 0
105 3
0.521022 0.993792 0
0.542835 0.996397 0
0.520302 0.994147 0
106 3
0.987419 0.923953 0
0.953596 0.923211 0
0.971326 0.976251 0
107 3
0.448525 0.665379 0
0.449970 0.746081 0
0.504701 0.728190 0
108 3
0.448525 0.665379 0
0.504701 0.728190 0
0.536007 0.663031 0
109 3
0.448525 0.665379 0
0.536007 0.663031 0
0.545874 0.576514 0
110 3
0.468972 0.547727 0
0.448525 0.665379 0
0.545874 0.576514 0
111 3
0.469526 0.548044 0
0.513119 0.565742 0
0.484287 0.385217 0
112 3
0.469526 0.548044 0
0.484287 0.385217 0
0.411532 0.416754 0
113 3
0.987880 0.761031 0
0.969021 0.716591 0
0.953804 0.763399 0
114 3
0.987424 0.842882 0
0.987880 0.761031 0
0.953804 0.763399 0
115 3
0.987424 0.842882 0
0.953804 0.763399 0
0.954218 0.844043 0
116 3
0.436250 0.105491 0
0.456843 0.025550 0
0.363867 0.016833 0
117 3
0.360344 0.063391 0
0.436250 0.105491 0
0.363867 0.016833 0
118 3
0.520302 0.994147 0
0.542835 0.996397 0
0.537046 0.962301 0
119 3
0.603485 0.557862 0
0.703325 0.578061 0
0.701777 0.343875 0
120 3
0.603485 0.557862 0
0.701777 0.343875 0
0.591881 0.364334 0
121 3
0.701777 0.343875 0
0.699285 0.188529 0
0.562968 0.191162 0
122 3
0.701777 0.343875 0
0.562968 0.191162 0
0.591881 0.364334 0
123 3
0.654644 0.108419 0
0.618740 0.026220 0
0.511118 0.025312 0
124 3
0.654644 0.108419 0
0.511118 0.025312 0
0.540533 0.110834 0
125 3
0.511118 0.025312 0
0.618740 0.026220 0
0.439391 0.006569 0
126 3
0.456843 0.025550 0
0.511118 0.025312 0
0.439391 0.006569 0
127 3
0.454635 0.307464 0
0.591881 0.364334 0
0.562968 0.191162 0
128 3
0.454635 0.307464 0
0.562968 0.191162 0
0.417669 0.211997 0
129 3
0.436250 0.105491 0
0.540533 0.110834 0
0.511118 0.025312 0
130 3
0.436250 0.105491 0
0.511118 0.025312 0
0.456843 0.025550 0
131 3
0.512883 0.565815 0
0.591881 0.364334 0
0.603485 0.557862 0
132 3
0.484339 0.385481 0
0.454635 0.307464 0
0.591881 0.364334 0
133 3
0.625749 0.793020 0
0.703325 0.578061 0
0.712263 0.844097 0
134 3
0.625749 0.793020 0
0.603485 0.557862 0
0.703325 0.578061 0
135 3
0.546188 0.581883 0
0.603485 0.557862 0
0.625749 0.793020 0
136 3
0.546188 0.581883 0
0.512883 0.565815 0
0.603485 0.557862 0
137 3
0.644204 0.961434 0
0.712263 0.844097 0
0.717766 0.971381 0
138 3
0.644204 0.961434 0
0.625749 0.793020 0
0.712263 0.844097 0
139 3
0.644204 0.961434 0
0.547828 0.671946 0
0.625749 0.793020 0
140 3
0.547828 0.671946 0
0.546188 0.581883 0
0.625749 0.793020 0
141 3
0.521022 0.993792 0
0.520302 0.994147 0
0.542835 0.996397 0
142 3
0.952598 0.617565 0
0.968648 0.659805 0
0.985197 0.617791 0
143 3
0.448525 0.665379 0
0.503507 0.727581 0
0.450156 0.746418 0
144 3
0.448525 0.665379 0
0.536007 0.663031 0
0.503507 0.727581 0
145 3
0.448525 0.665379 0
0.545568 0.576637 0
0.536007 0.663031 0
146 3
0.468972 0.547727 0
0.545568 0.576637 0
0.448525 0.665379 0
147 3
0.469525 0.548044 0
0.484339 0.385481 0
0.512883 0.565815 0
148 3
0.469525 0.548044 0
0.411532 0.416754 0
0.484339 0.385481 0
149 3
0.952114 0.459361 0
0.985252 0.460877 0
0.967895 0.407980 0
150 3
0.952510 0.538713 0
0.985252 0.460877 0
0.952114 0.459361 0
151 3
0.952510 0.538713 0
0.984672 0.538191 0
0.985252 0.460877 0
152 3
0.436250 0.105491 0
0.363867 0.016833 0
0.456843 0.025550 0
153 3
0.360344 0.063391 0
0.363867 0.016833 0
0.436250 0.105491 0
154 3
0.603485 0.557862 0
0.701777 0.343875 0
0.703325 0.578061 0
155 3
0.603485 0.557862 0
0.591881 0.364334 0
0.701777 0.343875 0
156 3
0.701777 0.343875 0
0.562968 0.191162 0
0.699285 0.188529 0
157 3
0.701777 0.343875 0
0.591881 0.364334 0
0.562968 0.191162 0
158 3
0.654644 0.108419 0
0.511118 0.025312 0
0.618740 0.026220 0
159 3
0.654644 0.108419 0
0.540533 0.110834 0
0.511118 0.025312 0
160 3
0.511118 0.025312 0
0.439391 0.006569 0
0.618740 0.026220 0
161 3
0.456843 0.025550 0
0.439391 0.006569 0
0.511118 0.025312 0
162 3
0.454635 0.307464 0
0.562968 0.191162 0
0.591881 0.364334 0
163 3
0.454635 0.307464 0
0.417669 0.211997 0
0.562968 0.191162 0
164 3
0.436250 0.105491 0
0.511118 0.025312 0
0.540533 0.110834 0
165 3
0.436250 0.105491 0
0.456843 0.025550 0
0.511118 0.025312 0
166 3
0.438427 0.742850 0
0.349705 0.511038 0
0.420933 0.825124 0
167 3
0.438427 0.742850 0
0.420933 0.825124 0
0.349706 0.511038 0
168 3
0.214604 0.997254 0
0.213850 0.997395 0
0.370336 0.996990 0
169 3
0.370336 0.996990 0
0.214604 0.997254 0
0.370336 0.996990 0
170 3
0.212096 0.923519 0
0.144077 0.852841 0
0.217506 0.852136 0
171 3
0.212096 0.923519 0
0.148722 0.923519 0
0.144077 0.852841 0
172 3
0.213169 1.000010 0
0.148722 0.923519 0
0.212096 0.923519 0
173 3
0.149678 0.999879 0
0.148722 0.923519 0
0.213169 1.000010 0
174 3
0.095197 0.399334 0
0.055840 0.448153 0
0.040085 0.353075 0
175 3
0.259906 0.399334 0
0.314678 0.353075 0
0.299275 0.448153 0
176 3
0.399186 0.994706 0
0.460782 0.989866 0
0.457524 0.991798 0
177 3
0.460782 0.989866 0
0.399186 0.994706 0
0.457524 0.991798 0
178 3
0.399186 0.994706 0
0.370336 0.996990 0
0.370336 0.996990 0
179 3
0.399186 0.994706 0
0.370336 0.996990 0
0.399186 0.994706 0
180 3
0.460782 0.989866 0
0.399186 0.994706 0
0.399186 0.994706 0
181 3
0.399186 0.994706 0
0.457524 0.991798 0
0.370336 0.996990 0
182 3
0.370336 0.996990 0
0.457524 0.991798 0
0.396074 0.963302 0
183 3
0.396074 0.963302 0
0.428071 0.891100 0
0.420933 0.825124 0
184 3
0.179209 0.086684 0
0.047183 0.093522 0
0.175392 0.033964 0
185 3
0.179864 0.187467 0
0.047183 0.093522 0
0.179209 0.086684 0
186 3
0.179864 0.187467 0
0.043812 0.205810 0
0.047183 0.093522 0
187 3
0.396074 0.963302 0
0.457524 0.991798 0
0.428071 0.891100 0
188 3
0.349705 0.511038 0
0.438427 0.742850 0
0.446217 0.611230 0
189 3
0.349705 0.511038 0
0.468908 0.549140 0
0.411013 0.416881 0
190 3
0.349705 0.511038 0
0.446217 0.611230 0
0.468908 0.549140 0
191 3
0.141506 0.444467 0
0.144792 0.361914 0
0.165499 0.411057 0
192 3
0.095197 0.399334 0
0.092610 0.360252 0
0.144792 0.361914 0
193 3
0.141506 0.444467 0
0.095197 0.399334 0
0.144792 0.361914 0
194 3
0.055840 0.448153 0
0.031197 0.450994 0
0.040085 0.353075 0
195 3
0.092610 0.360252 0
0.095197 0.399334 0
0.040085 0.353075 0
196 3
0.164667 0.607288 0
0.126710 0.614934 0
0.165721 0.550960 0
197 3
0.163801 0.635167 0
0.126710 0.614934 0
0.164667 0.607288 0
198 3
0.323465 0.450708 0
0.349705 0.511038 0
0.411013 0.416881 0
199 3
0.323465 0.450708 0
0.411013 0.416881 0
0.382691 0.254485 0
200 3
0.314382 0.354940 0
0.382691 0.254485 0
0.316167 0.207479 0
201 3
0.314382 0.354940 0
0.323465 0.450708 0
0.382691 0.254485 0
202 3
0.144792 0.361914 0
0.092610 0.360252 0
0.043812 0.205810 0
203 3
0.144792 0.361914 0
0.043812 0.205810 0
0.179864 0.187467 0
204 3
0.166222 0.460307 0
0.141506 0.444467 0
0.165499 0.411057 0
205 3
0.092610 0.360252 0
0.040085 0.353075 0
0.043812 0.205810 0
206 3
0.349705 0.511038 0
0.323465 0.450708 0
0.310273 0.554469 0
207 3
0.031197 0.450994 0
0.055840 0.448153 0
0.044863 0.553823 0
208 3
0.055840 0.448153 0
0.094674 0.454605 0
0.044863 0.553823 0
209 3
0.094674 0.454605 0
0.095197 0.399334 0
0.141506 0.444467 0
210 3
0.055840 0.448153 0
0.095197 0.399334 0
0.094674 0.454605 0
211 3
0.094674 0.454605 0
0.141506 0.444467 0
0.131631 0.560010 0
212 3
0.094674 0.454605 0
0.131631 0.560010 0
0.044863 0.553823 0
213 3
0.044863 0.553823 0
0.131631 0.560010 0
0.126710 0.614934 0
214 3
0.165687 0.513019 0
0.131631 0.560010 0
0.166222 0.460307 0
215 3
0.131631 0.560010 0
0.165721 0.550960 0
0.126710 0.614934 0
216 3
0.165687 0.513019 0
0.165721 0.550960 0
0.131631 0.560010 0
217 3
0.131631 0.560010 0
0.141506 0.444467 0
0.166222 0.460307 0
218 3
0.399186 0.994706 0
0.370336 0.996990 0
0.457524 0.991798 0
219 3
0.370336 0.996990 0
0.396074 0.963302 0
0.457524 0.991798 0
220 3
0.396074 0.963302 0
0.420933 0.825124 0
0.428071 0.891100 0
221 3
0.179209 0.086684 0
0.175392 0.033964 0
0.310594 0.089221 0
222 3
0.179864 0.187467 0
0.179209 0.086684 0
0.310594 0.089221 0
223 3
0.179864 0.187467 0
0.310594 0.089221 0
0.314878 0.205810 0
224 3
0.396074 0.963302 0
0.428071 0.891100 0
0.457524 0.991798 0
225 3
0.349706 0.511038 0
0.446217 0.611230 0
0.438427 0.742850 0
226 3
0.349706 0.511038 0
0.411013 0.416881 0
0.468908 0.549140 0
227 3
0.349706 0.511038 0
0.468908 0.549140 0
0.446217 0.611230 0
228 3
0.213046 0.444467 0
0.193314 0.411057 0
0.210051 0.361914 0
229 3
0.259906 0.399334 0
0.210051 0.361914 0
0.262820 0.360252 0
230 3
0.213046 0.444467 0
0.210051 0.361914 0
0.259906 0.399334 0
231 3
0.299275 0.448153 0
0.314678 0.353075 0
0.323995 0.450994 0
232 3
0.262820 0.360252 0
0.314678 0.353075 0
0.259906 0.399334 0
233 3
0.164667 0.607288 0
0.193213 0.551017 0
0.193387 0.607288 0
234 3
0.164667 0.607288 0
0.165721 0.550960 0
0.193213 0.551017 0
235 3
0.193387 0.607288 0
0.193213 0.551017 0
0.228576 0.617968 0
236 3
0.163801 0.635167 0
0.193387 0.607288 0
0.192595 0.635167 0
237 3
0.164667 0.607288 0
0.193387 0.607288 0
0.163801 0.635167 0
238 3
0.192595 0.635167 0
0.193387 0.607288 0
0.228576 0.617968 0
239 3
0.323465 0.450708 0
0.411013 0.416881 0
0.349706 0.511038 0
240 3
0.323465 0.450708 0
0.382691 0.254485 0
0.411013 0.416881 0
241 3
0.314382 0.354940 0
0.316167 0.207479 0
0.382691 0.254485 0
242 3
0.314382 0.354940 0
0.382691 0.254485 0
0.323465 0.450708 0
243 3
0.210051 0.361914 0
0.314878 0.205810 0
0.262820 0.360252 0
244 3
0.210051 0.361914 0
0.179864 0.187467 0
0.314878 0.205810 0
245 3
0.144792 0.361914 0
0.179864 0.187467 0
0.210051 0.361914 0
246 3
0.192855 0.460275 0
0.193314 0.411057 0
0.213046 0.444467 0
247 3
0.165499 0.411057 0
0.210051 0.361914 0
0.193314 0.411057 0
248 3
0.165499 0.411057 0
0.144792 0.361914 0
0.210051 0.361914 0
249 3
0.166222 0.460307 0
0.193314 0.411057 0
0.192855 0.460275 0
250 3
0.165499 0.411057 0
0.193314 0.411057 0
0.166222 0.460307 0
251 3
0.262820 0.360252 0
0.314878 0.205810 0
0.314678 0.353075 0
252 3
0.349706 0.511038 0
0.310273 0.554469 0
0.323465 0.450708 0
253 3
0.323995 0.450994 0
0.309793 0.553823 0
0.299275 0.448153 0
254 3
0.299275 0.448153 0
0.309793 0.553823 0
0.260429 0.454605 0
255 3
0.260429 0.454605 0
0.213046 0.444467 0
0.259906 0.399334 0
256 3
0.299275 0.448153 0
0.260429 0.454605 0
0.259906 0.399334 0
257 3
0.260429 0.454605 0
0.223340 0.560010 0
0.213046 0.444467 0
258 3
0.260429 0.454605 0
0.309793 0.553823 0
0.223340 0.560010 0
259 3
0.309793 0.553823 0
0.228576 0.617968 0
0.223340 0.560010 0
260 3
0.192817 0.513042 0
0.192855 0.460275 0
0.223340 0.560010 0
261 3
0.223340 0.560010 0
0.228576 0.617968 0
0.193213 0.551017 0
262 3
0.192817 0.513042 0
0.223340 0.560010 0
0.193213 0.551017 0
263 3
0.192817 0.513042 0
0.193213 0.551017 0
0.165721 0.550960 0
264 3
0.165687 0.513019 0
0.192817 0.513042 0
0.165721 0.550960 0
265 3
0.192855 0.460275 0
0.192817 0.513042 0
0.165687 0.513019 0
266 3
0.166222 0.460307 0
0.192855 0.460275 0
0.165687 0.513019 0
267 3
0.223340 0.560010 0
0.192855 0.460275 0
0.213046 0.444467 0
268 3
0.370336 0.996990 0
0.213850 0.997395 0
0.356644 0.922086 0
269 3
0.356644 0.922086 0
0.396074 0.963302 0
0.370336 0.996990 0
270 3
0.356644 0.922086 0
0.214604 0.997254 0
0.370336 0.996990 0
271 3
0.370336 0.996990 0
0.396074 0.963302 0
0.356644 0.922086 0
272 3
0.148722 0.923519 0
0.112585 0.924278 0
0.144077 0.852841 0
273 3
0.217506 0.852136 0
0.245835 0.924278 0
0.212096 0.923519 0
274 3
0.086232 0.857016 0
0.144077 0.852841 0
0.112585 0.924278 0
275 3
0.266328 0.857016 0
0.245835 0.924278 0
0.217506 0.852136 0
276 3
0.112585 0.924278 0
0.148722 0.923519 0
0.149678 0.999879 0
277 3
0.245835 0.924278 0
0.213169 1.000010 0
0.212096 0.923519 0
278 3
0.356644 0.922086 0
0.349705 0.511038 0
0.310273 0.554469 0
279 3
0.356644 0.922086 0
0.273205 0.772843 0
0.310273 0.554469 0
280 3
0.356644 0.922086 0
0.310273 0.554469 0
0.273205 0.772843 0
281 3
0.356644 0.922086 0
0.310273 0.554469 0
0.349706 0.511038 0
282 3
0.266328 0.857016 0
0.217506 0.852136 0
0.250030 0.762067 0
283 3
0.086232 0.857016 0
0.106073 0.761373 0
0.144077 0.852841 0
284 3
0.044863 0.553823 0
0.126710 0.614934 0
0.074845 0.768948 0
285 3
0.273370 0.768948 0
0.228576 0.617968 0
0.309793 0.553823 0
286 3
0.250030 0.762067 0
0.228576 0.617968 0
0.273370 0.768948 0
287 3
0.106073 0.761373 0
0.086232 0.857016 0
0.074845 0.768948 0
288 3
0.106073 0.761373 0
0.074845 0.768948 0
0.126710 0.614934 0
289 3
0.250030 0.762067 0
0.273370 0.768948 0
0.266328 0.857016 0
290 3
0.356644 0.922086 0
0.246072 0.924732 0
0.214604 0.997254 0
291 3
0.356644 0.922086 0
0.213850 0.997395 0
0.246072 0.924732 0
292 3
0.246072 0.924732 0
0.356644 0.922086 0
0.266563 0.859008 0
293 3
0.273205 0.772843 0
0.266563 0.859008 0
0.356644 0.922086 0
294 3
0.273205 0.772843 0
0.356644 0.922086 0
0.266563 0.859008 0
295 3
0.246072 0.924732 0
0.266563 0.859008 0
0.356644 0.922086 0
296 3
0.396074 0.963302 0
0.420933 0.825124 0
0.356644 0.922086 0
297 3
0.349705 0.511038 0
0.356644 0.922086 0
0.420933 0.825124 0
298 3
0.396074 0.963302 0
0.356644 0.922086 0
0.420933 0.825124 0
299 3
0.349706 0.511038 0
0.420933 0.825124 0
0.356644 0.922086 0
300 3
0.106073 0.761373 0
0.126710 0.614934 0
0.152750 0.715217 0
301 3
0.198086 0.715215 0
0.228576 0.617968 0
0.250030 0.762067 0
302 3
0.152750 0.715217 0
0.163801 0.635167 0
0.192595 0.635167 0
303 3
0.192595 0.635167 0
0.198086 0.715215 0
0.152750 0.715217 0
304 3
0.228576 0.617968 0
0.198086 0.715215 0
0.192595 0.635167 0
305 3
0.163801 0.635167 0
0.152750 0.715217 0
0.126710 0.614934 0
306 3
0.217506 0.852136 0
0.197093 0.766458 0
0.250030 0.762067 0
307 3
0.197093 0.766458 0
0.217506 0.852136 0
0.144077 0.852841 0
308 3
0.197093 0.766458 0
0.144077 0.852841 0
0.153969 0.766459 0
309 3
0.197093 0.766458 0
0.153969 0.766459 0
0.152750 0.715217 0
310 3
0.106073 0.761373 0
0.153969 0.766459 0
0.144077 0.852841 0
311 3
0.197093 0.766458 0
0.152750 0.715217 0
0.198086 0.715215 0
312 3
0.197093 0.766458 0
0.198086 0.715215 0
0.250030 0.762067 0
313 3
0.106073 0.761373 0
0.152750 0.715217 0
0.153969 0.766459 0
4
0.000000 0.000000 0.000000
0.000000 0.000000 0.000000
0.000000 0.000000 0.000000
1.000000 1.000000 1.000000
