2
1
hd_mcamb
NBAonNBC\HEADS\Toronto\LWO\hd_mcamb.tga
313
0 3
0.724650 0.455218 0
0.644717 0.459802 0
0.627168 0.702906 0
1 3
0.627168 0.702906 0
0.724797 0.699295 0
0.724650 0.455218 0
2 3
0.724473 0.701767 0
0.836391 0.699544 0
0.836161 0.452991 0
3 3
0.836161 0.452991 0
0.724568 0.455214 0
0.724473 0.701767 0
4 3
0.627168 0.702906 0
0.644717 0.459802 0
0.724650 0.455218 0
5 3
0.724650 0.455218 0
0.724797 0.699295 0
0.627168 0.702906 0
6 3
0.163863 0.006803 0
0.245532 0.006787 0
0.271322 0.147042 0
7 3
0.056591 0.146939 0
0.082689 0.006787 0
0.163863 0.006803 0
8 3
0.164111 0.156367 0
0.163863 0.006803 0
0.271322 0.147042 0
9 3
0.404756 0.802329 0
0.241743 0.924013 0
0.203597 0.994521 0
10 3
0.203597 0.994521 0
0.241743 0.924013 0
0.404756 0.802329 0
11 3
0.440320 0.846379 0
0.404756 0.802329 0
0.203597 0.994521 0
12 3
0.440320 0.846379 0
0.203597 0.994521 0
0.404756 0.802329 0
13 3
0.203597 0.994521 0
0.425438 0.938065 0
0.440320 0.846379 0
14 3
0.203597 0.994521 0
0.440320 0.846379 0
0.425438 0.938065 0
15 3
0.644717 0.459802 0
0.651981 0.358852 0
0.557351 0.437792 0
16 3
0.644717 0.459802 0
0.557351 0.437792 0
0.563945 0.538655 0
17 3
0.644717 0.459802 0
0.563945 0.538655 0
0.557351 0.437792 0
18 3
0.644717 0.459802 0
0.557351 0.437792 0
0.651981 0.358852 0
19 3
0.549056 0.440770 0
0.520418 0.409690 0
0.474028 0.445604 0
20 3
0.549063 0.535581 0
0.549056 0.440770 0
0.474028 0.445604 0
21 3
0.514110 0.610889 0
0.549063 0.535581 0
0.474028 0.445604 0
22 3
0.514110 0.610889 0
0.474028 0.445604 0
0.458220 0.576824 0
23 3
0.458220 0.576824 0
0.478915 0.622317 0
0.514110 0.610889 0
24 3
0.474028 0.445604 0
0.520418 0.409690 0
0.549056 0.440770 0
25 3
0.474028 0.445604 0
0.549056 0.440770 0
0.549063 0.535581 0
26 3
0.474028 0.445604 0
0.549063 0.535581 0
0.514110 0.610889 0
27 3
0.458220 0.576824 0
0.474028 0.445604 0
0.514110 0.610889 0
28 3
0.514110 0.610889 0
0.478915 0.622317 0
0.458220 0.576824 0
29 3
0.084457 0.734727 0
0.113090 0.606895 0
0.138749 0.675027 0
30 3
0.138749 0.675027 0
0.141289 0.735591 0
0.084457 0.734727 0
31 3
0.189472 0.675025 0
0.215131 0.609117 0
0.243764 0.735434 0
32 3
0.243764 0.735434 0
0.186932 0.735590 0
0.189472 0.675025 0
33 3
0.141289 0.735591 0
0.138749 0.675027 0
0.189472 0.675025 0
34 3
0.141289 0.735591 0
0.189472 0.675025 0
0.186932 0.735590 0
35 3
0.138749 0.675027 0
0.149189 0.618587 0
0.179032 0.618587 0
36 3
0.179032 0.618587 0
0.189472 0.675025 0
0.138749 0.675027 0
37 3
0.215131 0.609117 0
0.189472 0.675025 0
0.179032 0.618587 0
38 3
0.149189 0.618587 0
0.138749 0.675027 0
0.113090 0.606895 0
39 3
0.138333 0.847758 0
0.190054 0.847877 0
0.194038 0.923456 0
40 3
0.138333 0.847758 0
0.194038 0.923456 0
0.134183 0.923456 0
41 3
0.134183 0.923456 0
0.085815 0.924066 0
0.138333 0.847758 0
42 3
0.190054 0.847877 0
0.242406 0.924066 0
0.194038 0.923456 0
43 3
0.068772 0.840753 0
0.138333 0.847758 0
0.085815 0.924066 0
44 3
0.259449 0.840753 0
0.242406 0.924066 0
0.190054 0.847877 0
45 3
0.425438 0.938065 0
0.425438 0.938065 0
0.203597 0.994521 0
46 3
0.425438 0.938065 0
0.203597 0.994521 0
0.203597 0.994521 0
47 3
0.125060 0.993096 0
0.134183 0.923456 0
0.194038 0.923456 0
48 3
0.125060 0.993096 0
0.194038 0.923456 0
0.203161 0.993096 0
49 3
0.085815 0.924066 0
0.134183 0.923456 0
0.125060 0.993096 0
50 3
0.242406 0.924066 0
0.203161 0.993096 0
0.194038 0.923456 0
51 3
0.515478 0.272569 0
0.539607 0.397781 0
0.651981 0.358852 0
52 3
0.515478 0.272569 0
0.643590 0.241890 0
0.651981 0.358852 0
53 3
0.539607 0.397781 0
0.557351 0.437792 0
0.651981 0.358852 0
54 3
0.651981 0.358852 0
0.557351 0.437792 0
0.539607 0.397781 0
55 3
0.628097 0.989769 0
0.724249 0.991092 0
0.724797 0.699295 0
56 3
0.628097 0.989769 0
0.627168 0.702906 0
0.724797 0.699295 0
57 3
0.628097 0.989769 0
0.724797 0.699295 0
0.627168 0.702906 0
58 3
0.628097 0.989769 0
0.724797 0.699295 0
0.724249 0.991092 0
59 3
0.271455 0.147084 0
0.380342 0.329866 0
0.381649 0.147484 0
60 3
0.271455 0.147084 0
0.381649 0.147484 0
0.382024 0.006785 0
61 3
0.271455 0.147084 0
0.382024 0.006785 0
0.381649 0.147484 0
62 3
0.271455 0.147084 0
0.381649 0.147484 0
0.380342 0.329866 0
63 3
0.563945 0.538655 0
0.509706 0.632924 0
0.627168 0.702906 0
64 3
0.627168 0.702906 0
0.644717 0.459802 0
0.563945 0.538655 0
65 3
0.627168 0.702906 0
0.509706 0.632924 0
0.563945 0.538655 0
66 3
0.563945 0.538655 0
0.644717 0.459802 0
0.627168 0.702906 0
67 3
0.404756 0.802329 0
0.388093 0.499167 0
0.297153 0.554296 0
68 3
0.404756 0.802329 0
0.271024 0.734622 0
0.297153 0.554296 0
69 3
0.404756 0.802329 0
0.297153 0.554296 0
0.271024 0.734622 0
70 3
0.404756 0.802329 0
0.297153 0.554296 0
0.388093 0.499167 0
71 3
0.190054 0.847877 0
0.190715 0.806834 0
0.243764 0.735434 0
72 3
0.259449 0.840753 0
0.190054 0.847877 0
0.243764 0.735434 0
73 3
0.190715 0.806834 0
0.190054 0.847877 0
0.138333 0.847758 0
74 3
0.190715 0.806834 0
0.138333 0.847758 0
0.137506 0.806835 0
75 3
0.190715 0.806834 0
0.137506 0.806835 0
0.164111 0.736159 0
76 3
0.137506 0.806835 0
0.141251 0.736158 0
0.164111 0.736159 0
77 3
0.084457 0.734727 0
0.137506 0.806835 0
0.138333 0.847758 0
78 3
0.190715 0.806834 0
0.164111 0.736159 0
0.186970 0.736158 0
79 3
0.190715 0.806834 0
0.186970 0.736158 0
0.243764 0.735434 0
80 3
0.084457 0.734727 0
0.141251 0.736158 0
0.137506 0.806835 0
81 3
0.068772 0.840753 0
0.084457 0.734727 0
0.138333 0.847758 0
82 3
0.031112 0.553727 0
0.113090 0.606895 0
0.056747 0.734445 0
83 3
0.271474 0.734445 0
0.215131 0.609117 0
0.297109 0.553727 0
84 3
0.243764 0.735434 0
0.215131 0.609117 0
0.271474 0.734445 0
85 3
0.084457 0.734727 0
0.068772 0.840753 0
0.056747 0.734445 0
86 3
0.084457 0.734727 0
0.056747 0.734445 0
0.113090 0.606895 0
87 3
0.243764 0.735434 0
0.271474 0.734445 0
0.259449 0.840753 0
88 3
0.042484 0.439767 0
0.052887 0.403783 0
0.083129 0.400761 0
89 3
0.033567 0.331187 0
0.052887 0.403783 0
0.042484 0.439767 0
90 3
0.083129 0.400761 0
0.052887 0.403783 0
0.033567 0.331187 0
91 3
0.245092 0.400583 0
0.275334 0.403604 0
0.285737 0.439588 0
92 3
0.294813 0.331187 0
0.275334 0.403604 0
0.245092 0.400583 0
93 3
0.285737 0.439588 0
0.275334 0.403604 0
0.294813 0.331187 0
94 3
0.382024 0.006785 0
0.246139 0.006789 0
0.271455 0.147084 0
95 3
0.271455 0.147084 0
0.246139 0.006789 0
0.382024 0.006785 0
96 3
0.381649 0.147484 0
0.380342 0.329866 0
0.515478 0.272569 0
97 3
0.515478 0.272569 0
0.508077 0.146779 0
0.381649 0.147484 0
98 3
0.515478 0.272569 0
0.380342 0.329866 0
0.381649 0.147484 0
99 3
0.381649 0.147484 0
0.508077 0.146779 0
0.515478 0.272569 0
100 3
0.388093 0.499167 0
0.474028 0.445604 0
0.380342 0.329866 0
101 3
0.380342 0.329866 0
0.316244 0.441733 0
0.388093 0.499167 0
102 3
0.380342 0.329866 0
0.474028 0.445604 0
0.388093 0.499167 0
103 3
0.388093 0.499167 0
0.316244 0.441733 0
0.380342 0.329866 0
104 3
0.500043 0.706413 0
0.498073 0.990745 0
0.628097 0.989769 0
105 3
0.628097 0.989769 0
0.627168 0.702906 0
0.500043 0.706413 0
106 3
0.628097 0.989769 0
0.498073 0.990745 0
0.500043 0.706413 0
107 3
0.500043 0.706413 0
0.627168 0.702906 0
0.628097 0.989769 0
108 3
0.509706 0.632924 0
0.457547 0.716550 0
0.500043 0.706413 0
109 3
0.509706 0.632924 0
0.500043 0.706413 0
0.627168 0.702906 0
110 3
0.509706 0.632924 0
0.627168 0.702906 0
0.500043 0.706413 0
111 3
0.509706 0.632924 0
0.500043 0.706413 0
0.457547 0.716550 0
112 3
0.241743 0.924013 0
0.404756 0.802329 0
0.258793 0.842379 0
113 3
0.271024 0.734622 0
0.258793 0.842379 0
0.404756 0.802329 0
114 3
0.271024 0.734622 0
0.404756 0.802329 0
0.258793 0.842379 0
115 3
0.241743 0.924013 0
0.258793 0.842379 0
0.404756 0.802329 0
116 3
0.637365 0.990153 0
0.628097 0.989769 0
0.512293 0.990605 0
117 3
0.512293 0.990605 0
0.628097 0.989769 0
0.498073 0.990745 0
118 3
0.512293 0.990605 0
0.498073 0.990745 0
0.444013 0.987760 0
119 3
0.637365 0.990153 0
0.724249 0.991092 0
0.628097 0.989769 0
120 3
0.738408 0.154885 0
0.657234 0.142004 0
0.738418 0.086205 0
121 3
0.457547 0.716550 0
0.509706 0.632924 0
0.457399 0.639004 0
122 3
0.726150 0.127816 0
0.725634 0.006719 0
0.622916 0.006726 0
123 3
0.631485 0.131829 0
0.726150 0.127816 0
0.622916 0.006726 0
124 3
0.631485 0.131829 0
0.622916 0.006726 0
0.498736 0.006740 0
125 3
0.508077 0.146779 0
0.631485 0.131829 0
0.498736 0.006740 0
126 3
0.508077 0.146779 0
0.498736 0.006740 0
0.382024 0.006785 0
127 3
0.381649 0.147484 0
0.508077 0.146779 0
0.382024 0.006785 0
128 3
0.515478 0.272569 0
0.651981 0.358852 0
0.643590 0.241890 0
129 3
0.498416 0.398373 0
0.539607 0.397781 0
0.515478 0.272569 0
130 3
0.498416 0.398373 0
0.515478 0.272569 0
0.380342 0.329866 0
131 3
0.644717 0.459802 0
0.724650 0.455218 0
0.726267 0.351062 0
132 3
0.644717 0.459802 0
0.726267 0.351062 0
0.651981 0.358852 0
133 3
0.444013 0.987760 0
0.498073 0.990745 0
0.425438 0.938065 0
134 3
0.425438 0.938065 0
0.498073 0.990745 0
0.440320 0.846379 0
135 3
0.380342 0.329866 0
0.474028 0.445604 0
0.498416 0.398373 0
136 3
0.651981 0.358852 0
0.726267 0.351062 0
0.725996 0.242164 0
137 3
0.651981 0.358852 0
0.725996 0.242164 0
0.643590 0.241890 0
138 3
0.725996 0.242164 0
0.726150 0.127816 0
0.631485 0.131829 0
139 3
0.725996 0.242164 0
0.631485 0.131829 0
0.643590 0.241890 0
140 3
0.440320 0.846379 0
0.457547 0.716550 0
0.404756 0.802329 0
141 3
0.440320 0.846379 0
0.500043 0.706413 0
0.457547 0.716550 0
142 3
0.164111 0.156367 0
0.056591 0.146939 0
0.163863 0.006803 0
143 3
0.440320 0.846379 0
0.498073 0.990745 0
0.500043 0.706413 0
144 3
0.515478 0.272569 0
0.643590 0.241890 0
0.631485 0.131829 0
145 3
0.515478 0.272569 0
0.631485 0.131829 0
0.508077 0.146779 0
146 3
0.388093 0.499167 0
0.404756 0.802329 0
0.457547 0.716550 0
147 3
0.388093 0.499167 0
0.457399 0.639004 0
0.458220 0.576824 0
148 3
0.457399 0.639004 0
0.388093 0.499167 0
0.457547 0.716550 0
149 3
0.388093 0.499167 0
0.458220 0.576824 0
0.474028 0.445604 0
150 3
0.119598 0.438097 0
0.125034 0.331797 0
0.144610 0.396714 0
151 3
0.083129 0.400761 0
0.073873 0.322655 0
0.125034 0.331797 0
152 3
0.119598 0.438097 0
0.083129 0.400761 0
0.125034 0.331797 0
153 3
0.042484 0.439767 0
0.011916 0.441114 0
0.033567 0.331187 0
154 3
0.073873 0.322655 0
0.083129 0.400761 0
0.033567 0.331187 0
155 3
0.147602 0.570720 0
0.113090 0.606895 0
0.147919 0.534516 0
156 3
0.149189 0.618587 0
0.113090 0.606895 0
0.147602 0.570720 0
157 3
0.295386 0.332387 0
0.380342 0.329866 0
0.271455 0.147084 0
158 3
0.295386 0.332387 0
0.316244 0.441733 0
0.380342 0.329866 0
159 3
0.125034 0.331797 0
0.073873 0.322655 0
0.056591 0.146939 0
160 3
0.125034 0.331797 0
0.056591 0.146939 0
0.164111 0.156367 0
161 3
0.149881 0.420505 0
0.119598 0.438097 0
0.144610 0.396714 0
162 3
0.073873 0.322655 0
0.033567 0.331187 0
0.056591 0.146939 0
163 3
0.388093 0.499167 0
0.316244 0.441733 0
0.297153 0.554296 0
164 3
0.011916 0.441114 0
0.042484 0.439767 0
0.031112 0.553727 0
165 3
0.042484 0.439767 0
0.082691 0.461814 0
0.031112 0.553727 0
166 3
0.082691 0.461814 0
0.083129 0.400761 0
0.119598 0.438097 0
167 3
0.042484 0.439767 0
0.083129 0.400761 0
0.082691 0.461814 0
168 3
0.082691 0.461814 0
0.119598 0.438097 0
0.115197 0.552683 0
169 3
0.082691 0.461814 0
0.115197 0.552683 0
0.031112 0.553727 0
170 3
0.031112 0.553727 0
0.115197 0.552683 0
0.113090 0.606895 0
171 3
0.150226 0.479490 0
0.115197 0.552683 0
0.149881 0.420505 0
172 3
0.115197 0.552683 0
0.147919 0.534516 0
0.113090 0.606895 0
173 3
0.150226 0.479490 0
0.147919 0.534516 0
0.115197 0.552683 0
174 3
0.115197 0.552683 0
0.119598 0.438097 0
0.149881 0.420505 0
175 3
0.798549 0.990605 0
0.836864 0.989381 0
0.724262 0.991603 0
176 3
0.637365 0.990153 0
0.512293 0.990605 0
0.628097 0.989769 0
177 3
0.512293 0.990605 0
0.498073 0.990745 0
0.628097 0.989769 0
178 3
0.512293 0.990605 0
0.444013 0.987760 0
0.498073 0.990745 0
179 3
0.444013 0.987760 0
0.425438 0.938065 0
0.425438 0.938065 0
180 3
0.444013 0.987760 0
0.425438 0.938065 0
0.444013 0.987760 0
181 3
0.512293 0.990605 0
0.444013 0.987760 0
0.444013 0.987760 0
182 3
0.836189 0.125686 0
0.725261 0.006719 0
0.726630 0.127908 0
183 3
0.836189 0.125686 0
0.834600 0.006716 0
0.725261 0.006719 0
184 3
0.836201 0.238006 0
0.726630 0.127908 0
0.726625 0.239690 0
185 3
0.836201 0.238006 0
0.836189 0.125686 0
0.726630 0.127908 0
186 3
0.836336 0.350126 0
0.726625 0.239690 0
0.726573 0.352348 0
187 3
0.836336 0.350126 0
0.836201 0.238006 0
0.726625 0.239690 0
188 3
0.836161 0.452991 0
0.726573 0.352348 0
0.724568 0.455214 0
189 3
0.836161 0.452991 0
0.836336 0.350126 0
0.726573 0.352348 0
190 3
0.836864 0.989381 0
0.724473 0.701767 0
0.724262 0.991603 0
191 3
0.836864 0.989381 0
0.836391 0.699544 0
0.724473 0.701767 0
192 3
0.637365 0.990153 0
0.628097 0.989769 0
0.724249 0.991092 0
193 3
0.738408 0.154885 0
0.738418 0.086205 0
0.820077 0.142004 0
194 3
0.147602 0.570720 0
0.180302 0.534516 0
0.180619 0.570720 0
195 3
0.147602 0.570720 0
0.147919 0.534516 0
0.180302 0.534516 0
196 3
0.149189 0.618587 0
0.180619 0.570720 0
0.179032 0.618587 0
197 3
0.147602 0.570720 0
0.180619 0.570720 0
0.149189 0.618587 0
198 3
0.125034 0.331797 0
0.164111 0.156367 0
0.203187 0.331797 0
199 3
0.144610 0.396714 0
0.203187 0.331797 0
0.183611 0.396714 0
200 3
0.144610 0.396714 0
0.125034 0.331797 0
0.203187 0.331797 0
201 3
0.149881 0.420505 0
0.183611 0.396714 0
0.178340 0.420505 0
202 3
0.144610 0.396714 0
0.183611 0.396714 0
0.149881 0.420505 0
203 3
0.177995 0.479490 0
0.180302 0.534516 0
0.147919 0.534516 0
204 3
0.150226 0.479490 0
0.177995 0.479490 0
0.147919 0.534516 0
205 3
0.178340 0.420505 0
0.177995 0.479490 0
0.150226 0.479490 0
206 3
0.149881 0.420505 0
0.178340 0.420505 0
0.150226 0.479490 0
207 3
0.457547 0.716550 0
0.457399 0.639004 0
0.509706 0.632924 0
208 3
0.726150 0.127816 0
0.622916 0.006726 0
0.725634 0.006719 0
209 3
0.631485 0.131829 0
0.622916 0.006726 0
0.726150 0.127816 0
210 3
0.631485 0.131829 0
0.498736 0.006740 0
0.622916 0.006726 0
211 3
0.508077 0.146779 0
0.498736 0.006740 0
0.631485 0.131829 0
212 3
0.508077 0.146779 0
0.382024 0.006785 0
0.498736 0.006740 0
213 3
0.381649 0.147484 0
0.382024 0.006785 0
0.508077 0.146779 0
214 3
0.515478 0.272569 0
0.651981 0.358852 0
0.539607 0.397781 0
215 3
0.498416 0.398373 0
0.515478 0.272569 0
0.539607 0.397781 0
216 3
0.498416 0.398373 0
0.380342 0.329866 0
0.515478 0.272569 0
217 3
0.644717 0.459802 0
0.726267 0.351062 0
0.724650 0.455218 0
218 3
0.644717 0.459802 0
0.651981 0.358852 0
0.726267 0.351062 0
219 3
0.444013 0.987760 0
0.425438 0.938065 0
0.498073 0.990745 0
220 3
0.425438 0.938065 0
0.440320 0.846379 0
0.498073 0.990745 0
221 3
0.380342 0.329866 0
0.498416 0.398373 0
0.474028 0.445604 0
222 3
0.651981 0.358852 0
0.725996 0.242164 0
0.726267 0.351062 0
223 3
0.651981 0.358852 0
0.643590 0.241890 0
0.725996 0.242164 0
224 3
0.725996 0.242164 0
0.631485 0.131829 0
0.726150 0.127816 0
225 3
0.725996 0.242164 0
0.643590 0.241890 0
0.631485 0.131829 0
226 3
0.440320 0.846379 0
0.404756 0.802329 0
0.457547 0.716550 0
227 3
0.440320 0.846379 0
0.457547 0.716550 0
0.500043 0.706413 0
228 3
0.440320 0.846379 0
0.500043 0.706413 0
0.498073 0.990745 0
229 3
0.515478 0.272569 0
0.631485 0.131829 0
0.643590 0.241890 0
230 3
0.515478 0.272569 0
0.508077 0.146779 0
0.631485 0.131829 0
231 3
0.388093 0.499167 0
0.457547 0.716550 0
0.404756 0.802329 0
232 3
0.388093 0.499167 0
0.458220 0.576824 0
0.457399 0.639004 0
233 3
0.457399 0.639004 0
0.457547 0.716550 0
0.388093 0.499167 0
234 3
0.388093 0.499167 0
0.474028 0.445604 0
0.458220 0.576824 0
235 3
0.208623 0.437919 0
0.183611 0.396714 0
0.203187 0.331797 0
236 3
0.245092 0.400583 0
0.203187 0.331797 0
0.254348 0.322655 0
237 3
0.208623 0.437919 0
0.203187 0.331797 0
0.245092 0.400583 0
238 3
0.285737 0.439588 0
0.294813 0.331187 0
0.316305 0.441114 0
239 3
0.254348 0.322655 0
0.294813 0.331187 0
0.245092 0.400583 0
240 3
0.180619 0.570720 0
0.180302 0.534516 0
0.215131 0.609117 0
241 3
0.179032 0.618587 0
0.180619 0.570720 0
0.215131 0.609117 0
242 3
0.295386 0.332387 0
0.271455 0.147084 0
0.380342 0.329866 0
243 3
0.295386 0.332387 0
0.380342 0.329866 0
0.316244 0.441733 0
244 3
0.203187 0.331797 0
0.271322 0.147042 0
0.254348 0.322655 0
245 3
0.203187 0.331797 0
0.164111 0.156367 0
0.271322 0.147042 0
246 3
0.178340 0.420505 0
0.183611 0.396714 0
0.208623 0.437919 0
247 3
0.254348 0.322655 0
0.271322 0.147042 0
0.294813 0.331187 0
248 3
0.388093 0.499167 0
0.297153 0.554296 0
0.316244 0.441733 0
249 3
0.316305 0.441114 0
0.297109 0.553727 0
0.285737 0.439588 0
250 3
0.285737 0.439588 0
0.297109 0.553727 0
0.245530 0.461636 0
251 3
0.245530 0.461636 0
0.208623 0.437919 0
0.245092 0.400583 0
252 3
0.245530 0.461636 0
0.245092 0.400583 0
0.285737 0.439588 0
253 3
0.245530 0.461636 0
0.213024 0.552683 0
0.208623 0.437919 0
254 3
0.245530 0.461636 0
0.297109 0.553727 0
0.213024 0.552683 0
255 3
0.297109 0.553727 0
0.215131 0.609117 0
0.213024 0.552683 0
256 3
0.177995 0.479490 0
0.178340 0.420505 0
0.213024 0.552683 0
257 3
0.213024 0.552683 0
0.215131 0.609117 0
0.180302 0.534516 0
258 3
0.177995 0.479490 0
0.213024 0.552683 0
0.180302 0.534516 0
259 3
0.213024 0.552683 0
0.178340 0.420505 0
0.208623 0.437919 0
260 3
0.913375 0.990834 0
0.953788 0.975816 0
0.913306 0.977795 0
261 3
0.913375 0.990834 0
0.954089 0.980811 0
0.953788 0.975816 0
262 3
0.954089 0.980811 0
0.913375 0.990834 0
0.913418 0.949812 0
263 3
0.913368 0.842019 0
0.913280 0.807041 0
0.953808 0.815999 0
264 3
0.953808 0.815999 0
0.913280 0.807041 0
0.953546 0.815513 0
265 3
0.953480 0.835602 0
0.953546 0.815513 0
0.913280 0.807041 0
266 3
0.913213 0.838049 0
0.953480 0.835602 0
0.913280 0.807041 0
267 3
0.953536 0.916632 0
0.953480 0.835602 0
0.913213 0.838049 0
268 3
0.953536 0.916632 0
0.913213 0.838049 0
0.913221 0.915932 0
269 3
0.953788 0.975816 0
0.953536 0.916632 0
0.913221 0.915932 0
270 3
0.953788 0.975816 0
0.913221 0.915932 0
0.913306 0.977795 0
271 3
0.913375 0.990834 0
0.913306 0.977795 0
0.953788 0.975816 0
272 3
0.913375 0.990834 0
0.953788 0.975816 0
0.954089 0.980811 0
273 3
0.954089 0.980811 0
0.913418 0.949812 0
0.913375 0.990834 0
274 3
0.913280 0.807041 0
0.913368 0.842019 0
0.953808 0.815999 0
275 3
0.953808 0.815999 0
0.953546 0.815513 0
0.913280 0.807041 0
276 3
0.953480 0.835602 0
0.913280 0.807041 0
0.953546 0.815513 0
277 3
0.913213 0.838049 0
0.913280 0.807041 0
0.953480 0.835602 0
278 3
0.953536 0.916632 0
0.913213 0.838049 0
0.953480 0.835602 0
279 3
0.953536 0.916632 0
0.913221 0.915932 0
0.913213 0.838049 0
280 3
0.953788 0.975816 0
0.913221 0.915932 0
0.953536 0.916632 0
281 3
0.953788 0.975816 0
0.913306 0.977795 0
0.913221 0.915932 0
282 3
0.658319 0.145860 0
0.658739 0.042315 0
0.562164 0.042351 0
283 3
0.507025 0.145482 0
0.658319 0.145860 0
0.562164 0.042351 0
284 3
0.804801 0.477110 0
0.806828 0.375524 0
0.701876 0.376655 0
285 3
0.804801 0.477110 0
0.701876 0.376655 0
0.702083 0.479155 0
286 3
0.940275 0.428808 0
0.992711 0.549171 0
0.989367 0.403727 0
287 3
0.992711 0.549171 0
0.940275 0.428808 0
0.921968 0.583087 0
288 3
0.918850 0.544175 0
0.989697 0.544137 0
0.991574 0.426081 0
289 3
0.918850 0.544175 0
0.991574 0.426081 0
0.917187 0.425074 0
290 3
0.817933 0.219391 0
0.818613 0.119969 0
0.711308 0.122191 0
291 3
0.817933 0.219391 0
0.711308 0.122191 0
0.708594 0.221613 0
292 3
0.658319 0.145860 0
0.562164 0.042351 0
0.658739 0.042315 0
293 3
0.507025 0.145482 0
0.562164 0.042351 0
0.658319 0.145860 0
294 3
0.804801 0.477110 0
0.701876 0.376655 0
0.806828 0.375524 0
295 3
0.804801 0.477110 0
0.702083 0.479155 0
0.701876 0.376655 0
296 3
0.940275 0.428808 0
0.989367 0.403727 0
0.992711 0.549171 0
297 3
0.992711 0.549171 0
0.921968 0.583087 0
0.940275 0.428808 0
298 3
0.918850 0.544175 0
0.991574 0.426081 0
0.989697 0.544137 0
299 3
0.918850 0.544175 0
0.917187 0.425074 0
0.991574 0.426081 0
300 3
0.913167 0.635158 0
0.913103 0.541980 0
0.992222 0.578490 0
301 3
0.929320 0.470356 0
0.983455 0.402748 0
0.992222 0.578490 0
302 3
0.913103 0.541980 0
0.929320 0.470356 0
0.992222 0.578490 0
303 3
0.935554 0.703225 0
0.913167 0.635158 0
0.992222 0.578490 0
304 3
0.992042 0.757696 0
0.935554 0.703225 0
0.992222 0.578490 0
305 3
0.763375 0.055544 0
0.740025 0.231286 0
0.716674 0.055544 0
306 3
0.833643 0.287954 0
0.740025 0.231286 0
0.833720 0.194776 0
307 3
0.820914 0.123152 0
0.740025 0.231286 0
0.763375 0.055544 0
308 3
0.833720 0.194776 0
0.740025 0.231286 0
0.820914 0.123152 0
309 3
0.811486 0.356021 0
0.740025 0.231286 0
0.833643 0.287954 0
310 3
0.739844 0.410492 0
0.740025 0.231286 0
0.811486 0.356021 0
311 3
0.992318 0.519247 0
0.913751 0.702176 0
0.913651 0.515530 0
312 3
0.913151 0.417024 0
0.992448 0.413308 0
0.992348 0.562176 0
4
0.000000 0.000000 0.000000
0.000000 0.000000 0.000000
0.000000 0.000000 0.000000
1.000000 1.000000 1.000000
