1
9
Orlando\LWO\hd_nande.TGA
Orlando\LWO\hd_nande.TGA
Orlando\LWO\hd_nande.TGA
Orlando\LWO\hd_nande.TGA
Orlando\LWO\hd_nande.TGA
Orlando\LWO\hd_nande.TGA
Orlando\LWO\hd_nande.TGA
Orlando\LWO\hd_nande.TGA
Orlando\LWO\hd_nande.TGA
321
0 3
0.442050 0.535022 0
0.469161 0.860075 0
0.521948 0.751459 0
1 3
0.442050 0.535022 0
0.521948 0.751459 0
0.528275 0.646376 0
2 3
0.442050 0.535022 0
0.528275 0.646376 0
0.525122 0.587283 0
3 3
0.521948 0.751459 0
0.469161 0.860075 0
0.442050 0.535022 0
4 3
0.442050 0.535022 0
0.525122 0.587283 0
0.528275 0.646376 0
5 3
0.442050 0.535022 0
0.528275 0.646376 0
0.521948 0.751459 0
6 3
0.454978 0.933579 0
0.469161 0.860075 0
0.334367 0.943143 0
7 3
0.334367 0.943143 0
0.333511 0.987036 0
0.454978 0.933579 0
8 3
0.334367 0.943143 0
0.469161 0.860075 0
0.454978 0.933579 0
9 3
0.454978 0.933579 0
0.333511 0.987036 0
0.334367 0.943143 0
10 3
0.550968 0.379315 0
0.561876 0.304650 0
0.438585 0.351830 0
11 3
0.550968 0.379315 0
0.438585 0.351830 0
0.561876 0.304650 0
12 3
0.438585 0.351830 0
0.534588 0.405063 0
0.550968 0.379315 0
13 3
0.438585 0.351830 0
0.550968 0.379315 0
0.534588 0.405063 0
14 3
0.454978 0.933579 0
0.504901 0.874273 0
0.469161 0.860075 0
15 3
0.469161 0.860075 0
0.504901 0.874273 0
0.454978 0.933579 0
16 3
0.469161 0.860075 0
0.442050 0.535022 0
0.359840 0.567742 0
17 3
0.469161 0.860075 0
0.340371 0.784309 0
0.359840 0.567742 0
18 3
0.469161 0.860075 0
0.359840 0.567742 0
0.340371 0.784309 0
19 3
0.469161 0.860075 0
0.359840 0.567742 0
0.442050 0.535022 0
20 3
0.261718 0.189298 0
0.192892 0.359416 0
0.164020 0.195575 0
21 3
0.261718 0.189298 0
0.164020 0.195575 0
0.164526 0.016999 0
22 3
0.132068 0.359416 0
0.080729 0.356598 0
0.066362 0.189298 0
23 3
0.192892 0.359416 0
0.261718 0.189298 0
0.239985 0.356598 0
24 3
0.132068 0.359416 0
0.066362 0.189298 0
0.164020 0.195575 0
25 3
0.469161 0.860075 0
0.340371 0.784309 0
0.336728 0.878884 0
26 3
0.469161 0.860075 0
0.336728 0.878884 0
0.340371 0.784309 0
27 3
0.066362 0.189298 0
0.087280 0.011930 0
0.164526 0.016999 0
28 3
0.261718 0.189298 0
0.164526 0.016999 0
0.237728 0.011930 0
29 3
0.066362 0.189298 0
0.164526 0.016999 0
0.164020 0.195575 0
30 3
0.135769 0.938514 0
0.093104 0.939833 0
0.085632 0.876763 0
31 3
0.237245 0.876763 0
0.227689 0.939833 0
0.189191 0.938514 0
32 3
0.137364 0.860469 0
0.135769 0.938514 0
0.085632 0.876763 0
33 3
0.187596 0.860572 0
0.237245 0.876763 0
0.189191 0.938514 0
34 3
0.528275 0.646376 0
0.521948 0.751459 0
0.552352 0.734569 0
35 3
0.528275 0.646376 0
0.552352 0.734569 0
0.559419 0.637990 0
36 3
0.528275 0.646376 0
0.559419 0.637990 0
0.552352 0.734569 0
37 3
0.528275 0.646376 0
0.552352 0.734569 0
0.521948 0.751459 0
38 3
0.098258 0.772287 0
0.112187 0.647084 0
0.139297 0.716586 0
39 3
0.139297 0.716586 0
0.139600 0.766241 0
0.098258 0.772287 0
40 3
0.185663 0.716586 0
0.212773 0.647084 0
0.226702 0.772953 0
41 3
0.226702 0.772953 0
0.185361 0.766208 0
0.185663 0.716586 0
42 3
0.139600 0.766241 0
0.139297 0.716586 0
0.185663 0.716586 0
43 3
0.139600 0.766241 0
0.185663 0.716586 0
0.185361 0.766208 0
44 3
0.139297 0.716586 0
0.141357 0.662956 0
0.179348 0.662956 0
45 3
0.179348 0.662956 0
0.185663 0.716586 0
0.139297 0.716586 0
46 3
0.212773 0.647084 0
0.185663 0.716586 0
0.179348 0.662956 0
47 3
0.141357 0.662956 0
0.139297 0.716586 0
0.112187 0.647084 0
48 3
0.137364 0.860469 0
0.187596 0.860572 0
0.189191 0.938514 0
49 3
0.137364 0.860469 0
0.189191 0.938514 0
0.135769 0.938514 0
50 3
0.454978 0.933579 0
0.454978 0.933579 0
0.333511 0.987036 0
51 3
0.454978 0.933579 0
0.333511 0.987036 0
0.333511 0.987036 0
52 3
0.133396 0.986161 0
0.135769 0.938514 0
0.189191 0.938514 0
53 3
0.133396 0.986161 0
0.189191 0.938514 0
0.191564 0.986161 0
54 3
0.093104 0.939833 0
0.135769 0.938514 0
0.133396 0.986161 0
55 3
0.227689 0.939833 0
0.191564 0.986161 0
0.189191 0.938514 0
56 3
0.561876 0.304650 0
0.584349 0.378211 0
0.705046 0.380512 0
57 3
0.561876 0.304650 0
0.704035 0.269182 0
0.705046 0.380512 0
58 3
0.584349 0.378211 0
0.608032 0.424147 0
0.705046 0.380512 0
59 3
0.705046 0.380512 0
0.608032 0.424147 0
0.584349 0.378211 0
60 3
0.675768 0.987838 0
0.802125 0.987797 0
0.802617 0.689724 0
61 3
0.675768 0.987838 0
0.671046 0.704293 0
0.802617 0.689724 0
62 3
0.675768 0.987838 0
0.802617 0.689724 0
0.671046 0.704293 0
63 3
0.675768 0.987838 0
0.802617 0.689724 0
0.802125 0.987797 0
64 3
0.352986 0.196033 0
0.438585 0.351830 0
0.435105 0.171622 0
65 3
0.352986 0.196033 0
0.435105 0.171622 0
0.439303 0.005379 0
66 3
0.352986 0.196033 0
0.439303 0.005379 0
0.435105 0.171622 0
67 3
0.352986 0.196033 0
0.435105 0.171622 0
0.438585 0.351830 0
68 3
0.570324 0.386804 0
0.525122 0.587283 0
0.534812 0.622698 0
69 3
0.570324 0.386804 0
0.561264 0.606793 0
0.534812 0.622698 0
70 3
0.570324 0.386804 0
0.534812 0.622698 0
0.561264 0.606793 0
71 3
0.570324 0.386804 0
0.534812 0.622698 0
0.525122 0.587283 0
72 3
0.570324 0.386804 0
0.534588 0.405063 0
0.525122 0.587283 0
73 3
0.525122 0.587283 0
0.534588 0.405063 0
0.570324 0.386804 0
74 3
0.605357 0.548502 0
0.559419 0.637990 0
0.676612 0.591056 0
75 3
0.676612 0.591056 0
0.696056 0.484225 0
0.605357 0.548502 0
76 3
0.676612 0.591056 0
0.559419 0.637990 0
0.605357 0.548502 0
77 3
0.605357 0.548502 0
0.696056 0.484225 0
0.676612 0.591056 0
78 3
0.187596 0.860572 0
0.188487 0.818404 0
0.226702 0.772953 0
79 3
0.237245 0.876763 0
0.187596 0.860572 0
0.226702 0.772953 0
80 3
0.188487 0.818404 0
0.187596 0.860572 0
0.137364 0.860469 0
81 3
0.188487 0.818404 0
0.137364 0.860469 0
0.136473 0.818396 0
82 3
0.188487 0.818404 0
0.136473 0.818396 0
0.162480 0.765523 0
83 3
0.136473 0.818396 0
0.139570 0.765381 0
0.162480 0.765523 0
84 3
0.098258 0.772287 0
0.136473 0.818396 0
0.137364 0.860469 0
85 3
0.188487 0.818404 0
0.162480 0.765523 0
0.185391 0.765385 0
86 3
0.188487 0.818404 0
0.185391 0.765385 0
0.226702 0.772953 0
87 3
0.098258 0.772287 0
0.139570 0.765381 0
0.136473 0.818396 0
88 3
0.085632 0.876763 0
0.098258 0.772287 0
0.137364 0.860469 0
89 3
0.042168 0.570331 0
0.112187 0.647084 0
0.071794 0.782048 0
90 3
0.251082 0.782048 0
0.212773 0.647084 0
0.282792 0.570331 0
91 3
0.226702 0.772953 0
0.212773 0.647084 0
0.251082 0.782048 0
92 3
0.098258 0.772287 0
0.085632 0.876763 0
0.071794 0.782048 0
93 3
0.098258 0.772287 0
0.071794 0.782048 0
0.112187 0.647084 0
94 3
0.226702 0.772953 0
0.251082 0.782048 0
0.237245 0.876763 0
95 3
0.043683 0.445183 0
0.052305 0.411090 0
0.080791 0.409376 0
96 3
0.027980 0.355950 0
0.052305 0.411090 0
0.043683 0.445183 0
97 3
0.080791 0.409376 0
0.052305 0.411090 0
0.027980 0.355950 0
98 3
0.240697 0.409376 0
0.268372 0.411090 0
0.277804 0.445183 0
99 3
0.292476 0.355950 0
0.268372 0.411090 0
0.240697 0.409376 0
100 3
0.277804 0.445183 0
0.268372 0.411090 0
0.292476 0.355950 0
101 3
0.439303 0.005379 0
0.379477 0.021819 0
0.352986 0.196033 0
102 3
0.352986 0.196033 0
0.379477 0.021819 0
0.439303 0.005379 0
103 3
0.435105 0.171622 0
0.438585 0.351830 0
0.561876 0.304650 0
104 3
0.561876 0.304650 0
0.553101 0.138627 0
0.435105 0.171622 0
105 3
0.561876 0.304650 0
0.438585 0.351830 0
0.435105 0.171622 0
106 3
0.435105 0.171622 0
0.553101 0.138627 0
0.561876 0.304650 0
107 3
0.442050 0.535022 0
0.534588 0.405063 0
0.438585 0.351830 0
108 3
0.438585 0.351830 0
0.401545 0.469771 0
0.442050 0.535022 0
109 3
0.438585 0.351830 0
0.534588 0.405063 0
0.442050 0.535022 0
110 3
0.442050 0.535022 0
0.401545 0.469771 0
0.438585 0.351830 0
111 3
0.552352 0.734569 0
0.535283 0.987377 0
0.675768 0.987838 0
112 3
0.675768 0.987838 0
0.671046 0.704293 0
0.552352 0.734569 0
113 3
0.675768 0.987838 0
0.535283 0.987377 0
0.552352 0.734569 0
114 3
0.552352 0.734569 0
0.671046 0.704293 0
0.675768 0.987838 0
115 3
0.570324 0.386804 0
0.561264 0.606793 0
0.597318 0.534940 0
116 3
0.597318 0.534940 0
0.597229 0.431717 0
0.570324 0.386804 0
117 3
0.570324 0.386804 0
0.597229 0.431717 0
0.597318 0.534940 0
118 3
0.570324 0.386804 0
0.597318 0.534940 0
0.561264 0.606793 0
119 3
0.559419 0.637990 0
0.552352 0.734569 0
0.676612 0.591056 0
120 3
0.559419 0.637990 0
0.676612 0.591056 0
0.552352 0.734569 0
121 3
0.334367 0.943143 0
0.469161 0.860075 0
0.336728 0.878884 0
122 3
0.334367 0.943143 0
0.336728 0.878884 0
0.469161 0.860075 0
123 3
0.673043 0.988177 0
0.675768 0.987838 0
0.544777 0.988383 0
124 3
0.544777 0.988383 0
0.675768 0.987838 0
0.535283 0.987377 0
125 3
0.544777 0.988383 0
0.535283 0.987377 0
0.469635 0.987964 0
126 3
0.673043 0.988177 0
0.802125 0.987797 0
0.675768 0.987838 0
127 3
0.993377 0.789176 0
0.993478 0.877585 0
0.911792 0.790722 0
128 3
0.913484 0.593575 0
0.946525 0.584831 0
0.913235 0.581348 0
129 3
0.913484 0.593575 0
0.945013 0.591278 0
0.946525 0.584831 0
130 3
0.552352 0.734569 0
0.671046 0.704293 0
0.676612 0.591056 0
131 3
0.671046 0.704293 0
0.803798 0.571368 0
0.676612 0.591056 0
132 3
0.671046 0.704293 0
0.802617 0.689724 0
0.803798 0.571368 0
133 3
0.803280 0.105848 0
0.760844 0.006645 0
0.651380 0.005698 0
134 3
0.687937 0.114879 0
0.803280 0.105848 0
0.651380 0.005698 0
135 3
0.687937 0.114879 0
0.651380 0.005698 0
0.540820 0.005865 0
136 3
0.553101 0.138627 0
0.687937 0.114879 0
0.540820 0.005865 0
137 3
0.553101 0.138627 0
0.540820 0.005865 0
0.439303 0.005379 0
138 3
0.435105 0.171622 0
0.553101 0.138627 0
0.439303 0.005379 0
139 3
0.561876 0.304650 0
0.705046 0.380512 0
0.704035 0.269182 0
140 3
0.550968 0.379315 0
0.584349 0.378211 0
0.561876 0.304650 0
141 3
0.696056 0.484225 0
0.802723 0.472634 0
0.803596 0.363914 0
142 3
0.696056 0.484225 0
0.803596 0.363914 0
0.705046 0.380512 0
143 3
0.605357 0.548502 0
0.696056 0.484225 0
0.705046 0.380512 0
144 3
0.605357 0.548502 0
0.705046 0.380512 0
0.608032 0.424147 0
145 3
0.676612 0.591056 0
0.803798 0.571368 0
0.802723 0.472634 0
146 3
0.676612 0.591056 0
0.802723 0.472634 0
0.696056 0.484225 0
147 3
0.469635 0.987964 0
0.535283 0.987377 0
0.454978 0.933579 0
148 3
0.454978 0.933579 0
0.535283 0.987377 0
0.504901 0.874273 0
149 3
0.945013 0.591278 0
0.913484 0.593575 0
0.913607 0.556100 0
150 3
0.914302 0.436671 0
0.913558 0.414653 0
0.932139 0.425455 0
151 3
0.932139 0.425455 0
0.913558 0.414653 0
0.946532 0.424502 0
152 3
0.947125 0.443389 0
0.946532 0.424502 0
0.913558 0.414653 0
153 3
0.913777 0.438532 0
0.947125 0.443389 0
0.913558 0.414653 0
154 3
0.945887 0.536552 0
0.947125 0.443389 0
0.913777 0.438532 0
155 3
0.945887 0.536552 0
0.913777 0.438532 0
0.912853 0.534584 0
156 3
0.946525 0.584831 0
0.945887 0.536552 0
0.912853 0.534584 0
157 3
0.946525 0.584831 0
0.912853 0.534584 0
0.913235 0.581348 0
158 3
0.983821 0.779189 0
0.919409 0.778261 0
0.920395 0.846762 0
159 3
0.983329 0.913962 0
0.983821 0.779189 0
0.920395 0.846762 0
160 3
0.976613 0.881637 0
0.975501 0.787691 0
0.913603 0.835973 0
161 3
0.705046 0.380512 0
0.803596 0.363914 0
0.803639 0.254187 0
162 3
0.705046 0.380512 0
0.803639 0.254187 0
0.704035 0.269182 0
163 3
0.803639 0.254187 0
0.803280 0.105848 0
0.687937 0.114879 0
164 3
0.803639 0.254187 0
0.687937 0.114879 0
0.704035 0.269182 0
165 3
0.981640 0.722008 0
0.917513 0.721874 0
0.917562 0.789733 0
166 3
0.981640 0.722008 0
0.917562 0.789733 0
0.981700 0.789833 0
167 3
0.975646 0.701334 0
0.913552 0.638323 0
0.913603 0.835973 0
168 3
0.504901 0.874273 0
0.521948 0.751459 0
0.469161 0.860075 0
169 3
0.504901 0.874273 0
0.552352 0.734569 0
0.521948 0.751459 0
170 3
0.975501 0.787691 0
0.975646 0.701334 0
0.913603 0.835973 0
171 3
0.976288 0.979825 0
0.976613 0.881637 0
0.913603 0.835973 0
172 3
0.914182 0.981360 0
0.976288 0.979825 0
0.913603 0.835973 0
173 3
0.504901 0.874273 0
0.535283 0.987377 0
0.552352 0.734569 0
174 3
0.561876 0.304650 0
0.704035 0.269182 0
0.687937 0.114879 0
175 3
0.561876 0.304650 0
0.687937 0.114879 0
0.553101 0.138627 0
176 3
0.919625 0.913529 0
0.983329 0.913962 0
0.920395 0.846762 0
177 3
0.911792 0.790722 0
0.993478 0.877585 0
0.911933 0.877651 0
178 3
0.983329 0.913962 0
0.919625 0.913529 0
0.981151 0.979414 0
179 3
0.983821 0.779189 0
0.983783 0.709833 0
0.919646 0.709733 0
180 3
0.983821 0.779189 0
0.919646 0.709733 0
0.919409 0.778261 0
181 3
0.442050 0.535022 0
0.525122 0.587283 0
0.534588 0.405063 0
182 3
0.116462 0.446539 0
0.132068 0.359416 0
0.146403 0.398821 0
183 3
0.080791 0.409376 0
0.080729 0.356598 0
0.132068 0.359416 0
184 3
0.116462 0.446539 0
0.080791 0.409376 0
0.132068 0.359416 0
185 3
0.043683 0.445183 0
0.017830 0.444706 0
0.027980 0.355950 0
186 3
0.080729 0.356598 0
0.080791 0.409376 0
0.027980 0.355950 0
187 3
0.142162 0.635412 0
0.112187 0.647084 0
0.142426 0.591742 0
188 3
0.141357 0.662956 0
0.112187 0.647084 0
0.142162 0.635412 0
189 3
0.335729 0.367899 0
0.438585 0.351830 0
0.352986 0.196033 0
190 3
0.335729 0.367899 0
0.401545 0.469771 0
0.438585 0.351830 0
191 3
0.147116 0.434532 0
0.116462 0.446539 0
0.146403 0.398821 0
192 3
0.080729 0.356598 0
0.027980 0.355950 0
0.066362 0.189298 0
193 3
0.442050 0.535022 0
0.401545 0.469771 0
0.359840 0.567742 0
194 3
0.017830 0.444706 0
0.043683 0.445183 0
0.042168 0.570331 0
195 3
0.043683 0.445183 0
0.080411 0.479067 0
0.042168 0.570331 0
196 3
0.080411 0.479067 0
0.080791 0.409376 0
0.116462 0.446539 0
197 3
0.043683 0.445183 0
0.080791 0.409376 0
0.080411 0.479067 0
198 3
0.080411 0.479067 0
0.116462 0.446539 0
0.113327 0.601629 0
199 3
0.080411 0.479067 0
0.113327 0.601629 0
0.042168 0.570331 0
200 3
0.042168 0.570331 0
0.113327 0.601629 0
0.112187 0.647084 0
201 3
0.146828 0.503043 0
0.113327 0.601629 0
0.147116 0.434532 0
202 3
0.113327 0.601629 0
0.142426 0.591742 0
0.112187 0.647084 0
203 3
0.146828 0.503043 0
0.142426 0.591742 0
0.113327 0.601629 0
204 3
0.113327 0.601629 0
0.116462 0.446539 0
0.147116 0.434532 0
205 3
0.836939 0.988383 0
0.889999 0.988287 0
0.798463 0.988287 0
206 3
0.673043 0.988177 0
0.544777 0.988383 0
0.675768 0.987838 0
207 3
0.544777 0.988383 0
0.535283 0.987377 0
0.675768 0.987838 0
208 3
0.544777 0.988383 0
0.469634 0.987964 0
0.535283 0.987377 0
209 3
0.469634 0.987964 0
0.454978 0.933579 0
0.454978 0.933579 0
210 3
0.469635 0.987964 0
0.454978 0.933579 0
0.469634 0.987964 0
211 3
0.544777 0.988383 0
0.469635 0.987964 0
0.469634 0.987964 0
212 3
0.890210 0.094993 0
0.799442 0.007123 0
0.798252 0.094993 0
213 3
0.890210 0.094993 0
0.891103 0.007123 0
0.799442 0.007123 0
214 3
0.988655 0.638323 0
0.913603 0.835973 0
0.913552 0.638323 0
215 3
0.913893 0.847319 0
0.988265 0.846999 0
0.988785 0.748039 0
216 3
0.913893 0.847319 0
0.988785 0.748039 0
0.914416 0.747336 0
217 3
0.891487 0.249166 0
0.798252 0.094993 0
0.799058 0.249166 0
218 3
0.891487 0.249166 0
0.890210 0.094993 0
0.798252 0.094993 0
219 3
0.891431 0.360598 0
0.799058 0.249166 0
0.799114 0.360598 0
220 3
0.891431 0.360598 0
0.891487 0.249166 0
0.799058 0.249166 0
221 3
0.889984 0.475595 0
0.799114 0.360598 0
0.798478 0.475595 0
222 3
0.889984 0.475595 0
0.891431 0.360598 0
0.799114 0.360598 0
223 3
0.889676 0.572978 0
0.798478 0.475595 0
0.798786 0.572978 0
224 3
0.889676 0.572978 0
0.889984 0.475595 0
0.798478 0.475595 0
225 3
0.890902 0.691500 0
0.798786 0.572978 0
0.799643 0.691500 0
226 3
0.890902 0.691500 0
0.889676 0.572978 0
0.798786 0.572978 0
227 3
0.889999 0.988287 0
0.799643 0.691500 0
0.798463 0.988287 0
228 3
0.889999 0.988287 0
0.890902 0.691500 0
0.799643 0.691500 0
229 3
0.673043 0.988177 0
0.675768 0.987838 0
0.802125 0.987797 0
230 3
0.993377 0.789176 0
0.911792 0.790722 0
0.993354 0.702196 0
231 3
0.142162 0.635412 0
0.182534 0.591742 0
0.182798 0.635412 0
232 3
0.142162 0.635412 0
0.142426 0.591742 0
0.182534 0.591742 0
233 3
0.141357 0.662956 0
0.182798 0.635412 0
0.179348 0.662956 0
234 3
0.142162 0.635412 0
0.182798 0.635412 0
0.141357 0.662956 0
235 3
0.132068 0.359416 0
0.164020 0.195575 0
0.192892 0.359416 0
236 3
0.146403 0.398821 0
0.192892 0.359416 0
0.178557 0.398821 0
237 3
0.146403 0.398821 0
0.132068 0.359416 0
0.192892 0.359416 0
238 3
0.147116 0.434532 0
0.178557 0.398821 0
0.177845 0.434532 0
239 3
0.146403 0.398821 0
0.178557 0.398821 0
0.147116 0.434532 0
240 3
0.178132 0.503043 0
0.182534 0.591742 0
0.142426 0.591742 0
241 3
0.146828 0.503043 0
0.178132 0.503043 0
0.142426 0.591742 0
242 3
0.177845 0.434532 0
0.178132 0.503043 0
0.146828 0.503043 0
243 3
0.147116 0.434532 0
0.177845 0.434532 0
0.146828 0.503043 0
244 3
0.989051 0.593575 0
0.991051 0.581348 0
0.956010 0.584831 0
245 3
0.989051 0.593575 0
0.956010 0.584831 0
0.957523 0.591278 0
246 3
0.552352 0.734569 0
0.676612 0.591056 0
0.671046 0.704293 0
247 3
0.671046 0.704293 0
0.676612 0.591056 0
0.803798 0.571368 0
248 3
0.671046 0.704293 0
0.803798 0.571368 0
0.802617 0.689724 0
249 3
0.803280 0.105848 0
0.651380 0.005698 0
0.760844 0.006645 0
250 3
0.687937 0.114879 0
0.651380 0.005698 0
0.803280 0.105848 0
251 3
0.687937 0.114879 0
0.540820 0.005865 0
0.651380 0.005698 0
252 3
0.553101 0.138627 0
0.540820 0.005865 0
0.687937 0.114879 0
253 3
0.553101 0.138627 0
0.439303 0.005379 0
0.540820 0.005865 0
254 3
0.435105 0.171622 0
0.439303 0.005379 0
0.553101 0.138627 0
255 3
0.561876 0.304650 0
0.705046 0.380512 0
0.584349 0.378211 0
256 3
0.550968 0.379315 0
0.561876 0.304650 0
0.584349 0.378211 0
257 3
0.696056 0.484225 0
0.803596 0.363914 0
0.802723 0.472634 0
258 3
0.696056 0.484225 0
0.705046 0.380512 0
0.803596 0.363914 0
259 3
0.605357 0.548502 0
0.705046 0.380512 0
0.696056 0.484225 0
260 3
0.605357 0.548502 0
0.608032 0.424147 0
0.705046 0.380512 0
261 3
0.676612 0.591056 0
0.802723 0.472634 0
0.803798 0.571368 0
262 3
0.676612 0.591056 0
0.696056 0.484225 0
0.802723 0.472634 0
263 3
0.469634 0.987964 0
0.454978 0.933579 0
0.535283 0.987377 0
264 3
0.454978 0.933579 0
0.504901 0.874273 0
0.535283 0.987377 0
265 3
0.957523 0.591278 0
0.988928 0.556100 0
0.989051 0.593575 0
266 3
0.988977 0.414653 0
0.989983 0.436671 0
0.971891 0.425455 0
267 3
0.971891 0.425455 0
0.956003 0.424502 0
0.988977 0.414653 0
268 3
0.955410 0.443389 0
0.988977 0.414653 0
0.956003 0.424502 0
269 3
0.990508 0.438532 0
0.988977 0.414653 0
0.955410 0.443389 0
270 3
0.954898 0.536552 0
0.990508 0.438532 0
0.955410 0.443389 0
271 3
0.954898 0.536552 0
0.989682 0.534584 0
0.990508 0.438532 0
272 3
0.956010 0.584831 0
0.989682 0.534584 0
0.954898 0.536552 0
273 3
0.956010 0.584831 0
0.991051 0.581348 0
0.989682 0.534584 0
274 3
0.983821 0.779189 0
0.920395 0.846762 0
0.919409 0.778261 0
275 3
0.983329 0.913962 0
0.920395 0.846762 0
0.983821 0.779189 0
276 3
0.988094 0.881637 0
0.913603 0.835973 0
0.989205 0.787691 0
277 3
0.705046 0.380512 0
0.803639 0.254187 0
0.803596 0.363914 0
278 3
0.705046 0.380512 0
0.704035 0.269182 0
0.803639 0.254187 0
279 3
0.803639 0.254187 0
0.687937 0.114879 0
0.803280 0.105848 0
280 3
0.803639 0.254187 0
0.704035 0.269182 0
0.687937 0.114879 0
281 3
0.981640 0.722008 0
0.917562 0.789733 0
0.917513 0.721874 0
282 3
0.981640 0.722008 0
0.981700 0.789833 0
0.917562 0.789733 0
283 3
0.988857 0.701334 0
0.913603 0.835973 0
0.988655 0.638323 0
284 3
0.504901 0.874273 0
0.469161 0.860075 0
0.521948 0.751459 0
285 3
0.504901 0.874273 0
0.521948 0.751459 0
0.552352 0.734569 0
286 3
0.989205 0.787691 0
0.913603 0.835973 0
0.988857 0.701334 0
287 3
0.988418 0.979825 0
0.913603 0.835973 0
0.988094 0.881637 0
288 3
0.914182 0.981360 0
0.913603 0.835973 0
0.988418 0.979825 0
289 3
0.504901 0.874273 0
0.552352 0.734569 0
0.535283 0.987377 0
290 3
0.561876 0.304650 0
0.687937 0.114879 0
0.704035 0.269182 0
291 3
0.561876 0.304650 0
0.553101 0.138627 0
0.687937 0.114879 0
292 3
0.919625 0.913529 0
0.920395 0.846762 0
0.983329 0.913962 0
293 3
0.911792 0.790722 0
0.911966 0.700180 0
0.993354 0.702196 0
294 3
0.983329 0.913962 0
0.981151 0.979414 0
0.919625 0.913529 0
295 3
0.983821 0.779189 0
0.919646 0.709733 0
0.983783 0.709833 0
296 3
0.983821 0.779189 0
0.919409 0.778261 0
0.919646 0.709733 0
297 3
0.442050 0.535022 0
0.534588 0.405063 0
0.525122 0.587283 0
298 3
0.208886 0.446539 0
0.178557 0.398821 0
0.192892 0.359416 0
299 3
0.240697 0.409376 0
0.192892 0.359416 0
0.239985 0.356598 0
300 3
0.208886 0.446539 0
0.192892 0.359416 0
0.240697 0.409376 0
301 3
0.277804 0.445183 0
0.292476 0.355950 0
0.307130 0.444706 0
302 3
0.239985 0.356598 0
0.292476 0.355950 0
0.240697 0.409376 0
303 3
0.182798 0.635412 0
0.182534 0.591742 0
0.212773 0.647084 0
304 3
0.179348 0.662956 0
0.182798 0.635412 0
0.212773 0.647084 0
305 3
0.335729 0.367899 0
0.352986 0.196033 0
0.438585 0.351830 0
306 3
0.335729 0.367899 0
0.438585 0.351830 0
0.401545 0.469771 0
307 3
0.177845 0.434532 0
0.178557 0.398821 0
0.208886 0.446539 0
308 3
0.239985 0.356598 0
0.261718 0.189298 0
0.292476 0.355950 0
309 3
0.442050 0.535022 0
0.359840 0.567742 0
0.401545 0.469771 0
310 3
0.307130 0.444706 0
0.282792 0.570331 0
0.277804 0.445183 0
311 3
0.277804 0.445183 0
0.282792 0.570331 0
0.241076 0.479067 0
312 3
0.241076 0.479067 0
0.208886 0.446539 0
0.240697 0.409376 0
313 3
0.241076 0.479067 0
0.240697 0.409376 0
0.277804 0.445183 0
314 3
0.241076 0.479067 0
0.211633 0.601629 0
0.208886 0.446539 0
315 3
0.241076 0.479067 0
0.282792 0.570331 0
0.211633 0.601629 0
316 3
0.282792 0.570331 0
0.212773 0.647084 0
0.211633 0.601629 0
317 3
0.178132 0.503043 0
0.177845 0.434532 0
0.211633 0.601629 0
318 3
0.211633 0.601629 0
0.212773 0.647084 0
0.182534 0.591742 0
319 3
0.178132 0.503043 0
0.211633 0.601629 0
0.182534 0.591742 0
320 3
0.211633 0.601629 0
0.177845 0.434532 0
0.208886 0.446539 0
4
0.000000 -90.000000 0.000000
0.000000 180.000000 0.000000
0.000000 0.000000 0.000000
13.204336 25.408672 15.978272
4
0.000000 0.000000 0.000000
0.000000 0.000000 0.000000
0.000000 0.000000 0.000000
10.874166 20.511644 15.692905
4
0.000000 0.000000 0.000000
0.000000 0.000000 0.000000
0.000000 0.000000 0.000000
15.980049 5.088998 10.534524
4
-90.000000 0.000000 0.000000
0.000000 0.000000 0.000000
0.000000 0.000000 0.000000
6.078622 3.539311 7.165310
4
0.000000 0.000000 0.000000
0.000000 0.000000 0.000000
0.000000 0.000000 0.000000
4.974896 24.776073 14.875484
4
0.000000 0.000000 0.000000
0.000000 0.000000 0.000000
0.000000 0.000000 0.000000
1.000000 1.000000 1.000000
4
0.000000 0.000000 0.000000
0.000000 0.000000 0.000000
0.000000 0.000000 0.000000
1.000000 1.000000 1.000000
4
0.000000 0.000000 0.000000
0.000000 0.000000 0.000000
0.000000 0.000000 0.000000
1.000000 1.000000 1.000000
4
0.000000 0.000000 0.000000
0.000000 0.000000 0.000000
0.000000 0.000000 0.000000
1.000000 1.000000 1.000000
