2
1
hd_nvane
NBAonNBC\HEADS\Los_Angeles_Lakers\LWO\hd_nvane.tga
308
0 3
0.576344 0.517372 0
0.657259 0.298394 0
0.551823 0.471090 0
1 3
0.551823 0.471090 0
0.657259 0.298394 0
0.531942 0.298050 0
2 3
0.576344 0.517372 0
0.551823 0.471090 0
0.657259 0.298394 0
3 3
0.551823 0.471090 0
0.531942 0.298050 0
0.657259 0.298394 0
4 3
0.576344 0.517372 0
0.659748 0.469570 0
0.657259 0.298394 0
5 3
0.576344 0.517372 0
0.657259 0.298394 0
0.659748 0.469570 0
6 3
0.330551 0.980781 0
0.380226 0.886712 0
0.273646 0.927510 0
7 3
0.273646 0.927510 0
0.380226 0.886712 0
0.330551 0.980781 0
8 3
0.273646 0.927510 0
0.224455 0.989008 0
0.330551 0.980781 0
9 3
0.330551 0.980781 0
0.224455 0.989008 0
0.273646 0.927510 0
10 3
0.432336 0.942578 0
0.456679 0.888398 0
0.380226 0.886712 0
11 3
0.380226 0.886712 0
0.330551 0.980781 0
0.432336 0.942578 0
12 3
0.380226 0.886712 0
0.456679 0.888398 0
0.432336 0.942578 0
13 3
0.432336 0.942578 0
0.330551 0.980781 0
0.380226 0.886712 0
14 3
0.467729 0.524634 0
0.402458 0.298257 0
0.351735 0.454482 0
15 3
0.467729 0.524634 0
0.351735 0.454482 0
0.382629 0.603734 0
16 3
0.467729 0.524634 0
0.382629 0.603734 0
0.351735 0.454482 0
17 3
0.467729 0.524634 0
0.351735 0.454482 0
0.402458 0.298257 0
18 3
0.382629 0.603734 0
0.290253 0.744312 0
0.380226 0.886712 0
19 3
0.382629 0.603734 0
0.380226 0.886712 0
0.290253 0.744312 0
20 3
0.273646 0.927510 0
0.380226 0.886712 0
0.290253 0.744312 0
21 3
0.273646 0.927510 0
0.290253 0.744312 0
0.380226 0.886712 0
22 3
0.513509 0.812059 0
0.499921 0.990646 0
0.647812 0.990231 0
23 3
0.647812 0.990231 0
0.644778 0.782186 0
0.513509 0.812059 0
24 3
0.647812 0.990231 0
0.499921 0.990646 0
0.513509 0.812059 0
25 3
0.513509 0.812059 0
0.644778 0.782186 0
0.647812 0.990231 0
26 3
0.531553 0.480671 0
0.534118 0.696185 0
0.565605 0.591149 0
27 3
0.565605 0.591149 0
0.561985 0.519671 0
0.531553 0.480671 0
28 3
0.531553 0.480671 0
0.561985 0.519671 0
0.565605 0.591149 0
29 3
0.531553 0.480671 0
0.565605 0.591149 0
0.534118 0.696185 0
30 3
0.534118 0.696185 0
0.531553 0.480671 0
0.467729 0.524634 0
31 3
0.534118 0.696185 0
0.467729 0.524634 0
0.456274 0.634362 0
32 3
0.456274 0.634362 0
0.482638 0.729976 0
0.534118 0.696185 0
33 3
0.467729 0.524634 0
0.531553 0.480671 0
0.534118 0.696185 0
34 3
0.456274 0.634362 0
0.467729 0.524634 0
0.534118 0.696185 0
35 3
0.534118 0.696185 0
0.482638 0.729976 0
0.456274 0.634362 0
36 3
0.548308 0.729813 0
0.458986 0.812632 0
0.513509 0.812059 0
37 3
0.548308 0.729813 0
0.513509 0.812059 0
0.650691 0.695074 0
38 3
0.548308 0.729813 0
0.650691 0.695074 0
0.513509 0.812059 0
39 3
0.548308 0.729813 0
0.513509 0.812059 0
0.458986 0.812632 0
40 3
0.312162 0.569103 0
0.290253 0.744312 0
0.382629 0.603734 0
41 3
0.312162 0.569103 0
0.382629 0.603734 0
0.290253 0.744312 0
42 3
0.649794 0.990242 0
0.647812 0.990231 0
0.495637 0.991415 0
43 3
0.495637 0.991415 0
0.647812 0.990231 0
0.499921 0.990646 0
44 3
0.495637 0.991415 0
0.499921 0.990646 0
0.432407 0.989634 0
45 3
0.649794 0.990242 0
0.789429 0.990844 0
0.647812 0.990231 0
46 3
0.458986 0.812632 0
0.548308 0.729813 0
0.459430 0.743495 0
47 3
0.647812 0.990231 0
0.789429 0.990844 0
0.644778 0.782186 0
48 3
0.644778 0.782186 0
0.789429 0.990844 0
0.789339 0.764603 0
49 3
0.513509 0.812059 0
0.644778 0.782186 0
0.650691 0.695074 0
50 3
0.644778 0.782186 0
0.789562 0.676184 0
0.650691 0.695074 0
51 3
0.644778 0.782186 0
0.789339 0.764603 0
0.789562 0.676184 0
52 3
0.789877 0.142108 0
0.789361 0.003980 0
0.641473 0.003952 0
53 3
0.654908 0.142586 0
0.789877 0.142108 0
0.641473 0.003952 0
54 3
0.654908 0.142586 0
0.641473 0.003952 0
0.529461 0.004006 0
55 3
0.531003 0.144042 0
0.654908 0.142586 0
0.529461 0.004006 0
56 3
0.531003 0.144042 0
0.529461 0.004006 0
0.402933 0.004017 0
57 3
0.402735 0.144771 0
0.531003 0.144042 0
0.402933 0.004017 0
58 3
0.511043 0.471280 0
0.551823 0.471090 0
0.531942 0.298050 0
59 3
0.511043 0.471280 0
0.531942 0.298050 0
0.402458 0.298257 0
60 3
0.657020 0.577065 0
0.789762 0.580453 0
0.789920 0.469189 0
61 3
0.657020 0.577065 0
0.789920 0.469189 0
0.659748 0.469570 0
62 3
0.575300 0.591902 0
0.657020 0.577065 0
0.659748 0.469570 0
63 3
0.575300 0.591902 0
0.659748 0.469570 0
0.576344 0.517372 0
64 3
0.650691 0.695074 0
0.789562 0.676184 0
0.789762 0.580453 0
65 3
0.650691 0.695074 0
0.789762 0.580453 0
0.657020 0.577065 0
66 3
0.548308 0.729813 0
0.650691 0.695074 0
0.657020 0.577065 0
67 3
0.548308 0.729813 0
0.657020 0.577065 0
0.575300 0.591902 0
68 3
0.432407 0.989634 0
0.499921 0.990646 0
0.432336 0.942578 0
69 3
0.432336 0.942578 0
0.499921 0.990646 0
0.456679 0.888398 0
70 3
0.402458 0.298257 0
0.467729 0.524634 0
0.511043 0.471280 0
71 3
0.402458 0.298257 0
0.531003 0.144042 0
0.402735 0.144771 0
72 3
0.531942 0.298050 0
0.531003 0.144042 0
0.402458 0.298257 0
73 3
0.659748 0.469570 0
0.789920 0.469189 0
0.790011 0.296972 0
74 3
0.659748 0.469570 0
0.790011 0.296972 0
0.657259 0.298394 0
75 3
0.790011 0.296972 0
0.789877 0.142108 0
0.654908 0.142586 0
76 3
0.790011 0.296972 0
0.654908 0.142586 0
0.657259 0.298394 0
77 3
0.456679 0.888398 0
0.458986 0.812632 0
0.380226 0.886712 0
78 3
0.456679 0.888398 0
0.513509 0.812059 0
0.458986 0.812632 0
79 3
0.402735 0.144771 0
0.262297 0.004309 0
0.288840 0.145272 0
80 3
0.288840 0.145272 0
0.402458 0.298257 0
0.402735 0.144771 0
81 3
0.456679 0.888398 0
0.499921 0.990646 0
0.513509 0.812059 0
82 3
0.531942 0.298050 0
0.657259 0.298394 0
0.654908 0.142586 0
83 3
0.531942 0.298050 0
0.654908 0.142586 0
0.531003 0.144042 0
84 3
0.262297 0.004309 0
0.402735 0.144771 0
0.402933 0.004017 0
85 3
0.382629 0.603734 0
0.380226 0.886712 0
0.458986 0.812632 0
86 3
0.382629 0.603734 0
0.459430 0.743495 0
0.456274 0.634362 0
87 3
0.459430 0.743495 0
0.382629 0.603734 0
0.458986 0.812632 0
88 3
0.382629 0.603734 0
0.456274 0.634362 0
0.467729 0.524634 0
89 3
0.317676 0.298456 0
0.402458 0.298257 0
0.288840 0.145272 0
90 3
0.317676 0.298456 0
0.351735 0.454482 0
0.402458 0.298257 0
91 3
0.382629 0.603734 0
0.351735 0.454482 0
0.312162 0.569103 0
92 3
0.649794 0.990242 0
0.495637 0.991415 0
0.647812 0.990231 0
93 3
0.495637 0.991415 0
0.499921 0.990646 0
0.647812 0.990231 0
94 3
0.495637 0.991415 0
0.432407 0.989634 0
0.499921 0.990646 0
95 3
0.224455 0.989008 0
0.224455 0.989008 0
0.330551 0.980781 0
96 3
0.330551 0.980781 0
0.224455 0.989008 0
0.330551 0.980781 0
97 3
0.330551 0.980781 0
0.330551 0.980781 0
0.432336 0.942578 0
98 3
0.330551 0.980781 0
0.432336 0.942578 0
0.432336 0.942578 0
99 3
0.432407 0.989634 0
0.432336 0.942578 0
0.432336 0.942578 0
100 3
0.432407 0.989634 0
0.432336 0.942578 0
0.432407 0.989634 0
101 3
0.495637 0.991415 0
0.432407 0.989634 0
0.432407 0.989634 0
102 3
0.649794 0.990242 0
0.647812 0.990231 0
0.789429 0.990844 0
103 3
0.458986 0.812632 0
0.459430 0.743495 0
0.548308 0.729813 0
104 3
0.647812 0.990231 0
0.644778 0.782186 0
0.789429 0.990844 0
105 3
0.644778 0.782186 0
0.789339 0.764603 0
0.789429 0.990844 0
106 3
0.513509 0.812059 0
0.650691 0.695074 0
0.644778 0.782186 0
107 3
0.644778 0.782186 0
0.650691 0.695074 0
0.789562 0.676184 0
108 3
0.644778 0.782186 0
0.789562 0.676184 0
0.789339 0.764603 0
109 3
0.789877 0.142108 0
0.641473 0.003952 0
0.789361 0.003980 0
110 3
0.654908 0.142586 0
0.641473 0.003952 0
0.789877 0.142108 0
111 3
0.654908 0.142586 0
0.529461 0.004006 0
0.641473 0.003952 0
112 3
0.531003 0.144042 0
0.529461 0.004006 0
0.654908 0.142586 0
113 3
0.531003 0.144042 0
0.402933 0.004017 0
0.529461 0.004006 0
114 3
0.402735 0.144771 0
0.402933 0.004017 0
0.531003 0.144042 0
115 3
0.511043 0.471280 0
0.531942 0.298050 0
0.551823 0.471090 0
116 3
0.511043 0.471280 0
0.402458 0.298257 0
0.531942 0.298050 0
117 3
0.657020 0.577065 0
0.789920 0.469189 0
0.789762 0.580453 0
118 3
0.657020 0.577065 0
0.659748 0.469570 0
0.789920 0.469189 0
119 3
0.575300 0.591902 0
0.659748 0.469570 0
0.657020 0.577065 0
120 3
0.575300 0.591902 0
0.576344 0.517372 0
0.659748 0.469570 0
121 3
0.650691 0.695074 0
0.789762 0.580453 0
0.789562 0.676184 0
122 3
0.650691 0.695074 0
0.657020 0.577065 0
0.789762 0.580453 0
123 3
0.548308 0.729813 0
0.657020 0.577065 0
0.650691 0.695074 0
124 3
0.548308 0.729813 0
0.575300 0.591902 0
0.657020 0.577065 0
125 3
0.432407 0.989634 0
0.432336 0.942578 0
0.499921 0.990646 0
126 3
0.432336 0.942578 0
0.456679 0.888398 0
0.499921 0.990646 0
127 3
0.402458 0.298257 0
0.511043 0.471280 0
0.467729 0.524634 0
128 3
0.402458 0.298257 0
0.402735 0.144771 0
0.531003 0.144042 0
129 3
0.531942 0.298050 0
0.402458 0.298257 0
0.531003 0.144042 0
130 3
0.659748 0.469570 0
0.790011 0.296972 0
0.789920 0.469189 0
131 3
0.659748 0.469570 0
0.657259 0.298394 0
0.790011 0.296972 0
132 3
0.790011 0.296972 0
0.654908 0.142586 0
0.789877 0.142108 0
133 3
0.790011 0.296972 0
0.657259 0.298394 0
0.654908 0.142586 0
134 3
0.456679 0.888398 0
0.380226 0.886712 0
0.458986 0.812632 0
135 3
0.456679 0.888398 0
0.458986 0.812632 0
0.513509 0.812059 0
136 3
0.402735 0.144771 0
0.288840 0.145272 0
0.262297 0.004309 0
137 3
0.288840 0.145272 0
0.402735 0.144771 0
0.402458 0.298257 0
138 3
0.456679 0.888398 0
0.513509 0.812059 0
0.499921 0.990646 0
139 3
0.531942 0.298050 0
0.654908 0.142586 0
0.657259 0.298394 0
140 3
0.531942 0.298050 0
0.531003 0.144042 0
0.654908 0.142586 0
141 3
0.262297 0.004309 0
0.402933 0.004017 0
0.402735 0.144771 0
142 3
0.382629 0.603734 0
0.458986 0.812632 0
0.380226 0.886712 0
143 3
0.382629 0.603734 0
0.456274 0.634362 0
0.459430 0.743495 0
144 3
0.459430 0.743495 0
0.458986 0.812632 0
0.382629 0.603734 0
145 3
0.382629 0.603734 0
0.467729 0.524634 0
0.456274 0.634362 0
146 3
0.317676 0.298456 0
0.288840 0.145272 0
0.402458 0.298257 0
147 3
0.317676 0.298456 0
0.402458 0.298257 0
0.351735 0.454482 0
148 3
0.382629 0.603734 0
0.312162 0.569103 0
0.351735 0.454482 0
149 3
0.064054 0.744218 0
0.147241 0.785956 0
0.146114 0.832082 0
150 3
0.064054 0.744218 0
0.146114 0.832082 0
0.087022 0.927547 0
151 3
0.290298 0.744216 0
0.273598 0.927547 0
0.211146 0.832082 0
152 3
0.290298 0.744216 0
0.211146 0.832082 0
0.210019 0.785956 0
153 3
0.147606 0.671750 0
0.064054 0.744218 0
0.126390 0.583285 0
154 3
0.126390 0.583285 0
0.161957 0.608124 0
0.147606 0.671750 0
155 3
0.234383 0.583285 0
0.290298 0.744216 0
0.209654 0.671750 0
156 3
0.209654 0.671750 0
0.195303 0.608124 0
0.234383 0.583285 0
157 3
0.146114 0.832082 0
0.147241 0.785956 0
0.210019 0.785956 0
158 3
0.210019 0.785956 0
0.211146 0.832082 0
0.146114 0.832082 0
159 3
0.209765 0.939277 0
0.149359 0.939277 0
0.146114 0.832082 0
160 3
0.146114 0.832082 0
0.211146 0.832082 0
0.209765 0.939277 0
161 3
0.135721 0.989031 0
0.149359 0.939277 0
0.209765 0.939277 0
162 3
0.135721 0.989031 0
0.209765 0.939277 0
0.224461 0.989031 0
163 3
0.087022 0.927547 0
0.146114 0.832082 0
0.149359 0.939277 0
164 3
0.273598 0.927547 0
0.209765 0.939277 0
0.211146 0.832082 0
165 3
0.087022 0.927547 0
0.149359 0.939277 0
0.135721 0.989031 0
166 3
0.273598 0.927547 0
0.224461 0.989031 0
0.209765 0.939277 0
167 3
0.038009 0.569046 0
0.126390 0.583285 0
0.064054 0.744218 0
168 3
0.234383 0.583285 0
0.312206 0.569046 0
0.290298 0.744216 0
169 3
0.210019 0.785956 0
0.147241 0.785956 0
0.147606 0.671750 0
170 3
0.147606 0.671750 0
0.209654 0.671750 0
0.210019 0.785956 0
171 3
0.195303 0.608124 0
0.209654 0.671750 0
0.147606 0.671750 0
172 3
0.147606 0.671750 0
0.161957 0.608124 0
0.195303 0.608124 0
173 3
0.147241 0.785956 0
0.064054 0.744218 0
0.147606 0.671750 0
174 3
0.210019 0.785956 0
0.209654 0.671750 0
0.290298 0.744216 0
175 3
0.172380 0.145670 0
0.091626 0.004308 0
0.172380 0.004391 0
176 3
0.172380 0.145670 0
0.061228 0.145276 0
0.091626 0.004308 0
177 3
0.131248 0.451120 0
0.146154 0.307972 0
0.158027 0.406697 0
178 3
0.076999 0.424087 0
0.076457 0.294772 0
0.146154 0.307972 0
179 3
0.131248 0.451120 0
0.076999 0.424087 0
0.146154 0.307972 0
180 3
0.033050 0.452590 0
0.005783 0.454492 0
0.035947 0.298582 0
181 3
0.076999 0.424087 0
0.033050 0.452590 0
0.035947 0.298582 0
182 3
0.076457 0.294772 0
0.076999 0.424087 0
0.035947 0.298582 0
183 3
0.160471 0.569453 0
0.126390 0.583285 0
0.160767 0.537275 0
184 3
0.161957 0.608124 0
0.126390 0.583285 0
0.160471 0.569453 0
185 3
0.146154 0.307972 0
0.076457 0.294772 0
0.061228 0.145276 0
186 3
0.146154 0.307972 0
0.061228 0.145276 0
0.172380 0.145670 0
187 3
0.158750 0.440062 0
0.131248 0.451120 0
0.158027 0.406697 0
188 3
0.076457 0.294772 0
0.035947 0.298582 0
0.061228 0.145276 0
189 3
0.005783 0.454492 0
0.033050 0.452590 0
0.038009 0.569046 0
190 3
0.033050 0.452590 0
0.076537 0.479681 0
0.038009 0.569046 0
191 3
0.076537 0.479681 0
0.076999 0.424087 0
0.131248 0.451120 0
192 3
0.033050 0.452590 0
0.076999 0.424087 0
0.076537 0.479681 0
193 3
0.076537 0.479681 0
0.131248 0.451120 0
0.132552 0.541133 0
194 3
0.076537 0.479681 0
0.132552 0.541133 0
0.038009 0.569046 0
195 3
0.038009 0.569046 0
0.132552 0.541133 0
0.126390 0.583285 0
196 3
0.162751 0.489544 0
0.132552 0.541133 0
0.158750 0.440062 0
197 3
0.132552 0.541133 0
0.160767 0.537275 0
0.126390 0.583285 0
198 3
0.162751 0.489544 0
0.160767 0.537275 0
0.132552 0.541133 0
199 3
0.132552 0.541133 0
0.131248 0.451120 0
0.158750 0.440062 0
200 3
0.172380 0.145670 0
0.172380 0.004391 0
0.262225 0.004308 0
201 3
0.160471 0.569453 0
0.196493 0.537275 0
0.196789 0.569453 0
202 3
0.160471 0.569453 0
0.160767 0.537275 0
0.196493 0.537275 0
203 3
0.161957 0.608124 0
0.196789 0.569453 0
0.195303 0.608124 0
204 3
0.160471 0.569453 0
0.196789 0.569453 0
0.161957 0.608124 0
205 3
0.146154 0.307972 0
0.172380 0.145670 0
0.198606 0.307972 0
206 3
0.158027 0.406697 0
0.198606 0.307972 0
0.186733 0.406697 0
207 3
0.158027 0.406697 0
0.146154 0.307972 0
0.198606 0.307972 0
208 3
0.158750 0.440062 0
0.186733 0.406697 0
0.186011 0.440062 0
209 3
0.158027 0.406697 0
0.186733 0.406697 0
0.158750 0.440062 0
210 3
0.194509 0.489544 0
0.196493 0.537275 0
0.160767 0.537275 0
211 3
0.162751 0.489544 0
0.194509 0.489544 0
0.160767 0.537275 0
212 3
0.186011 0.440062 0
0.194509 0.489544 0
0.162751 0.489544 0
213 3
0.158750 0.440062 0
0.186011 0.440062 0
0.162751 0.489544 0
214 3
0.172380 0.145670 0
0.262225 0.004308 0
0.288854 0.145276 0
215 3
0.219763 0.451120 0
0.186733 0.406697 0
0.198606 0.307972 0
216 3
0.267761 0.424087 0
0.198606 0.307972 0
0.268303 0.294772 0
217 3
0.219763 0.451120 0
0.198606 0.307972 0
0.267761 0.424087 0
218 3
0.317166 0.452590 0
0.317671 0.298582 0
0.351705 0.454492 0
219 3
0.267761 0.424087 0
0.317671 0.298582 0
0.317166 0.452590 0
220 3
0.268303 0.294772 0
0.317671 0.298582 0
0.267761 0.424087 0
221 3
0.196789 0.569453 0
0.196493 0.537275 0
0.234383 0.583285 0
222 3
0.196789 0.569453 0
0.234383 0.583285 0
0.195303 0.608124 0
223 3
0.198606 0.307972 0
0.288854 0.145276 0
0.268303 0.294772 0
224 3
0.198606 0.307972 0
0.172380 0.145670 0
0.288854 0.145276 0
225 3
0.186011 0.440062 0
0.186733 0.406697 0
0.219763 0.451120 0
226 3
0.268303 0.294772 0
0.288854 0.145276 0
0.317671 0.298582 0
227 3
0.351705 0.454492 0
0.312206 0.569046 0
0.317166 0.452590 0
228 3
0.317166 0.452590 0
0.312206 0.569046 0
0.268223 0.479681 0
229 3
0.268223 0.479681 0
0.219763 0.451120 0
0.267761 0.424087 0
230 3
0.317166 0.452590 0
0.268223 0.479681 0
0.267761 0.424087 0
231 3
0.268223 0.479681 0
0.231981 0.541133 0
0.219763 0.451120 0
232 3
0.268223 0.479681 0
0.312206 0.569046 0
0.231981 0.541133 0
233 3
0.312206 0.569046 0
0.234383 0.583285 0
0.231981 0.541133 0
234 3
0.194509 0.489544 0
0.186011 0.440062 0
0.231981 0.541133 0
235 3
0.231981 0.541133 0
0.234383 0.583285 0
0.196493 0.537275 0
236 3
0.194509 0.489544 0
0.231981 0.541133 0
0.196493 0.537275 0
237 3
0.231981 0.541133 0
0.186011 0.440062 0
0.219763 0.451120 0
238 3
0.806564 0.987535 0
0.909107 0.988816 0
0.790606 0.988816 0
239 3
0.909612 0.141679 0
0.790700 0.003975 0
0.790635 0.141679 0
240 3
0.909612 0.141679 0
0.909327 0.003975 0
0.790700 0.003975 0
241 3
0.909960 0.298840 0
0.790635 0.141679 0
0.790636 0.298840 0
242 3
0.909960 0.298840 0
0.909612 0.141679 0
0.790635 0.141679 0
243 3
0.909533 0.468331 0
0.790636 0.298840 0
0.790646 0.468331 0
244 3
0.909533 0.468331 0
0.909960 0.298840 0
0.790636 0.298840 0
245 3
0.909355 0.579688 0
0.790646 0.468331 0
0.790671 0.579688 0
246 3
0.909355 0.579688 0
0.909533 0.468331 0
0.790646 0.468331 0
247 3
0.909476 0.676437 0
0.790671 0.579688 0
0.790629 0.676437 0
248 3
0.909476 0.676437 0
0.909355 0.579688 0
0.790671 0.579688 0
249 3
0.909311 0.764366 0
0.790629 0.676437 0
0.790627 0.764366 0
250 3
0.909311 0.764366 0
0.909476 0.676437 0
0.790629 0.676437 0
251 3
0.909107 0.988816 0
0.790627 0.764366 0
0.790606 0.988816 0
252 3
0.909107 0.988816 0
0.909311 0.764366 0
0.790627 0.764366 0
253 3
0.995133 0.955052 0
0.928280 0.942075 0
0.994906 0.940099 0
254 3
0.995133 0.955052 0
0.929800 0.953317 0
0.928280 0.942075 0
255 3
0.929800 0.953317 0
0.995133 0.955052 0
0.995164 0.916791 0
256 3
0.995075 0.862160 0
0.994927 0.850805 0
0.928758 0.850955 0
257 3
0.928758 0.850955 0
0.994927 0.850805 0
0.928119 0.850870 0
258 3
0.927635 0.864414 0
0.928119 0.850870 0
0.994927 0.850805 0
259 3
0.994831 0.866039 0
0.927635 0.864414 0
0.994927 0.850805 0
260 3
0.927789 0.897766 0
0.927635 0.864414 0
0.994831 0.866039 0
261 3
0.927789 0.897766 0
0.994831 0.866039 0
0.994820 0.897668 0
262 3
0.928280 0.942075 0
0.927789 0.897766 0
0.994820 0.897668 0
263 3
0.928280 0.942075 0
0.994820 0.897668 0
0.994906 0.940099 0
264 3
0.995133 0.955052 0
0.994906 0.940099 0
0.928280 0.942075 0
265 3
0.995133 0.955052 0
0.928280 0.942075 0
0.929800 0.953317 0
266 3
0.929800 0.953317 0
0.995164 0.916791 0
0.995133 0.955052 0
267 3
0.994927 0.850805 0
0.995075 0.862160 0
0.928758 0.850955 0
268 3
0.928758 0.850955 0
0.928119 0.850870 0
0.994927 0.850805 0
269 3
0.927635 0.864414 0
0.994927 0.850805 0
0.928119 0.850870 0
270 3
0.994831 0.866039 0
0.994927 0.850805 0
0.927635 0.864414 0
271 3
0.927789 0.897766 0
0.994831 0.866039 0
0.927635 0.864414 0
272 3
0.927789 0.897766 0
0.994820 0.897668 0
0.994831 0.866039 0
273 3
0.928280 0.942075 0
0.994820 0.897668 0
0.927789 0.897766 0
274 3
0.928280 0.942075 0
0.994906 0.940099 0
0.994820 0.897668 0
275 3
0.993213 0.603971 0
0.930561 0.573956 0
0.993538 0.485323 0
276 3
0.929877 0.456687 0
0.991157 0.418166 0
0.991621 0.608100 0
277 3
0.926953 0.660400 0
0.989600 0.596494 0
0.989751 0.767526 0
278 3
0.993651 0.763735 0
0.930835 0.717538 0
0.993355 0.623543 0
279 3
0.990725 0.647073 0
0.930805 0.576947 0
0.990725 0.462912 0
280 3
0.993971 0.475320 0
0.993647 0.667346 0
0.930557 0.488145 0
281 3
0.992307 0.661009 0
0.964638 0.772180 0
0.928167 0.659360 0
282 3
0.995657 0.619116 0
0.934938 0.770047 0
0.933475 0.582905 0
283 3
0.991902 0.617223 0
0.932884 0.726457 0
0.930570 0.552719 0
284 3
0.937692 0.758342 0
0.939222 0.628423 0
0.995370 0.716268 0
285 3
0.932427 0.713297 0
0.932427 0.525729 0
0.992381 0.641873 0
286 3
0.976647 0.664567 0
0.994204 0.491648 0
0.934722 0.478896 0
287 3
0.486521 0.078423 0
0.569271 0.119771 0
0.569084 0.001535 0
288 3
0.933643 0.678719 0
0.994353 0.510345 0
0.929496 0.432357 0
289 3
0.990598 0.715902 0
0.988671 0.551117 0
0.930030 0.626286 0
290 3
0.591806 0.007229 0
0.471644 0.035858 0
0.598028 0.081670 0
291 3
0.469742 0.011113 0
0.539292 0.125984 0
0.660402 0.007914 0
292 3
0.993678 0.501072 0
0.934573 0.441959 0
0.931684 0.647620 0
293 3
0.930388 0.730142 0
0.990169 0.739649 0
0.990623 0.555941 0
294 3
0.931589 0.778523 0
0.995608 0.607923 0
0.931860 0.588375 0
295 3
0.976647 0.664567 0
0.934722 0.478896 0
0.994204 0.491648 0
296 3
0.486521 0.078423 0
0.569084 0.001535 0
0.569271 0.119771 0
297 3
0.933643 0.678719 0
0.929496 0.432357 0
0.994353 0.510345 0
298 3
0.990598 0.715902 0
0.930030 0.626286 0
0.988671 0.551117 0
299 3
0.591806 0.007229 0
0.598028 0.081670 0
0.471644 0.035858 0
300 3
0.469742 0.011113 0
0.660402 0.007914 0
0.539292 0.125984 0
301 3
0.993678 0.501072 0
0.931684 0.647620 0
0.934573 0.441959 0
302 3
0.930388 0.730142 0
0.990623 0.555941 0
0.990169 0.739649 0
303 3
0.931589 0.778523 0
0.931860 0.588375 0
0.995608 0.607923 0
304 3
0.672053 0.005312 0
0.661909 0.099181 0
0.516356 0.008252 0
305 3
0.524435 0.006162 0
0.680107 0.011289 0
0.532890 0.110705 0
306 3
0.697062 0.094476 0
0.663682 0.005232 0
0.577923 0.005232 0
307 3
0.697062 0.094476 0
0.577923 0.005232 0
0.544542 0.094476 0
4
0.000000 0.000000 0.000000
0.000000 0.000000 0.000000
0.000000 0.000000 0.000000
1.000000 1.000000 1.000000
