2
1
hd_pewin
NBAonNBC\HEADS\New_York\LWO\hd_pewin.tga
309
0 3
0.704438 0.630468 0
0.549708 0.554185 0
0.704438 0.331274 0
1 3
0.704438 0.331274 0
0.859166 0.554185 0
0.704438 0.630468 0
2 3
0.507892 0.388310 0
0.509605 0.228892 0
0.704438 0.331274 0
3 3
0.552569 0.121073 0
0.643125 0.045734 0
0.704438 0.331274 0
4 3
0.509605 0.228892 0
0.552569 0.121073 0
0.704438 0.331274 0
5 3
0.549708 0.554185 0
0.507892 0.388310 0
0.704438 0.331274 0
6 3
0.765749 0.045734 0
0.704438 0.331274 0
0.643125 0.045734 0
7 3
0.900984 0.388310 0
0.704438 0.331274 0
0.899269 0.228892 0
8 3
0.856305 0.121073 0
0.704438 0.331274 0
0.765749 0.045734 0
9 3
0.899269 0.228892 0
0.704438 0.331274 0
0.856305 0.121073 0
10 3
0.859166 0.554185 0
0.704438 0.331274 0
0.900984 0.388310 0
11 3
0.789695 0.440042 0
0.551076 0.194332 0
0.519831 0.387920 0
12 3
0.473052 0.202300 0
0.329177 0.174135 0
0.352233 0.325645 0
13 3
0.473052 0.202300 0
0.352233 0.325645 0
0.329177 0.174135 0
14 3
0.789695 0.440042 0
0.519831 0.387920 0
0.551076 0.194332 0
15 3
0.258154 0.778566 0
0.374941 0.784436 0
0.355299 0.557979 0
16 3
0.355299 0.557979 0
0.277935 0.563092 0
0.258154 0.778566 0
17 3
0.355299 0.557979 0
0.374941 0.784436 0
0.258154 0.778566 0
18 3
0.258154 0.778566 0
0.277935 0.563092 0
0.355299 0.557979 0
19 3
0.254572 0.201566 0
0.263507 0.349934 0
0.352233 0.325645 0
20 3
0.352233 0.325645 0
0.329177 0.174135 0
0.254572 0.201566 0
21 3
0.352233 0.325645 0
0.263507 0.349934 0
0.254572 0.201566 0
22 3
0.254572 0.201566 0
0.329177 0.174135 0
0.352233 0.325645 0
23 3
0.374941 0.784436 0
0.415183 0.705312 0
0.400896 0.645790 0
24 3
0.374941 0.784436 0
0.400896 0.645790 0
0.355299 0.557979 0
25 3
0.374941 0.784436 0
0.355299 0.557979 0
0.400896 0.645790 0
26 3
0.374941 0.784436 0
0.400896 0.645790 0
0.415183 0.705312 0
27 3
0.352233 0.325645 0
0.302113 0.442992 0
0.355299 0.557979 0
28 3
0.352233 0.325645 0
0.355299 0.557979 0
0.417334 0.474790 0
29 3
0.352233 0.325645 0
0.417334 0.474790 0
0.355299 0.557979 0
30 3
0.352233 0.325645 0
0.355299 0.557979 0
0.302113 0.442992 0
31 3
0.355299 0.557979 0
0.400896 0.645790 0
0.417334 0.474790 0
32 3
0.355299 0.557979 0
0.417334 0.474790 0
0.400896 0.645790 0
33 3
0.291847 0.968501 0
0.186663 0.984075 0
0.186663 0.984075 0
34 3
0.291847 0.968501 0
0.186663 0.984075 0
0.291847 0.968501 0
35 3
0.291847 0.968501 0
0.230610 0.914469 0
0.186663 0.984075 0
36 3
0.291847 0.968501 0
0.186663 0.984075 0
0.230610 0.914469 0
37 3
0.291847 0.968501 0
0.374941 0.784436 0
0.414819 0.832965 0
38 3
0.291847 0.968501 0
0.360659 0.916797 0
0.414819 0.832965 0
39 3
0.291847 0.968501 0
0.414819 0.832965 0
0.360659 0.916797 0
40 3
0.291847 0.968501 0
0.414819 0.832965 0
0.374941 0.784436 0
41 3
0.360659 0.916797 0
0.360659 0.916797 0
0.291847 0.968501 0
42 3
0.360659 0.916797 0
0.291847 0.968501 0
0.291847 0.968501 0
43 3
0.374941 0.784436 0
0.230610 0.914469 0
0.291847 0.968501 0
44 3
0.374941 0.784436 0
0.291847 0.968501 0
0.230610 0.914469 0
45 3
0.230610 0.914469 0
0.374941 0.784436 0
0.258154 0.778566 0
46 3
0.230610 0.914469 0
0.258154 0.778566 0
0.374941 0.784436 0
47 3
0.374941 0.784436 0
0.414819 0.832965 0
0.462747 0.751656 0
48 3
0.374941 0.784436 0
0.462747 0.751656 0
0.415183 0.705312 0
49 3
0.374941 0.784436 0
0.415183 0.705312 0
0.462747 0.751656 0
50 3
0.374941 0.784436 0
0.462747 0.751656 0
0.414819 0.832965 0
51 3
0.501017 0.621060 0
0.462747 0.751656 0
0.611543 0.734328 0
52 3
0.501017 0.621060 0
0.611543 0.734328 0
0.462747 0.751656 0
53 3
0.623885 0.992417 0
0.611543 0.734328 0
0.462747 0.751656 0
54 3
0.623885 0.992417 0
0.462747 0.751656 0
0.611543 0.734328 0
55 3
0.727555 0.206268 0
0.732222 0.398643 0
0.863243 0.397032 0
56 3
0.727555 0.206268 0
0.861001 0.185569 0
0.863243 0.397032 0
57 3
0.727555 0.206268 0
0.861001 0.185569 0
0.859881 0.020033 0
58 3
0.727555 0.206268 0
0.723956 0.029089 0
0.859881 0.020033 0
59 3
0.727555 0.206268 0
0.859881 0.020033 0
0.723956 0.029089 0
60 3
0.727555 0.206268 0
0.859881 0.020033 0
0.861001 0.185569 0
61 3
0.254572 0.201566 0
0.329177 0.174135 0
0.247425 0.129869 0
62 3
0.254572 0.201566 0
0.247425 0.129869 0
0.329177 0.174135 0
63 3
0.425754 0.690192 0
0.400896 0.645790 0
0.417334 0.474790 0
64 3
0.425754 0.690192 0
0.417334 0.474790 0
0.456323 0.414515 0
65 3
0.425754 0.690192 0
0.456323 0.414515 0
0.417334 0.474790 0
66 3
0.417334 0.474790 0
0.400896 0.645790 0
0.425754 0.690192 0
67 3
0.490183 0.606612 0
0.425754 0.690192 0
0.456323 0.414515 0
68 3
0.490183 0.606612 0
0.456323 0.414515 0
0.480727 0.416934 0
69 3
0.490183 0.606612 0
0.480727 0.416934 0
0.456323 0.414515 0
70 3
0.490183 0.606612 0
0.456323 0.414515 0
0.425754 0.690192 0
71 3
0.490183 0.606612 0
0.506361 0.479639 0
0.480727 0.416934 0
72 3
0.623885 0.992417 0
0.462747 0.751656 0
0.427064 0.991053 0
73 3
0.623885 0.992417 0
0.427064 0.991053 0
0.462747 0.751656 0
74 3
0.598337 0.280076 0
0.603490 0.035807 0
0.447132 0.080605 0
75 3
0.516691 0.477355 0
0.501017 0.621060 0
0.622684 0.576435 0
76 3
0.447132 0.080605 0
0.603490 0.035807 0
0.598337 0.280076 0
77 3
0.622684 0.576435 0
0.501017 0.621060 0
0.516691 0.477355 0
78 3
0.598337 0.280076 0
0.764012 0.013897 0
0.603490 0.035807 0
79 3
0.598337 0.280076 0
0.603490 0.035807 0
0.764012 0.013897 0
80 3
0.490183 0.606612 0
0.480727 0.416934 0
0.506361 0.479639 0
81 3
0.462747 0.751656 0
0.501017 0.621060 0
0.415183 0.705312 0
82 3
0.462747 0.751656 0
0.415183 0.705312 0
0.501017 0.621060 0
83 3
0.611543 0.734328 0
0.622684 0.576435 0
0.501017 0.621060 0
84 3
0.501017 0.621060 0
0.622684 0.576435 0
0.611543 0.734328 0
85 3
0.582444 0.597950 0
0.763878 0.424931 0
0.598337 0.280076 0
86 3
0.582444 0.597950 0
0.598337 0.280076 0
0.763878 0.424931 0
87 3
0.627970 0.991917 0
0.623885 0.992417 0
0.433429 0.992707 0
88 3
0.433429 0.992707 0
0.623885 0.992417 0
0.427064 0.991053 0
89 3
0.433429 0.992707 0
0.427064 0.991053 0
0.365742 0.991937 0
90 3
0.627970 0.991917 0
0.800546 0.991100 0
0.623885 0.992417 0
91 3
0.623885 0.992417 0
0.800546 0.991100 0
0.611543 0.734328 0
92 3
0.611543 0.734328 0
0.800546 0.991100 0
0.800537 0.724900 0
93 3
0.582444 0.597950 0
0.852056 0.578969 0
0.763878 0.424931 0
94 3
0.585202 0.400328 0
0.732222 0.398643 0
0.727555 0.206268 0
95 3
0.574068 0.217348 0
0.585202 0.400328 0
0.727555 0.206268 0
96 3
0.574068 0.217348 0
0.727555 0.206268 0
0.723956 0.029089 0
97 3
0.571912 0.040841 0
0.574068 0.217348 0
0.723956 0.029089 0
98 3
0.789695 0.440042 0
0.775897 0.249509 0
0.551076 0.194332 0
99 3
0.516691 0.477355 0
0.626296 0.455103 0
0.620247 0.314812 0
100 3
0.516691 0.477355 0
0.620247 0.314812 0
0.493187 0.403140 0
101 3
0.523152 0.045814 0
0.672754 0.252673 0
0.650243 0.025621 0
102 3
0.447299 0.404307 0
0.493187 0.403140 0
0.481925 0.326470 0
103 3
0.447299 0.404307 0
0.481925 0.326470 0
0.352233 0.325645 0
104 3
0.598337 0.280076 0
0.763989 0.268498 0
0.764012 0.013897 0
105 3
0.598337 0.280076 0
0.763878 0.424931 0
0.763989 0.268498 0
106 3
0.365742 0.991937 0
0.427064 0.991053 0
0.360659 0.916797 0
107 3
0.360659 0.916797 0
0.427064 0.991053 0
0.414819 0.832965 0
108 3
0.352233 0.325645 0
0.417334 0.474790 0
0.447299 0.404307 0
109 3
0.775897 0.249509 0
0.765395 0.079310 0
0.601084 0.078979 0
110 3
0.551076 0.194332 0
0.775897 0.249509 0
0.601084 0.078979 0
111 3
0.481925 0.326470 0
0.473052 0.202300 0
0.352233 0.325645 0
112 3
0.585307 0.119111 0
0.605822 0.303717 0
0.835697 0.300823 0
113 3
0.585307 0.119111 0
0.835697 0.300823 0
0.818209 0.106153 0
114 3
0.690242 0.447343 0
0.871358 0.445209 0
0.858907 0.222895 0
115 3
0.690242 0.447343 0
0.858907 0.222895 0
0.672754 0.252673 0
116 3
0.727555 0.206268 0
0.863243 0.397032 0
0.861001 0.185569 0
117 3
0.414819 0.832965 0
0.427064 0.991053 0
0.462747 0.751656 0
118 3
0.650243 0.025621 0
0.672754 0.252673 0
0.858907 0.222895 0
119 3
0.650243 0.025621 0
0.858907 0.222895 0
0.856605 0.008529 0
120 3
0.247425 0.129869 0
0.329177 0.174135 0
0.345835 0.069526 0
121 3
0.235347 0.004846 0
0.345835 0.069526 0
0.372496 0.007193 0
122 3
0.345835 0.069526 0
0.235347 0.004846 0
0.247425 0.129869 0
123 3
0.263507 0.349934 0
0.302113 0.442992 0
0.352233 0.325645 0
124 3
0.355299 0.557979 0
0.302113 0.442992 0
0.277935 0.563092 0
125 3
0.627970 0.991917 0
0.433429 0.992707 0
0.623885 0.992417 0
126 3
0.433429 0.992707 0
0.427064 0.991053 0
0.623885 0.992417 0
127 3
0.433429 0.992707 0
0.365741 0.991937 0
0.427064 0.991053 0
128 3
0.365741 0.991937 0
0.360659 0.916797 0
0.360659 0.916797 0
129 3
0.365742 0.991937 0
0.360659 0.916797 0
0.365741 0.991937 0
130 3
0.433429 0.992707 0
0.365742 0.991937 0
0.365741 0.991937 0
131 3
0.627970 0.991917 0
0.623885 0.992417 0
0.800546 0.991100 0
132 3
0.623885 0.992417 0
0.611543 0.734328 0
0.800546 0.991100 0
133 3
0.611543 0.734328 0
0.800537 0.724900 0
0.800546 0.991100 0
134 3
0.582444 0.597950 0
0.763878 0.424931 0
0.852056 0.578969 0
135 3
0.585202 0.400328 0
0.727555 0.206268 0
0.732222 0.398643 0
136 3
0.574068 0.217348 0
0.727555 0.206268 0
0.585202 0.400328 0
137 3
0.574068 0.217348 0
0.723956 0.029089 0
0.727555 0.206268 0
138 3
0.571912 0.040841 0
0.723956 0.029089 0
0.574068 0.217348 0
139 3
0.789695 0.440042 0
0.551076 0.194332 0
0.775897 0.249509 0
140 3
0.516691 0.477355 0
0.620247 0.314812 0
0.626296 0.455103 0
141 3
0.516691 0.477355 0
0.493187 0.403140 0
0.620247 0.314812 0
142 3
0.523152 0.045814 0
0.650243 0.025621 0
0.672754 0.252673 0
143 3
0.447299 0.404307 0
0.481925 0.326470 0
0.493187 0.403140 0
144 3
0.447299 0.404307 0
0.352233 0.325645 0
0.481925 0.326470 0
145 3
0.598337 0.280076 0
0.764012 0.013897 0
0.763989 0.268498 0
146 3
0.598337 0.280076 0
0.763989 0.268498 0
0.763878 0.424931 0
147 3
0.365741 0.991937 0
0.360659 0.916797 0
0.427064 0.991053 0
148 3
0.360659 0.916797 0
0.414819 0.832965 0
0.427064 0.991053 0
149 3
0.352233 0.325645 0
0.447299 0.404307 0
0.417334 0.474790 0
150 3
0.775897 0.249509 0
0.601084 0.078979 0
0.765395 0.079310 0
151 3
0.551076 0.194332 0
0.601084 0.078979 0
0.775897 0.249509 0
152 3
0.481925 0.326470 0
0.352233 0.325645 0
0.473052 0.202300 0
153 3
0.585307 0.119111 0
0.835697 0.300823 0
0.605822 0.303717 0
154 3
0.585307 0.119111 0
0.818209 0.106153 0
0.835697 0.300823 0
155 3
0.690242 0.447343 0
0.858907 0.222895 0
0.871358 0.445209 0
156 3
0.690242 0.447343 0
0.672754 0.252673 0
0.858907 0.222895 0
157 3
0.727555 0.206268 0
0.863243 0.397032 0
0.732222 0.398643 0
158 3
0.414819 0.832965 0
0.462747 0.751656 0
0.427064 0.991053 0
159 3
0.650243 0.025621 0
0.858907 0.222895 0
0.672754 0.252673 0
160 3
0.650243 0.025621 0
0.856605 0.008529 0
0.858907 0.222895 0
161 3
0.247425 0.129869 0
0.345835 0.069526 0
0.329177 0.174135 0
162 3
0.235347 0.004846 0
0.372496 0.007193 0
0.345835 0.069526 0
163 3
0.345835 0.069526 0
0.247425 0.129869 0
0.235347 0.004846 0
164 3
0.263507 0.349934 0
0.352233 0.325645 0
0.302113 0.442992 0
165 3
0.355299 0.557979 0
0.277935 0.563092 0
0.302113 0.442992 0
166 3
0.230686 0.914424 0
0.188061 0.858996 0
0.228109 0.775640 0
167 3
0.230686 0.914424 0
0.228109 0.775640 0
0.258087 0.778644 0
168 3
0.075315 0.914415 0
0.055170 0.778706 0
0.087322 0.774996 0
169 3
0.075315 0.914415 0
0.087322 0.774996 0
0.125288 0.858888 0
170 3
0.189675 0.948184 0
0.186697 0.983945 0
0.119367 0.983938 0
171 3
0.119367 0.983938 0
0.116401 0.948184 0
0.189675 0.948184 0
172 3
0.116401 0.948184 0
0.119367 0.983938 0
0.075315 0.914415 0
173 3
0.189675 0.948184 0
0.230686 0.914424 0
0.186697 0.983945 0
174 3
0.073789 0.408051 0
0.033106 0.446808 0
0.046813 0.414900 0
175 3
0.038266 0.350093 0
0.073789 0.408051 0
0.046813 0.414900 0
176 3
0.033106 0.446808 0
0.038266 0.350093 0
0.046813 0.414900 0
177 3
0.231234 0.408051 0
0.258210 0.414900 0
0.271917 0.446808 0
178 3
0.263599 0.350093 0
0.258210 0.414900 0
0.231234 0.408051 0
179 3
0.271917 0.446808 0
0.258210 0.414900 0
0.263599 0.350093 0
180 3
0.087322 0.774996 0
0.097824 0.612490 0
0.123224 0.719000 0
181 3
0.123224 0.719000 0
0.123313 0.766989 0
0.087322 0.774996 0
182 3
0.190125 0.718998 0
0.211889 0.612490 0
0.228109 0.775640 0
183 3
0.228109 0.775640 0
0.189692 0.766950 0
0.190125 0.718998 0
184 3
0.123313 0.766989 0
0.123224 0.719000 0
0.190125 0.718998 0
185 3
0.123313 0.766989 0
0.190125 0.718998 0
0.189692 0.766950 0
186 3
0.123224 0.719000 0
0.133044 0.625424 0
0.173032 0.625424 0
187 3
0.173032 0.625424 0
0.190125 0.718998 0
0.123224 0.719000 0
188 3
0.211889 0.612490 0
0.190125 0.718998 0
0.173032 0.625424 0
189 3
0.133044 0.625424 0
0.123224 0.719000 0
0.097824 0.612490 0
190 3
0.125288 0.858888 0
0.188061 0.858996 0
0.189675 0.948184 0
191 3
0.125288 0.858888 0
0.189675 0.948184 0
0.116401 0.948184 0
192 3
0.116401 0.948184 0
0.075315 0.914415 0
0.125288 0.858888 0
193 3
0.188061 0.858996 0
0.230686 0.914424 0
0.189675 0.948184 0
194 3
0.188061 0.858996 0
0.188976 0.824364 0
0.228109 0.775640 0
195 3
0.188976 0.824364 0
0.188061 0.858996 0
0.125288 0.858888 0
196 3
0.188976 0.824364 0
0.125288 0.858888 0
0.124373 0.824364 0
197 3
0.188976 0.824364 0
0.124373 0.824364 0
0.160139 0.766222 0
198 3
0.124373 0.824364 0
0.123279 0.766788 0
0.160139 0.766222 0
199 3
0.087322 0.774996 0
0.124373 0.824364 0
0.125288 0.858888 0
200 3
0.188976 0.824364 0
0.160139 0.766222 0
0.189725 0.766788 0
201 3
0.188976 0.824364 0
0.189725 0.766788 0
0.228109 0.775640 0
202 3
0.087322 0.774996 0
0.123279 0.766788 0
0.124373 0.824364 0
203 3
0.031582 0.566777 0
0.097824 0.612490 0
0.055170 0.778706 0
204 3
0.258087 0.778644 0
0.211889 0.612490 0
0.278028 0.563105 0
205 3
0.228109 0.775640 0
0.211889 0.612490 0
0.258087 0.778644 0
206 3
0.087322 0.774996 0
0.055170 0.778706 0
0.097824 0.612490 0
207 3
0.153038 0.220856 0
0.122112 0.352765 0
0.074315 0.338232 0
208 3
0.153038 0.220856 0
0.254517 0.201611 0
0.234755 0.338232 0
209 3
0.058608 0.129920 0
0.153038 0.031483 0
0.153038 0.134689 0
210 3
0.058608 0.129920 0
0.070668 0.004950 0
0.153038 0.031483 0
211 3
0.247468 0.129920 0
0.153038 0.134689 0
0.153038 0.031483 0
212 3
0.247468 0.129920 0
0.153038 0.031483 0
0.235269 0.004876 0
213 3
0.153038 0.220856 0
0.058608 0.129920 0
0.153038 0.134689 0
214 3
0.153038 0.220856 0
0.051432 0.201610 0
0.058608 0.129920 0
215 3
0.112073 0.449737 0
0.122112 0.352765 0
0.138394 0.415199 0
216 3
0.073789 0.408051 0
0.074315 0.338232 0
0.122112 0.352765 0
217 3
0.112073 0.449737 0
0.073789 0.408051 0
0.122112 0.352765 0
218 3
0.033106 0.446808 0
0.006065 0.443017 0
0.038266 0.350093 0
219 3
0.074315 0.338232 0
0.073789 0.408051 0
0.038266 0.350093 0
220 3
0.133335 0.590752 0
0.097824 0.612490 0
0.133518 0.547390 0
221 3
0.133044 0.625424 0
0.097824 0.612490 0
0.133335 0.590752 0
222 3
0.153038 0.220856 0
0.074315 0.338232 0
0.051432 0.201610 0
223 3
0.138934 0.441370 0
0.112073 0.449737 0
0.138394 0.415199 0
224 3
0.074315 0.338232 0
0.038266 0.350093 0
0.051432 0.201610 0
225 3
0.006065 0.443017 0
0.033106 0.446808 0
0.031582 0.566777 0
226 3
0.033106 0.446808 0
0.073443 0.470158 0
0.031582 0.566777 0
227 3
0.073443 0.470158 0
0.073789 0.408051 0
0.112073 0.449737 0
228 3
0.033106 0.446808 0
0.073789 0.408051 0
0.073443 0.470158 0
229 3
0.073443 0.470158 0
0.112073 0.449737 0
0.108291 0.526421 0
230 3
0.073443 0.470158 0
0.108291 0.526421 0
0.031582 0.566777 0
231 3
0.031582 0.566777 0
0.108291 0.526421 0
0.097824 0.612490 0
232 3
0.138180 0.489546 0
0.108291 0.526421 0
0.138934 0.441370 0
233 3
0.108291 0.526421 0
0.133518 0.547390 0
0.097824 0.612490 0
234 3
0.138180 0.489546 0
0.133518 0.547390 0
0.108291 0.526421 0
235 3
0.108291 0.526421 0
0.112073 0.449737 0
0.138934 0.441370 0
236 3
0.153038 0.220856 0
0.153038 0.134689 0
0.247468 0.129920 0
237 3
0.133335 0.590752 0
0.172558 0.547390 0
0.172741 0.590752 0
238 3
0.133335 0.590752 0
0.133518 0.547390 0
0.172558 0.547390 0
239 3
0.133044 0.625424 0
0.172741 0.590752 0
0.173032 0.625424 0
240 3
0.133335 0.590752 0
0.172741 0.590752 0
0.133044 0.625424 0
241 3
0.122112 0.352765 0
0.153038 0.220856 0
0.183964 0.352765 0
242 3
0.138394 0.415199 0
0.183964 0.352765 0
0.167682 0.415199 0
243 3
0.138394 0.415199 0
0.122112 0.352765 0
0.183964 0.352765 0
244 3
0.138934 0.441370 0
0.167682 0.415199 0
0.167142 0.441370 0
245 3
0.138394 0.415199 0
0.167682 0.415199 0
0.138934 0.441370 0
246 3
0.167896 0.489546 0
0.172558 0.547390 0
0.133518 0.547390 0
247 3
0.138180 0.489546 0
0.167896 0.489546 0
0.133518 0.547390 0
248 3
0.167142 0.441370 0
0.167896 0.489546 0
0.138180 0.489546 0
249 3
0.138934 0.441370 0
0.167142 0.441370 0
0.138180 0.489546 0
250 3
0.153038 0.220856 0
0.247468 0.129920 0
0.254517 0.201611 0
251 3
0.201276 0.449737 0
0.167682 0.415199 0
0.183964 0.352765 0
252 3
0.231234 0.408051 0
0.183964 0.352765 0
0.234755 0.338232 0
253 3
0.201276 0.449737 0
0.183964 0.352765 0
0.231234 0.408051 0
254 3
0.271917 0.446808 0
0.263599 0.350093 0
0.302033 0.443029 0
255 3
0.234755 0.338232 0
0.263599 0.350093 0
0.231234 0.408051 0
256 3
0.172741 0.590752 0
0.172558 0.547390 0
0.211889 0.612490 0
257 3
0.173032 0.625424 0
0.172741 0.590752 0
0.211889 0.612490 0
258 3
0.153038 0.220856 0
0.234755 0.338232 0
0.183964 0.352765 0
259 3
0.167142 0.441370 0
0.167682 0.415199 0
0.201276 0.449737 0
260 3
0.234755 0.338232 0
0.254517 0.201611 0
0.263599 0.350093 0
261 3
0.302033 0.443029 0
0.278028 0.563105 0
0.271917 0.446808 0
262 3
0.271917 0.446808 0
0.278028 0.563105 0
0.231580 0.470158 0
263 3
0.231580 0.470158 0
0.201276 0.449737 0
0.231234 0.408051 0
264 3
0.271917 0.446808 0
0.231580 0.470158 0
0.231234 0.408051 0
265 3
0.231580 0.470158 0
0.197785 0.526421 0
0.201276 0.449737 0
266 3
0.231580 0.470158 0
0.278028 0.563105 0
0.197785 0.526421 0
267 3
0.278028 0.563105 0
0.211889 0.612490 0
0.197785 0.526421 0
268 3
0.167896 0.489546 0
0.167142 0.441370 0
0.197785 0.526421 0
269 3
0.197785 0.526421 0
0.211889 0.612490 0
0.172558 0.547390 0
270 3
0.167896 0.489546 0
0.197785 0.526421 0
0.172558 0.547390 0
271 3
0.197785 0.526421 0
0.167142 0.441370 0
0.201276 0.449737 0
272 3
0.993656 0.946683 0
0.933213 0.938994 0
0.933234 0.860003 0
273 3
0.933234 0.860003 0
0.992782 0.865021 0
0.993656 0.946683 0
274 3
0.932068 0.857910 0
0.932090 0.938994 0
0.994814 0.943217 0
275 3
0.994814 0.943217 0
0.993611 0.859462 0
0.932068 0.857910 0
276 3
0.993739 0.984398 0
0.933213 0.938994 0
0.993656 0.946683 0
277 3
0.993739 0.984398 0
0.932413 0.986680 0
0.933213 0.938994 0
278 3
0.932413 0.986680 0
0.993739 0.984398 0
0.995085 0.957231 0
279 3
0.994700 0.867421 0
0.994522 0.827767 0
0.931413 0.833982 0
280 3
0.994522 0.827767 0
0.993885 0.823369 0
0.931413 0.833982 0
281 3
0.931413 0.833982 0
0.993885 0.823369 0
0.931976 0.824122 0
282 3
0.933234 0.860003 0
0.931976 0.824122 0
0.993885 0.823369 0
283 3
0.992782 0.865021 0
0.933234 0.860003 0
0.993885 0.823369 0
284 3
0.994731 0.980933 0
0.994814 0.943217 0
0.932090 0.938994 0
285 3
0.994731 0.980933 0
0.932090 0.938994 0
0.932852 0.986680 0
286 3
0.932852 0.986680 0
0.995741 0.953766 0
0.994731 0.980933 0
287 3
0.994050 0.857677 0
0.933171 0.831888 0
0.993948 0.822209 0
288 3
0.993948 0.822209 0
0.933171 0.831888 0
0.994585 0.817810 0
289 3
0.933171 0.831888 0
0.932835 0.822029 0
0.994585 0.817810 0
290 3
0.932068 0.857910 0
0.994585 0.817810 0
0.932835 0.822029 0
291 3
0.993611 0.859462 0
0.994585 0.817810 0
0.932068 0.857910 0
292 3
0.852691 0.992046 0
0.906196 0.991824 0
0.800648 0.991824 0
293 3
0.587800 0.626743 0
0.732645 0.398707 0
0.584815 0.400382 0
294 3
0.587800 0.626743 0
0.735616 0.625102 0
0.732645 0.398707 0
295 3
0.735616 0.625102 0
0.865877 0.623400 0
0.862927 0.397647 0
296 3
0.735616 0.625102 0
0.862927 0.397647 0
0.732645 0.398707 0
297 3
0.688961 0.722398 0
0.870923 0.445276 0
0.685495 0.447434 0
298 3
0.688961 0.722398 0
0.874348 0.720115 0
0.870923 0.445276 0
299 3
0.609091 0.578679 0
0.830950 0.300914 0
0.605595 0.303766 0
300 3
0.609091 0.578679 0
0.834416 0.575878 0
0.830950 0.300914 0
301 3
0.857293 0.268141 0
0.618597 0.014173 0
0.618617 0.268141 0
302 3
0.857293 0.268141 0
0.857309 0.014173 0
0.618597 0.014173 0
303 3
0.857247 0.424621 0
0.618617 0.268141 0
0.618671 0.424621 0
304 3
0.857247 0.424621 0
0.857293 0.268141 0
0.618617 0.268141 0
305 3
0.857278 0.580509 0
0.618671 0.424621 0
0.706822 0.580509 0
306 3
0.857278 0.580509 0
0.857247 0.424621 0
0.618671 0.424621 0
307 3
0.906196 0.991824 0
0.800692 0.725665 0
0.800648 0.991824 0
308 3
0.906196 0.991824 0
0.906159 0.725665 0
0.800692 0.725665 0
4
0.000000 0.000000 0.000000
0.000000 0.000000 0.000000
0.000000 0.000000 0.000000
1.000000 1.000000 1.000000
