1
5
C:\MIDWAY\NBAonNBC\HEADS\Milwaukee\LWO\hd_ralle.TGA
C:\MIDWAY\NBAonNBC\HEADS\Milwaukee\LWO\hd_ralle.TGA
C:\MIDWAY\NBAonNBC\HEADS\Milwaukee\LWO\hd_ralle.TGA
C:\MIDWAY\NBAonNBC\HEADS\Milwaukee\LWO\hd_ralle.TGA
C:\MIDWAY\NBAonNBC\HEADS\Milwaukee\LWO\hd_ralle.TGA
321
0 3
0.545545 0.700275 0
0.527603 0.778919 0
0.556383 0.764583 0
1 3
0.545545 0.700275 0
0.556383 0.764583 0
0.577084 0.688643 0
2 3
0.545545 0.700275 0
0.577084 0.688643 0
0.556383 0.764583 0
3 3
0.545545 0.700275 0
0.556383 0.764583 0
0.527603 0.778919 0
4 3
0.094806 0.761010 0
0.103858 0.616326 0
0.134948 0.712059 0
5 3
0.134948 0.712059 0
0.131036 0.760646 0
0.094806 0.761010 0
6 3
0.187211 0.712060 0
0.214466 0.616326 0
0.227591 0.761810 0
7 3
0.227591 0.761810 0
0.191362 0.760614 0
0.187211 0.712060 0
8 3
0.131036 0.760646 0
0.134948 0.712059 0
0.187211 0.712060 0
9 3
0.131036 0.760646 0
0.187211 0.712060 0
0.191362 0.760614 0
10 3
0.134948 0.712059 0
0.135926 0.636950 0
0.177703 0.636950 0
11 3
0.177703 0.636950 0
0.187211 0.712060 0
0.134948 0.712059 0
12 3
0.214466 0.616326 0
0.187211 0.712060 0
0.177703 0.636950 0
13 3
0.135926 0.636950 0
0.134948 0.712059 0
0.103858 0.616326 0
14 3
0.132876 0.842732 0
0.189521 0.842845 0
0.188624 0.935063 0
15 3
0.132876 0.842732 0
0.188624 0.935063 0
0.133773 0.935063 0
16 3
0.342724 0.982175 0
0.476395 0.845887 0
0.504098 0.872703 0
17 3
0.342724 0.982175 0
0.433353 0.950821 0
0.504098 0.872703 0
18 3
0.342724 0.982175 0
0.504098 0.872703 0
0.433353 0.950821 0
19 3
0.342724 0.982175 0
0.504098 0.872703 0
0.476395 0.845887 0
20 3
0.133773 0.935063 0
0.098135 0.922780 0
0.132876 0.842732 0
21 3
0.189521 0.842845 0
0.224262 0.922780 0
0.188624 0.935063 0
22 3
0.080348 0.847246 0
0.132876 0.842732 0
0.098135 0.922780 0
23 3
0.242027 0.847246 0
0.224262 0.922780 0
0.189521 0.842845 0
24 3
0.433353 0.950821 0
0.433353 0.950821 0
0.342724 0.982175 0
25 3
0.433353 0.950821 0
0.342724 0.982175 0
0.342724 0.982175 0
26 3
0.121170 0.978103 0
0.133773 0.935063 0
0.188624 0.935063 0
27 3
0.121170 0.978103 0
0.188624 0.935063 0
0.202022 0.978103 0
28 3
0.098135 0.922780 0
0.133773 0.935063 0
0.121170 0.978103 0
29 3
0.224262 0.922780 0
0.202022 0.978103 0
0.188624 0.935063 0
30 3
0.571973 0.292092 0
0.606716 0.423721 0
0.683542 0.377134 0
31 3
0.571973 0.292092 0
0.689921 0.256878 0
0.683542 0.377134 0
32 3
0.606716 0.423721 0
0.620909 0.453867 0
0.683542 0.377134 0
33 3
0.683542 0.377134 0
0.620909 0.453867 0
0.606716 0.423721 0
34 3
0.683252 0.986037 0
0.781648 0.986131 0
0.783196 0.735279 0
35 3
0.683252 0.986037 0
0.685354 0.740197 0
0.783196 0.735279 0
36 3
0.683252 0.986037 0
0.783196 0.735279 0
0.685354 0.740197 0
37 3
0.683252 0.986037 0
0.783196 0.735279 0
0.781648 0.986131 0
38 3
0.363198 0.188947 0
0.439130 0.340477 0
0.434691 0.181328 0
39 3
0.363198 0.188947 0
0.434691 0.181328 0
0.435931 0.076549 0
40 3
0.363198 0.188947 0
0.435931 0.076549 0
0.434691 0.181328 0
41 3
0.363198 0.188947 0
0.434691 0.181328 0
0.439130 0.340477 0
42 3
0.586650 0.426880 0
0.535849 0.619984 0
0.552474 0.688424 0
43 3
0.586650 0.426880 0
0.577116 0.668655 0
0.552474 0.688424 0
44 3
0.586650 0.426880 0
0.552474 0.688424 0
0.577116 0.668655 0
45 3
0.586650 0.426880 0
0.552474 0.688424 0
0.535849 0.619984 0
46 3
0.586650 0.426880 0
0.550980 0.459564 0
0.535849 0.619984 0
47 3
0.535849 0.619984 0
0.550980 0.459564 0
0.586650 0.426880 0
48 3
0.621401 0.590722 0
0.577084 0.688643 0
0.683841 0.630654 0
49 3
0.683841 0.630654 0
0.684047 0.489944 0
0.621401 0.590722 0
50 3
0.683841 0.630654 0
0.577084 0.688643 0
0.621401 0.590722 0
51 3
0.621401 0.590722 0
0.684047 0.489944 0
0.683841 0.630654 0
52 3
0.476395 0.845887 0
0.444294 0.528017 0
0.348074 0.560586 0
53 3
0.476395 0.845887 0
0.336668 0.765642 0
0.348074 0.560586 0
54 3
0.476395 0.845887 0
0.348074 0.560586 0
0.336668 0.765642 0
55 3
0.476395 0.845887 0
0.348074 0.560586 0
0.444294 0.528017 0
56 3
0.189521 0.842845 0
0.186157 0.810924 0
0.227591 0.761810 0
57 3
0.242027 0.847246 0
0.189521 0.842845 0
0.227591 0.761810 0
58 3
0.186157 0.810924 0
0.189521 0.842845 0
0.132876 0.842732 0
59 3
0.186157 0.810924 0
0.132876 0.842732 0
0.136241 0.810917 0
60 3
0.186157 0.810924 0
0.136241 0.810917 0
0.161199 0.759860 0
61 3
0.136241 0.810917 0
0.131001 0.761224 0
0.161199 0.759860 0
62 3
0.094806 0.761010 0
0.136241 0.810917 0
0.132876 0.842732 0
63 3
0.186157 0.810924 0
0.161199 0.759860 0
0.191396 0.761233 0
64 3
0.186157 0.810924 0
0.191396 0.761233 0
0.227591 0.761810 0
65 3
0.094806 0.761010 0
0.131001 0.761224 0
0.136241 0.810917 0
66 3
0.080348 0.847246 0
0.094806 0.761010 0
0.132876 0.842732 0
67 3
0.030131 0.562183 0
0.103858 0.616326 0
0.066795 0.763094 0
68 3
0.255602 0.763094 0
0.214466 0.616326 0
0.283933 0.562183 0
69 3
0.227591 0.761810 0
0.214466 0.616326 0
0.255602 0.763094 0
70 3
0.094806 0.761010 0
0.080348 0.847246 0
0.066795 0.763094 0
71 3
0.094806 0.761010 0
0.066795 0.763094 0
0.103858 0.616326 0
72 3
0.227591 0.761810 0
0.255602 0.763094 0
0.242027 0.847246 0
73 3
0.037007 0.450777 0
0.046488 0.411687 0
0.077812 0.411159 0
74 3
0.034887 0.347607 0
0.046488 0.411687 0
0.037007 0.450777 0
75 3
0.077812 0.411159 0
0.046488 0.411687 0
0.034887 0.347607 0
76 3
0.236252 0.411159 0
0.266684 0.411687 0
0.277056 0.450777 0
77 3
0.279989 0.347607 0
0.266684 0.411687 0
0.236252 0.411159 0
78 3
0.277056 0.450777 0
0.266684 0.411687 0
0.279989 0.347607 0
79 3
0.476395 0.845887 0
0.336244 0.933674 0
0.342724 0.982175 0
80 3
0.476395 0.845887 0
0.342724 0.982175 0
0.336244 0.933674 0
81 3
0.435931 0.076549 0
0.358830 0.091437 0
0.363198 0.188947 0
82 3
0.363198 0.188947 0
0.358830 0.091437 0
0.435931 0.076549 0
83 3
0.434691 0.181328 0
0.439130 0.340477 0
0.571973 0.292092 0
84 3
0.571973 0.292092 0
0.572199 0.170910 0
0.434691 0.181328 0
85 3
0.571973 0.292092 0
0.439130 0.340477 0
0.434691 0.181328 0
86 3
0.434691 0.181328 0
0.572199 0.170910 0
0.571973 0.292092 0
87 3
0.444294 0.528017 0
0.550980 0.459564 0
0.439130 0.340477 0
88 3
0.439130 0.340477 0
0.404444 0.456657 0
0.444294 0.528017 0
89 3
0.439130 0.340477 0
0.550980 0.459564 0
0.444294 0.528017 0
90 3
0.444294 0.528017 0
0.404444 0.456657 0
0.439130 0.340477 0
91 3
0.556383 0.764583 0
0.514354 0.984870 0
0.683252 0.986037 0
92 3
0.683252 0.986037 0
0.685354 0.740197 0
0.556383 0.764583 0
93 3
0.683252 0.986037 0
0.514354 0.984870 0
0.556383 0.764583 0
94 3
0.556383 0.764583 0
0.685354 0.740197 0
0.683252 0.986037 0
95 3
0.586650 0.426880 0
0.577116 0.668655 0
0.611323 0.586501 0
96 3
0.611323 0.586501 0
0.614490 0.456291 0
0.586650 0.426880 0
97 3
0.586650 0.426880 0
0.614490 0.456291 0
0.611323 0.586501 0
98 3
0.586650 0.426880 0
0.611323 0.586501 0
0.577116 0.668655 0
99 3
0.577084 0.688643 0
0.556383 0.764583 0
0.683841 0.630654 0
100 3
0.577084 0.688643 0
0.683841 0.630654 0
0.556383 0.764583 0
101 3
0.336244 0.933674 0
0.476395 0.845887 0
0.335693 0.848306 0
102 3
0.336668 0.765642 0
0.335693 0.848306 0
0.476395 0.845887 0
103 3
0.336668 0.765642 0
0.476395 0.845887 0
0.335693 0.848306 0
104 3
0.336244 0.933674 0
0.335693 0.848306 0
0.476395 0.845887 0
105 3
0.690626 0.985379 0
0.683252 0.986037 0
0.519216 0.985232 0
106 3
0.519216 0.985232 0
0.683252 0.986037 0
0.514354 0.984870 0
107 3
0.519216 0.985232 0
0.514354 0.984870 0
0.441485 0.985201 0
108 3
0.690626 0.985379 0
0.781648 0.986131 0
0.683252 0.986037 0
109 3
0.156957 0.093861 0
0.090088 0.066944 0
0.156958 0.010199 0
110 3
0.156583 0.201751 0
0.090088 0.066944 0
0.156957 0.093861 0
111 3
0.914046 0.596741 0
0.946642 0.583999 0
0.914851 0.580316 0
112 3
0.914046 0.596741 0
0.926430 0.593663 0
0.946642 0.583999 0
113 3
0.556383 0.764583 0
0.685354 0.740197 0
0.683841 0.630654 0
114 3
0.685354 0.740197 0
0.784575 0.618010 0
0.683841 0.630654 0
115 3
0.685354 0.740197 0
0.783196 0.735279 0
0.784575 0.618010 0
116 3
0.786858 0.133199 0
0.785309 0.055449 0
0.688438 0.061862 0
117 3
0.687667 0.146651 0
0.786858 0.133199 0
0.688438 0.061862 0
118 3
0.687667 0.146651 0
0.688438 0.061862 0
0.572167 0.077135 0
119 3
0.572199 0.170910 0
0.687667 0.146651 0
0.572167 0.077135 0
120 3
0.572199 0.170910 0
0.572167 0.077135 0
0.435931 0.076549 0
121 3
0.434691 0.181328 0
0.572199 0.170910 0
0.435931 0.076549 0
122 3
0.571973 0.292092 0
0.683542 0.377134 0
0.689921 0.256878 0
123 3
0.569282 0.423300 0
0.606716 0.423721 0
0.571973 0.292092 0
124 3
0.569282 0.423300 0
0.571973 0.292092 0
0.439130 0.340477 0
125 3
0.684047 0.489944 0
0.783988 0.469473 0
0.785610 0.358005 0
126 3
0.684047 0.489944 0
0.785610 0.358005 0
0.683542 0.377134 0
127 3
0.621401 0.590722 0
0.684047 0.489944 0
0.683542 0.377134 0
128 3
0.621401 0.590722 0
0.683542 0.377134 0
0.620909 0.453867 0
129 3
0.683841 0.630654 0
0.784575 0.618010 0
0.783988 0.469473 0
130 3
0.683841 0.630654 0
0.783988 0.469473 0
0.684047 0.489944 0
131 3
0.441485 0.985201 0
0.514354 0.984870 0
0.433353 0.950821 0
132 3
0.433353 0.950821 0
0.514354 0.984870 0
0.504098 0.872703 0
133 3
0.926430 0.593663 0
0.914046 0.596741 0
0.914823 0.554648 0
134 3
0.439130 0.340477 0
0.550980 0.459564 0
0.569282 0.423300 0
135 3
0.916086 0.445557 0
0.917781 0.420442 0
0.938661 0.424853 0
136 3
0.938661 0.424853 0
0.917781 0.420442 0
0.940043 0.425203 0
137 3
0.944170 0.442865 0
0.940043 0.425203 0
0.917781 0.420442 0
138 3
0.914443 0.444879 0
0.944170 0.442865 0
0.917781 0.420442 0
139 3
0.943663 0.527031 0
0.944170 0.442865 0
0.914443 0.444879 0
140 3
0.943663 0.527031 0
0.914443 0.444879 0
0.913868 0.525370 0
141 3
0.946642 0.583999 0
0.943663 0.527031 0
0.913868 0.525370 0
142 3
0.946642 0.583999 0
0.913868 0.525370 0
0.914851 0.580316 0
143 3
0.572167 0.077135 0
0.571023 0.008251 0
0.485514 0.008212 0
144 3
0.435931 0.076549 0
0.572167 0.077135 0
0.485514 0.008212 0
145 3
0.979797 0.873614 0
0.977225 0.759237 0
0.923443 0.826488 0
146 3
0.683542 0.377134 0
0.785610 0.358005 0
0.789678 0.245028 0
147 3
0.683542 0.377134 0
0.789678 0.245028 0
0.689921 0.256878 0
148 3
0.789678 0.245028 0
0.786858 0.133199 0
0.687667 0.146651 0
149 3
0.789678 0.245028 0
0.687667 0.146651 0
0.689921 0.256878 0
150 3
0.785309 0.055449 0
0.784431 0.008658 0
0.689080 0.007839 0
151 3
0.785309 0.055449 0
0.689080 0.007839 0
0.688438 0.061862 0
152 3
0.984885 0.666033 0
0.920944 0.646948 0
0.923443 0.826488 0
153 3
0.504098 0.872703 0
0.527603 0.778919 0
0.476395 0.845887 0
154 3
0.504098 0.872703 0
0.556383 0.764583 0
0.527603 0.778919 0
155 3
0.977225 0.759237 0
0.984885 0.666033 0
0.923443 0.826488 0
156 3
0.987779 0.963874 0
0.979797 0.873614 0
0.923443 0.826488 0
157 3
0.923384 0.989997 0
0.987779 0.963874 0
0.923443 0.826488 0
158 3
0.156583 0.201751 0
0.062800 0.185774 0
0.090088 0.066944 0
159 3
0.504098 0.872703 0
0.514354 0.984870 0
0.556383 0.764583 0
160 3
0.571973 0.292092 0
0.689921 0.256878 0
0.687667 0.146651 0
161 3
0.571973 0.292092 0
0.687667 0.146651 0
0.572199 0.170910 0
162 3
0.435682 0.007237 0
0.435931 0.076549 0
0.485514 0.008212 0
163 3
0.355609 0.015541 0
0.358830 0.091437 0
0.435682 0.007237 0
164 3
0.435931 0.076549 0
0.435682 0.007237 0
0.358830 0.091437 0
165 3
0.572167 0.077135 0
0.688438 0.061862 0
0.689080 0.007839 0
166 3
0.572167 0.077135 0
0.689080 0.007839 0
0.571023 0.008251 0
167 3
0.444294 0.528017 0
0.476395 0.845887 0
0.527603 0.778919 0
168 3
0.444294 0.528017 0
0.545545 0.700275 0
0.535849 0.619984 0
169 3
0.545545 0.700275 0
0.444294 0.528017 0
0.527603 0.778919 0
170 3
0.444294 0.528017 0
0.535849 0.619984 0
0.550980 0.459564 0
171 3
0.121280 0.455341 0
0.125711 0.361211 0
0.141475 0.427362 0
172 3
0.077812 0.411159 0
0.081141 0.351377 0
0.125711 0.361211 0
173 3
0.121280 0.455341 0
0.077812 0.411159 0
0.125711 0.361211 0
174 3
0.037007 0.450777 0
0.016443 0.455372 0
0.034887 0.347607 0
175 3
0.081141 0.351377 0
0.077812 0.411159 0
0.034887 0.347607 0
176 3
0.134472 0.608983 0
0.103858 0.616326 0
0.134762 0.559788 0
177 3
0.135926 0.636950 0
0.103858 0.616326 0
0.134472 0.608983 0
178 3
0.367024 0.366625 0
0.439130 0.340477 0
0.363198 0.188947 0
179 3
0.367024 0.366625 0
0.404444 0.456657 0
0.439130 0.340477 0
180 3
0.125711 0.361211 0
0.081141 0.351377 0
0.062800 0.185774 0
181 3
0.125711 0.361211 0
0.062800 0.185774 0
0.156583 0.201751 0
182 3
0.142258 0.454361 0
0.121280 0.455341 0
0.141475 0.427362 0
183 3
0.081141 0.351377 0
0.034887 0.347607 0
0.062800 0.185774 0
184 3
0.444294 0.528017 0
0.404444 0.456657 0
0.348074 0.560586 0
185 3
0.016443 0.455372 0
0.037007 0.450777 0
0.030131 0.562183 0
186 3
0.037007 0.450777 0
0.077395 0.475065 0
0.030131 0.562183 0
187 3
0.077395 0.475065 0
0.077812 0.411159 0
0.121280 0.455341 0
188 3
0.037007 0.450777 0
0.077812 0.411159 0
0.077395 0.475065 0
189 3
0.077395 0.475065 0
0.121280 0.455341 0
0.104989 0.574348 0
190 3
0.077395 0.475065 0
0.104989 0.574348 0
0.030131 0.562183 0
191 3
0.030131 0.562183 0
0.104989 0.574348 0
0.103858 0.616326 0
192 3
0.139821 0.488532 0
0.104989 0.574348 0
0.142258 0.454361 0
193 3
0.104989 0.574348 0
0.134762 0.559788 0
0.103858 0.616326 0
194 3
0.139821 0.488532 0
0.134762 0.559788 0
0.104989 0.574348 0
195 3
0.104989 0.574348 0
0.121280 0.455341 0
0.142258 0.454361 0
196 3
0.834036 0.990309 0
0.883382 0.990570 0
0.784689 0.990570 0
197 3
0.690626 0.985379 0
0.519216 0.985232 0
0.683252 0.986037 0
198 3
0.519216 0.985232 0
0.514354 0.984870 0
0.683252 0.986037 0
199 3
0.519216 0.985232 0
0.441485 0.985201 0
0.514354 0.984870 0
200 3
0.441485 0.985201 0
0.433353 0.950821 0
0.433353 0.950821 0
201 3
0.441485 0.985201 0
0.433353 0.950821 0
0.441485 0.985201 0
202 3
0.519216 0.985232 0
0.441485 0.985201 0
0.441485 0.985201 0
203 3
0.884621 0.132408 0
0.800925 0.059658 0
0.783450 0.132408 0
204 3
0.884621 0.132408 0
0.867146 0.059658 0
0.800925 0.059658 0
205 3
0.959275 0.646948 0
0.923443 0.826488 0
0.920944 0.646948 0
206 3
0.867146 0.059658 0
0.850076 0.009330 0
0.817995 0.009330 0
207 3
0.867146 0.059658 0
0.817995 0.009330 0
0.800925 0.059658 0
208 3
0.888291 0.246208 0
0.783450 0.132408 0
0.779780 0.246208 0
209 3
0.888291 0.246208 0
0.884621 0.132408 0
0.783450 0.132408 0
210 3
0.887674 0.363239 0
0.779780 0.246208 0
0.780397 0.363239 0
211 3
0.887674 0.363239 0
0.888291 0.246208 0
0.779780 0.246208 0
212 3
0.885962 0.472278 0
0.780397 0.363239 0
0.782109 0.472278 0
213 3
0.885962 0.472278 0
0.887674 0.363239 0
0.780397 0.363239 0
214 3
0.885620 0.622645 0
0.782109 0.472278 0
0.782451 0.622645 0
215 3
0.885620 0.622645 0
0.885962 0.472278 0
0.782109 0.472278 0
216 3
0.882137 0.737321 0
0.782451 0.622645 0
0.785934 0.737321 0
217 3
0.882137 0.737321 0
0.885620 0.622645 0
0.782451 0.622645 0
218 3
0.883382 0.990570 0
0.785934 0.737321 0
0.784689 0.990570 0
219 3
0.883382 0.990570 0
0.882137 0.737321 0
0.785934 0.737321 0
220 3
0.690626 0.985379 0
0.683252 0.986037 0
0.781648 0.986131 0
221 3
0.156957 0.093861 0
0.156958 0.010199 0
0.220114 0.066944 0
222 3
0.156583 0.201751 0
0.156957 0.093861 0
0.220114 0.066944 0
223 3
0.134472 0.608983 0
0.178867 0.559788 0
0.179157 0.608983 0
224 3
0.134472 0.608983 0
0.134762 0.559788 0
0.178867 0.559788 0
225 3
0.135926 0.636950 0
0.179157 0.608983 0
0.177703 0.636950 0
226 3
0.134472 0.608983 0
0.179157 0.608983 0
0.135926 0.636950 0
227 3
0.125711 0.361211 0
0.156583 0.201751 0
0.188353 0.361211 0
228 3
0.141475 0.427362 0
0.188353 0.361211 0
0.172589 0.427362 0
229 3
0.141475 0.427362 0
0.125711 0.361211 0
0.188353 0.361211 0
230 3
0.142258 0.454361 0
0.172589 0.427362 0
0.171806 0.454361 0
231 3
0.141475 0.427362 0
0.172589 0.427362 0
0.142258 0.454361 0
232 3
0.174243 0.488532 0
0.178867 0.559788 0
0.134762 0.559788 0
233 3
0.139821 0.488532 0
0.174243 0.488532 0
0.134762 0.559788 0
234 3
0.171806 0.454361 0
0.174243 0.488532 0
0.139821 0.488532 0
235 3
0.142258 0.454361 0
0.171806 0.454361 0
0.139821 0.488532 0
236 3
0.992258 0.598782 0
0.991453 0.582357 0
0.959662 0.586039 0
237 3
0.992258 0.598782 0
0.959662 0.586039 0
0.979874 0.595704 0
238 3
0.556383 0.764583 0
0.683841 0.630654 0
0.685354 0.740197 0
239 3
0.685354 0.740197 0
0.683841 0.630654 0
0.784575 0.618010 0
240 3
0.685354 0.740197 0
0.784575 0.618010 0
0.783196 0.735279 0
241 3
0.786858 0.133199 0
0.688438 0.061862 0
0.785309 0.055449 0
242 3
0.687667 0.146651 0
0.688438 0.061862 0
0.786858 0.133199 0
243 3
0.687667 0.146651 0
0.572167 0.077135 0
0.688438 0.061862 0
244 3
0.572199 0.170910 0
0.572167 0.077135 0
0.687667 0.146651 0
245 3
0.572199 0.170910 0
0.435931 0.076549 0
0.572167 0.077135 0
246 3
0.434691 0.181328 0
0.435931 0.076549 0
0.572199 0.170910 0
247 3
0.571973 0.292092 0
0.683542 0.377134 0
0.606716 0.423721 0
248 3
0.569282 0.423300 0
0.571973 0.292092 0
0.606716 0.423721 0
249 3
0.569282 0.423300 0
0.439130 0.340477 0
0.571973 0.292092 0
250 3
0.684047 0.489944 0
0.785610 0.358005 0
0.783988 0.469473 0
251 3
0.684047 0.489944 0
0.683542 0.377134 0
0.785610 0.358005 0
252 3
0.621401 0.590722 0
0.683542 0.377134 0
0.684047 0.489944 0
253 3
0.621401 0.590722 0
0.620909 0.453867 0
0.683542 0.377134 0
254 3
0.683841 0.630654 0
0.783988 0.469473 0
0.784575 0.618010 0
255 3
0.683841 0.630654 0
0.684047 0.489944 0
0.783988 0.469473 0
256 3
0.441485 0.985201 0
0.433353 0.950821 0
0.514354 0.984870 0
257 3
0.433353 0.950821 0
0.504098 0.872703 0
0.514354 0.984870 0
258 3
0.979874 0.595704 0
0.989727 0.554648 0
0.992258 0.598782 0
259 3
0.439130 0.340477 0
0.569282 0.423300 0
0.550980 0.459564 0
260 3
0.979755 0.420442 0
0.988465 0.447598 0
0.958874 0.424853 0
261 3
0.958874 0.424853 0
0.957492 0.425203 0
0.979755 0.420442 0
262 3
0.960381 0.442865 0
0.979755 0.420442 0
0.957492 0.425203 0
263 3
0.990108 0.444879 0
0.979755 0.420442 0
0.960381 0.442865 0
264 3
0.959133 0.527031 0
0.990108 0.444879 0
0.960381 0.442865 0
265 3
0.959133 0.527031 0
0.988928 0.525370 0
0.990108 0.444879 0
266 3
0.959662 0.586039 0
0.988928 0.525370 0
0.959133 0.527031 0
267 3
0.959662 0.586039 0
0.991453 0.582357 0
0.988928 0.525370 0
268 3
0.572167 0.077135 0
0.485514 0.008212 0
0.571023 0.008251 0
269 3
0.435931 0.076549 0
0.485514 0.008212 0
0.572167 0.077135 0
270 3
0.988007 0.858436 0
0.923443 0.826488 0
0.991991 0.766039 0
271 3
0.683542 0.377134 0
0.789678 0.245028 0
0.785610 0.358005 0
272 3
0.683542 0.377134 0
0.689921 0.256878 0
0.789678 0.245028 0
273 3
0.789678 0.245028 0
0.687667 0.146651 0
0.786858 0.133199 0
274 3
0.789678 0.245028 0
0.689921 0.256878 0
0.687667 0.146651 0
275 3
0.785309 0.055449 0
0.689080 0.007839 0
0.784431 0.008658 0
276 3
0.785309 0.055449 0
0.688438 0.061862 0
0.689080 0.007839 0
277 3
0.982622 0.690747 0
0.923443 0.826488 0
0.959275 0.646948 0
278 3
0.504098 0.872703 0
0.476395 0.845887 0
0.527603 0.778919 0
279 3
0.504098 0.872703 0
0.527603 0.778919 0
0.556383 0.764583 0
280 3
0.991991 0.766039 0
0.923443 0.826488 0
0.982622 0.690747 0
281 3
0.975646 0.931350 0
0.923443 0.826488 0
0.988007 0.858436 0
282 3
0.923384 0.989997 0
0.923443 0.826488 0
0.975646 0.931350 0
283 3
0.156583 0.201751 0
0.220114 0.066944 0
0.250366 0.185774 0
284 3
0.504098 0.872703 0
0.556383 0.764583 0
0.514354 0.984870 0
285 3
0.571973 0.292092 0
0.687667 0.146651 0
0.689921 0.256878 0
286 3
0.571973 0.292092 0
0.572199 0.170910 0
0.687667 0.146651 0
287 3
0.435682 0.007237 0
0.485514 0.008212 0
0.435931 0.076549 0
288 3
0.355609 0.015541 0
0.435682 0.007237 0
0.358830 0.091437 0
289 3
0.435931 0.076549 0
0.358830 0.091437 0
0.435682 0.007237 0
290 3
0.572167 0.077135 0
0.689080 0.007839 0
0.688438 0.061862 0
291 3
0.572167 0.077135 0
0.571023 0.008251 0
0.689080 0.007839 0
292 3
0.444294 0.528017 0
0.527603 0.778919 0
0.476395 0.845887 0
293 3
0.444294 0.528017 0
0.535849 0.619984 0
0.545545 0.700275 0
294 3
0.545545 0.700275 0
0.527603 0.778919 0
0.444294 0.528017 0
295 3
0.444294 0.528017 0
0.550980 0.459564 0
0.535849 0.619984 0
296 3
0.192784 0.455341 0
0.172589 0.427362 0
0.188353 0.361211 0
297 3
0.236252 0.411159 0
0.188353 0.361211 0
0.232922 0.351377 0
298 3
0.192784 0.455341 0
0.188353 0.361211 0
0.236252 0.411159 0
299 3
0.277056 0.450777 0
0.279989 0.347607 0
0.297621 0.455372 0
300 3
0.232922 0.351377 0
0.279989 0.347607 0
0.236252 0.411159 0
301 3
0.179157 0.608983 0
0.178867 0.559788 0
0.214466 0.616326 0
302 3
0.177703 0.636950 0
0.179157 0.608983 0
0.214466 0.616326 0
303 3
0.367024 0.366625 0
0.363198 0.188947 0
0.439130 0.340477 0
304 3
0.367024 0.366625 0
0.439130 0.340477 0
0.404444 0.456657 0
305 3
0.188353 0.361211 0
0.250366 0.185774 0
0.232922 0.351377 0
306 3
0.188353 0.361211 0
0.156583 0.201751 0
0.250366 0.185774 0
307 3
0.171806 0.454361 0
0.172589 0.427362 0
0.192784 0.455341 0
308 3
0.232922 0.351377 0
0.250366 0.185774 0
0.279989 0.347607 0
309 3
0.444294 0.528017 0
0.348074 0.560586 0
0.404444 0.456657 0
310 3
0.297621 0.455372 0
0.283933 0.562183 0
0.277056 0.450777 0
311 3
0.277056 0.450777 0
0.283933 0.562183 0
0.236669 0.475065 0
312 3
0.236669 0.475065 0
0.192784 0.455341 0
0.236252 0.411159 0
313 3
0.236669 0.475065 0
0.236252 0.411159 0
0.277056 0.450777 0
314 3
0.236669 0.475065 0
0.213090 0.574348 0
0.192784 0.455341 0
315 3
0.236669 0.475065 0
0.283933 0.562183 0
0.213090 0.574348 0
316 3
0.283933 0.562183 0
0.214466 0.616326 0
0.213090 0.574348 0
317 3
0.174243 0.488532 0
0.171806 0.454361 0
0.213090 0.574348 0
318 3
0.213090 0.574348 0
0.214466 0.616326 0
0.178867 0.559788 0
319 3
0.174243 0.488532 0
0.213090 0.574348 0
0.178867 0.559788 0
320 3
0.213090 0.574348 0
0.171806 0.454361 0
0.192784 0.455341 0
4
0.000000 -90.000000 0.000000
0.000000 180.000000 0.000000
0.000000 0.000000 0.000000
13.707363 26.414726 16.734497
4
0.000000 0.000000 0.000000
0.000000 0.000000 0.000000
0.000000 0.000000 0.000000
9.949471 19.885805 14.917638
4
0.000000 0.000000 0.000000
0.000000 0.000000 0.000000
0.000000 0.000000 0.000000
15.780372 5.007257 10.393814
4
-90.000000 0.000000 0.000000
0.000000 0.000000 0.000000
0.000000 0.000000 0.000000
6.067894 3.533947 9.081957
4
0.000000 0.000000 0.000000
0.000000 0.000000 0.000000
0.000000 0.000000 0.000000
5.114799 25.754087 15.434443
