2
1
hd_rgats
D:\NBAonNBC\HEADS\Design_Team\lwo\hd_rgats.tga
325
0 3
0.496762 0.398802 0
0.477038 0.634150 0
0.483360 0.618439 0
1 3
0.483360 0.618439 0
0.477038 0.634150 0
0.496762 0.398802 0
2 3
0.535862 0.378682 0
0.496762 0.398802 0
0.483360 0.618439 0
3 3
0.535862 0.378682 0
0.483360 0.618439 0
0.496762 0.398802 0
4 3
0.477038 0.634150 0
0.398951 0.476216 0
0.399517 0.654547 0
5 3
0.399517 0.654547 0
0.398951 0.476216 0
0.477038 0.634150 0
6 3
0.305677 0.511086 0
0.277984 0.720888 0
0.399517 0.654547 0
7 3
0.399517 0.654547 0
0.398951 0.476216 0
0.305677 0.511086 0
8 3
0.399517 0.654547 0
0.277984 0.720888 0
0.305677 0.511086 0
9 3
0.305677 0.511086 0
0.398951 0.476216 0
0.399517 0.654547 0
10 3
0.399517 0.654547 0
0.398465 0.776191 0
0.463316 0.766871 0
11 3
0.399517 0.654547 0
0.463316 0.766871 0
0.477038 0.634150 0
12 3
0.398465 0.776191 0
0.396420 0.852050 0
0.463316 0.766871 0
13 3
0.398465 0.776191 0
0.463316 0.766871 0
0.396420 0.852050 0
14 3
0.399517 0.654547 0
0.477038 0.634150 0
0.463316 0.766871 0
15 3
0.399517 0.654547 0
0.463316 0.766871 0
0.398465 0.776191 0
16 3
0.398465 0.776191 0
0.399517 0.654547 0
0.277984 0.720888 0
17 3
0.398465 0.776191 0
0.277984 0.720888 0
0.264765 0.818552 0
18 3
0.396420 0.852050 0
0.398465 0.776191 0
0.264765 0.818552 0
19 3
0.396420 0.852050 0
0.264765 0.818552 0
0.235732 0.937209 0
20 3
0.398465 0.776191 0
0.264765 0.818552 0
0.277984 0.720888 0
21 3
0.398465 0.776191 0
0.277984 0.720888 0
0.399517 0.654547 0
22 3
0.396420 0.852050 0
0.235732 0.937209 0
0.264765 0.818552 0
23 3
0.396420 0.852050 0
0.264765 0.818552 0
0.398465 0.776191 0
24 3
0.396420 0.852050 0
0.235732 0.937209 0
0.386742 0.946997 0
25 3
0.386742 0.946997 0
0.451651 0.884418 0
0.396420 0.852050 0
26 3
0.386742 0.946997 0
0.235732 0.937209 0
0.396420 0.852050 0
27 3
0.396420 0.852050 0
0.451651 0.884418 0
0.386742 0.946997 0
28 3
0.535862 0.378682 0
0.508652 0.608607 0
0.547993 0.523832 0
29 3
0.535862 0.378682 0
0.562430 0.412671 0
0.547993 0.523832 0
30 3
0.547993 0.523832 0
0.562430 0.412671 0
0.535862 0.378682 0
31 3
0.535862 0.378682 0
0.547993 0.523832 0
0.508652 0.608607 0
32 3
0.235732 0.937209 0
0.188152 0.994093 0
0.386742 0.946997 0
33 3
0.386742 0.946997 0
0.188152 0.994093 0
0.235732 0.937209 0
34 3
0.510541 0.367187 0
0.527248 0.257726 0
0.390319 0.292782 0
35 3
0.510541 0.367187 0
0.390319 0.292782 0
0.527248 0.257726 0
36 3
0.390319 0.292782 0
0.496762 0.398802 0
0.510541 0.367187 0
37 3
0.390319 0.292782 0
0.510541 0.367187 0
0.496762 0.398802 0
38 3
0.281906 0.142017 0
0.201191 0.296206 0
0.170607 0.157233 0
39 3
0.281906 0.142017 0
0.170607 0.157233 0
0.165044 0.033053 0
40 3
0.133227 0.296206 0
0.082298 0.285533 0
0.058869 0.142017 0
41 3
0.201191 0.296206 0
0.281906 0.142017 0
0.247828 0.285533 0
42 3
0.133227 0.296206 0
0.058869 0.142017 0
0.170607 0.157233 0
43 3
0.058869 0.142017 0
0.063988 0.007173 0
0.165044 0.033053 0
44 3
0.281906 0.142017 0
0.165044 0.033053 0
0.275412 0.007173 0
45 3
0.058869 0.142017 0
0.165044 0.033053 0
0.170607 0.157233 0
46 3
0.138992 0.934313 0
0.098131 0.935749 0
0.071663 0.818552 0
47 3
0.264456 0.818552 0
0.236097 0.935749 0
0.190882 0.934313 0
48 3
0.146849 0.818371 0
0.138992 0.934313 0
0.071663 0.818552 0
49 3
0.180941 0.818483 0
0.264456 0.818552 0
0.190882 0.934313 0
50 3
0.477038 0.634150 0
0.463316 0.766871 0
0.516578 0.771487 0
51 3
0.477038 0.634150 0
0.516578 0.771487 0
0.510734 0.626128 0
52 3
0.477038 0.634150 0
0.510734 0.626128 0
0.516578 0.771487 0
53 3
0.477038 0.634150 0
0.516578 0.771487 0
0.463316 0.766871 0
54 3
0.089438 0.717047 0
0.112519 0.574485 0
0.146680 0.675299 0
55 3
0.146680 0.675299 0
0.147169 0.714196 0
0.089438 0.717047 0
56 3
0.180829 0.675298 0
0.215477 0.574485 0
0.240625 0.713465 0
57 3
0.240625 0.713465 0
0.180685 0.714160 0
0.180829 0.675298 0
58 3
0.147169 0.714196 0
0.146680 0.675299 0
0.180829 0.675298 0
59 3
0.147169 0.714196 0
0.180829 0.675298 0
0.180685 0.714160 0
60 3
0.146680 0.675299 0
0.149304 0.608402 0
0.178430 0.608402 0
61 3
0.178430 0.608402 0
0.180829 0.675298 0
0.146680 0.675299 0
62 3
0.215477 0.574485 0
0.180829 0.675298 0
0.178430 0.608402 0
63 3
0.149304 0.608402 0
0.146680 0.675299 0
0.112519 0.574485 0
64 3
0.146849 0.818371 0
0.180941 0.818483 0
0.190882 0.934313 0
65 3
0.146849 0.818371 0
0.190882 0.934313 0
0.138992 0.934313 0
66 3
0.386742 0.946997 0
0.386742 0.946997 0
0.188152 0.994093 0
67 3
0.386742 0.946997 0
0.188152 0.994093 0
0.188152 0.994093 0
68 3
0.140304 0.995050 0
0.138992 0.934313 0
0.190882 0.934313 0
69 3
0.140304 0.995050 0
0.190882 0.934313 0
0.187793 0.995050 0
70 3
0.098131 0.935749 0
0.138992 0.934313 0
0.140304 0.995050 0
71 3
0.236097 0.935749 0
0.187793 0.995050 0
0.190882 0.934313 0
72 3
0.527248 0.257726 0
0.545929 0.372934 0
0.654374 0.360986 0
73 3
0.527248 0.257726 0
0.651510 0.246362 0
0.654374 0.360986 0
74 3
0.545929 0.372934 0
0.571757 0.410967 0
0.654374 0.360986 0
75 3
0.654374 0.360986 0
0.571757 0.410967 0
0.545929 0.372934 0
76 3
0.638773 0.991349 0
0.782189 0.991223 0
0.782010 0.721281 0
77 3
0.638773 0.991349 0
0.630617 0.733898 0
0.782010 0.721281 0
78 3
0.638773 0.991349 0
0.782010 0.721281 0
0.630617 0.733898 0
79 3
0.638773 0.991349 0
0.782010 0.721281 0
0.782189 0.991223 0
80 3
0.282572 0.142439 0
0.390319 0.292782 0
0.391012 0.134005 0
81 3
0.282572 0.142439 0
0.391012 0.134005 0
0.390368 0.004988 0
82 3
0.282572 0.142439 0
0.390368 0.004988 0
0.391012 0.134005 0
83 3
0.282572 0.142439 0
0.391012 0.134005 0
0.390319 0.292782 0
84 3
0.535862 0.378682 0
0.508652 0.608607 0
0.483360 0.618439 0
85 3
0.535862 0.378682 0
0.483360 0.618439 0
0.508652 0.608607 0
86 3
0.554327 0.525209 0
0.510734 0.626128 0
0.633506 0.603535 0
87 3
0.633506 0.603535 0
0.646634 0.487368 0
0.554327 0.525209 0
88 3
0.633506 0.603535 0
0.510734 0.626128 0
0.554327 0.525209 0
89 3
0.554327 0.525209 0
0.646634 0.487368 0
0.633506 0.603535 0
90 3
0.180941 0.818483 0
0.179663 0.769150 0
0.240625 0.713465 0
91 3
0.264456 0.818552 0
0.180941 0.818483 0
0.240625 0.713465 0
92 3
0.179663 0.769150 0
0.180941 0.818483 0
0.146849 0.818371 0
93 3
0.179663 0.769150 0
0.146849 0.818371 0
0.146108 0.769142 0
94 3
0.179663 0.769150 0
0.146108 0.769142 0
0.167083 0.712932 0
95 3
0.146108 0.769142 0
0.147137 0.714861 0
0.167083 0.712932 0
96 3
0.089438 0.717047 0
0.146108 0.769142 0
0.146849 0.818371 0
97 3
0.179663 0.769150 0
0.167083 0.712932 0
0.180717 0.714866 0
98 3
0.179663 0.769150 0
0.180717 0.714866 0
0.240625 0.713465 0
99 3
0.089438 0.717047 0
0.147137 0.714861 0
0.146108 0.769142 0
100 3
0.071663 0.818552 0
0.089438 0.717047 0
0.146849 0.818371 0
101 3
0.033603 0.511425 0
0.112519 0.574485 0
0.058434 0.716186 0
102 3
0.278862 0.716186 0
0.215477 0.574485 0
0.306338 0.511425 0
103 3
0.240625 0.713465 0
0.215477 0.574485 0
0.278862 0.716186 0
104 3
0.089438 0.717047 0
0.071663 0.818552 0
0.058434 0.716186 0
105 3
0.089438 0.717047 0
0.058434 0.716186 0
0.112519 0.574485 0
106 3
0.240625 0.713465 0
0.278862 0.716186 0
0.264456 0.818552 0
107 3
0.049415 0.397619 0
0.058440 0.367028 0
0.083840 0.365260 0
108 3
0.047582 0.293491 0
0.058440 0.367028 0
0.049415 0.397619 0
109 3
0.083840 0.365260 0
0.058440 0.367028 0
0.047582 0.293491 0
110 3
0.251211 0.365260 0
0.275761 0.367028 0
0.289843 0.397619 0
111 3
0.291999 0.293491 0
0.275761 0.367028 0
0.251211 0.365260 0
112 3
0.289843 0.397619 0
0.275761 0.367028 0
0.291999 0.293491 0
113 3
0.390368 0.004988 0
0.275522 0.007365 0
0.282572 0.142439 0
114 3
0.282572 0.142439 0
0.275522 0.007365 0
0.390368 0.004988 0
115 3
0.391012 0.134005 0
0.390319 0.292782 0
0.527248 0.257726 0
116 3
0.527248 0.257726 0
0.517102 0.121156 0
0.391012 0.134005 0
117 3
0.527248 0.257726 0
0.390319 0.292782 0
0.391012 0.134005 0
118 3
0.391012 0.134005 0
0.517102 0.121156 0
0.527248 0.257726 0
119 3
0.398951 0.476216 0
0.496762 0.398802 0
0.390319 0.292782 0
120 3
0.390319 0.292782 0
0.336290 0.385960 0
0.398951 0.476216 0
121 3
0.390319 0.292782 0
0.496762 0.398802 0
0.398951 0.476216 0
122 3
0.398951 0.476216 0
0.336290 0.385960 0
0.390319 0.292782 0
123 3
0.516578 0.771487 0
0.515905 0.991611 0
0.638773 0.991349 0
124 3
0.638773 0.991349 0
0.630617 0.733898 0
0.516578 0.771487 0
125 3
0.638773 0.991349 0
0.515905 0.991611 0
0.516578 0.771487 0
126 3
0.516578 0.771487 0
0.630617 0.733898 0
0.638773 0.991349 0
127 3
0.510734 0.626128 0
0.516578 0.771487 0
0.633506 0.603535 0
128 3
0.510734 0.626128 0
0.633506 0.603535 0
0.516578 0.771487 0
129 3
0.639633 0.992135 0
0.638773 0.991349 0
0.531889 0.992342 0
130 3
0.531889 0.992342 0
0.638773 0.991349 0
0.515905 0.991611 0
131 3
0.531889 0.992342 0
0.515905 0.991611 0
0.447513 0.991793 0
132 3
0.639633 0.992135 0
0.782189 0.991223 0
0.638773 0.991349 0
133 3
0.898051 0.787596 0
0.990894 0.788876 0
0.897907 0.630674 0
134 3
0.980863 0.993745 0
0.916735 0.994470 0
0.980698 0.991500 0
135 3
0.980863 0.993745 0
0.916961 0.990703 0
0.916735 0.994470 0
136 3
0.516578 0.771487 0
0.630617 0.733898 0
0.633506 0.603535 0
137 3
0.630617 0.733898 0
0.782029 0.591681 0
0.633506 0.603535 0
138 3
0.630617 0.733898 0
0.782010 0.721281 0
0.782029 0.591681 0
139 3
0.782280 0.104086 0
0.781929 0.004719 0
0.626537 0.004729 0
140 3
0.644538 0.108928 0
0.782280 0.104086 0
0.626537 0.004729 0
141 3
0.644538 0.108928 0
0.626537 0.004729 0
0.506326 0.004794 0
142 3
0.517102 0.121156 0
0.644538 0.108928 0
0.506326 0.004794 0
143 3
0.517102 0.121156 0
0.506326 0.004794 0
0.390368 0.004988 0
144 3
0.391012 0.134005 0
0.517102 0.121156 0
0.390368 0.004988 0
145 3
0.527248 0.257726 0
0.654374 0.360986 0
0.651510 0.246362 0
146 3
0.510541 0.367187 0
0.545929 0.372934 0
0.527248 0.257726 0
147 3
0.646634 0.487368 0
0.782340 0.475661 0
0.782515 0.346635 0
148 3
0.646634 0.487368 0
0.782515 0.346635 0
0.654374 0.360986 0
149 3
0.554327 0.525209 0
0.646634 0.487368 0
0.654374 0.360986 0
150 3
0.554327 0.525209 0
0.654374 0.360986 0
0.571757 0.410967 0
151 3
0.633506 0.603535 0
0.782029 0.591681 0
0.782340 0.475661 0
152 3
0.633506 0.603535 0
0.782340 0.475661 0
0.646634 0.487368 0
153 3
0.447513 0.991793 0
0.515905 0.991611 0
0.386742 0.946997 0
154 3
0.386742 0.946997 0
0.515905 0.991611 0
0.451651 0.884418 0
155 3
0.979310 0.837024 0
0.980508 0.822194 0
0.916705 0.823717 0
156 3
0.916705 0.823717 0
0.980508 0.822194 0
0.916482 0.828479 0
157 3
0.916332 0.843413 0
0.916482 0.828479 0
0.980508 0.822194 0
158 3
0.980335 0.843045 0
0.916332 0.843413 0
0.980508 0.822194 0
159 3
0.916449 0.924455 0
0.916332 0.843413 0
0.980335 0.843045 0
160 3
0.916449 0.924455 0
0.980335 0.843045 0
0.980429 0.923479 0
161 3
0.916735 0.994470 0
0.916449 0.924455 0
0.980429 0.923479 0
162 3
0.916735 0.994470 0
0.980429 0.923479 0
0.980698 0.991500 0
163 3
0.981888 0.404960 0
0.901210 0.415363 0
0.897865 0.503198 0
164 3
0.987473 0.581626 0
0.981888 0.404960 0
0.897865 0.503198 0
165 3
0.899658 0.500207 0
0.900479 0.382780 0
0.992175 0.437721 0
166 3
0.654374 0.360986 0
0.782515 0.346635 0
0.782486 0.242632 0
167 3
0.654374 0.360986 0
0.782486 0.242632 0
0.651510 0.246362 0
168 3
0.782486 0.242632 0
0.782280 0.104086 0
0.644538 0.108928 0
169 3
0.782486 0.242632 0
0.644538 0.108928 0
0.651510 0.246362 0
170 3
0.979642 0.396102 0
0.905727 0.395485 0
0.903712 0.553415 0
171 3
0.979642 0.396102 0
0.903712 0.553415 0
0.978184 0.534788 0
172 3
0.914397 0.285772 0
0.975051 0.218756 0
0.992175 0.437721 0
173 3
0.451651 0.884418 0
0.463316 0.766871 0
0.396420 0.852050 0
174 3
0.451651 0.884418 0
0.516578 0.771487 0
0.463316 0.766871 0
175 3
0.900479 0.382780 0
0.914397 0.285772 0
0.992175 0.437721 0
176 3
0.928201 0.588482 0
0.899658 0.500207 0
0.992175 0.437721 0
177 3
0.992933 0.663061 0
0.928201 0.588482 0
0.992175 0.437721 0
178 3
0.451651 0.884418 0
0.515905 0.991611 0
0.516578 0.771487 0
179 3
0.527248 0.257726 0
0.651510 0.246362 0
0.644538 0.108928 0
180 3
0.527248 0.257726 0
0.644538 0.108928 0
0.517102 0.121156 0
181 3
0.895424 0.569214 0
0.987473 0.581626 0
0.897865 0.503198 0
182 3
0.897907 0.630674 0
0.990894 0.788876 0
0.990957 0.629332 0
183 3
0.958925 0.522116 0
0.965198 0.430809 0
0.896800 0.532810 0
184 3
0.983328 0.381044 0
0.980934 0.244134 0
0.906409 0.262757 0
185 3
0.983328 0.381044 0
0.906409 0.262757 0
0.904895 0.389147 0
186 3
0.398951 0.476216 0
0.477038 0.634150 0
0.496762 0.398802 0
187 3
0.121181 0.399020 0
0.133227 0.296206 0
0.152525 0.345770 0
188 3
0.083840 0.365260 0
0.082298 0.285533 0
0.133227 0.296206 0
189 3
0.121181 0.399020 0
0.083840 0.365260 0
0.133227 0.296206 0
190 3
0.049415 0.397619 0
0.004948 0.386633 0
0.047582 0.293491 0
191 3
0.082298 0.285533 0
0.083840 0.365260 0
0.047582 0.293491 0
192 3
0.145774 0.565003 0
0.112519 0.574485 0
0.146050 0.509009 0
193 3
0.149304 0.608402 0
0.112519 0.574485 0
0.145774 0.565003 0
194 3
0.292930 0.294397 0
0.390319 0.292782 0
0.282572 0.142439 0
195 3
0.292930 0.294397 0
0.336290 0.385960 0
0.390319 0.292782 0
196 3
0.151125 0.397558 0
0.121181 0.399020 0
0.152525 0.345770 0
197 3
0.082298 0.285533 0
0.047582 0.293491 0
0.058869 0.142017 0
198 3
0.398951 0.476216 0
0.336290 0.385960 0
0.305677 0.511086 0
199 3
0.004948 0.386633 0
0.049415 0.397619 0
0.033603 0.511425 0
200 3
0.049415 0.397619 0
0.083442 0.425703 0
0.033603 0.511425 0
201 3
0.083442 0.425703 0
0.083840 0.365260 0
0.121181 0.399020 0
202 3
0.049415 0.397619 0
0.083840 0.365260 0
0.083442 0.425703 0
203 3
0.083442 0.425703 0
0.121181 0.399020 0
0.113596 0.524968 0
204 3
0.083442 0.425703 0
0.113596 0.524968 0
0.033603 0.511425 0
205 3
0.033603 0.511425 0
0.113596 0.524968 0
0.112519 0.574485 0
206 3
0.148720 0.437790 0
0.113596 0.524968 0
0.151125 0.397558 0
207 3
0.113596 0.524968 0
0.146050 0.509009 0
0.112519 0.574485 0
208 3
0.148720 0.437790 0
0.146050 0.509009 0
0.113596 0.524968 0
209 3
0.113596 0.524968 0
0.121181 0.399020 0
0.151125 0.397558 0
210 3
0.827612 0.992077 0
0.879013 0.992286 0
0.781726 0.992286 0
211 3
0.639633 0.992135 0
0.531889 0.992342 0
0.638773 0.991349 0
212 3
0.531889 0.992342 0
0.515905 0.991611 0
0.638773 0.991349 0
213 3
0.531889 0.992342 0
0.447513 0.991793 0
0.515905 0.991611 0
214 3
0.447513 0.991793 0
0.386742 0.946997 0
0.386742 0.946997 0
215 3
0.447513 0.991793 0
0.386742 0.946997 0
0.447513 0.991793 0
216 3
0.531889 0.992342 0
0.447513 0.991793 0
0.447513 0.991793 0
217 3
0.879004 0.105123 0
0.781764 0.006282 0
0.781729 0.105123 0
218 3
0.879004 0.105123 0
0.878921 0.006282 0
0.781764 0.006282 0
219 3
0.958584 0.247645 0
0.938426 0.466610 0
0.918268 0.247645 0
220 3
0.898383 0.252507 0
0.982546 0.251210 0
0.984433 0.364855 0
221 3
0.898383 0.252507 0
0.984433 0.364855 0
0.900256 0.366339 0
222 3
0.879045 0.244039 0
0.781729 0.105123 0
0.781713 0.244038 0
223 3
0.879045 0.244039 0
0.879004 0.105123 0
0.781729 0.105123 0
224 3
0.879034 0.348243 0
0.781713 0.244038 0
0.781718 0.348243 0
225 3
0.879034 0.348243 0
0.879045 0.244039 0
0.781713 0.244038 0
226 3
0.879013 0.477597 0
0.781718 0.348243 0
0.781726 0.477597 0
227 3
0.879013 0.477597 0
0.879034 0.348243 0
0.781718 0.348243 0
228 3
0.879026 0.591301 0
0.781726 0.477597 0
0.781721 0.591301 0
229 3
0.879026 0.591301 0
0.879013 0.477597 0
0.781726 0.477597 0
230 3
0.879021 0.721845 0
0.781721 0.591301 0
0.781723 0.721845 0
231 3
0.879021 0.721845 0
0.879026 0.591301 0
0.781721 0.591301 0
232 3
0.879013 0.992286 0
0.781723 0.721845 0
0.781726 0.992286 0
233 3
0.879013 0.992286 0
0.879021 0.721845 0
0.781723 0.721845 0
234 3
0.639633 0.992135 0
0.638773 0.991349 0
0.782189 0.991223 0
235 3
0.898051 0.787596 0
0.897907 0.630674 0
0.991231 0.788876 0
236 3
0.145774 0.565003 0
0.179538 0.509009 0
0.179814 0.565003 0
237 3
0.145774 0.565003 0
0.146050 0.509009 0
0.179538 0.509009 0
238 3
0.149304 0.608402 0
0.179814 0.565003 0
0.178430 0.608402 0
239 3
0.145774 0.565003 0
0.179814 0.565003 0
0.149304 0.608402 0
240 3
0.133227 0.296206 0
0.170607 0.157233 0
0.201191 0.296206 0
241 3
0.152525 0.345770 0
0.201191 0.296206 0
0.177601 0.345770 0
242 3
0.152525 0.345770 0
0.133227 0.296206 0
0.201191 0.296206 0
243 3
0.151125 0.397558 0
0.177601 0.345770 0
0.176856 0.397558 0
244 3
0.152525 0.345770 0
0.177601 0.345770 0
0.151125 0.397558 0
245 3
0.177282 0.437790 0
0.179538 0.509009 0
0.146050 0.509009 0
246 3
0.148720 0.437790 0
0.177282 0.437790 0
0.146050 0.509009 0
247 3
0.176856 0.397558 0
0.177282 0.437790 0
0.148720 0.437790 0
248 3
0.151125 0.397558 0
0.176856 0.397558 0
0.148720 0.437790 0
249 3
0.980863 0.993745 0
0.980698 0.991500 0
0.916735 0.994470 0
250 3
0.980863 0.993745 0
0.916735 0.994470 0
0.916961 0.990703 0
251 3
0.516578 0.771487 0
0.633506 0.603535 0
0.630617 0.733898 0
252 3
0.630617 0.733898 0
0.633506 0.603535 0
0.782029 0.591681 0
253 3
0.630617 0.733898 0
0.782029 0.591681 0
0.782010 0.721281 0
254 3
0.782280 0.104086 0
0.626537 0.004729 0
0.781929 0.004719 0
255 3
0.644538 0.108928 0
0.626537 0.004729 0
0.782280 0.104086 0
256 3
0.644538 0.108928 0
0.506326 0.004794 0
0.626537 0.004729 0
257 3
0.517102 0.121156 0
0.506326 0.004794 0
0.644538 0.108928 0
258 3
0.517102 0.121156 0
0.390368 0.004988 0
0.506326 0.004794 0
259 3
0.391012 0.134005 0
0.390368 0.004988 0
0.517102 0.121156 0
260 3
0.527248 0.257726 0
0.654374 0.360986 0
0.545929 0.372934 0
261 3
0.510541 0.367187 0
0.527248 0.257726 0
0.545929 0.372934 0
262 3
0.646634 0.487368 0
0.782515 0.346635 0
0.782340 0.475661 0
263 3
0.646634 0.487368 0
0.654374 0.360986 0
0.782515 0.346635 0
264 3
0.554327 0.525209 0
0.654374 0.360986 0
0.646634 0.487368 0
265 3
0.554327 0.525209 0
0.571757 0.410967 0
0.654374 0.360986 0
266 3
0.633506 0.603535 0
0.782340 0.475661 0
0.782029 0.591681 0
267 3
0.633506 0.603535 0
0.646634 0.487368 0
0.782340 0.475661 0
268 3
0.447513 0.991793 0
0.386742 0.946997 0
0.515905 0.991611 0
269 3
0.386742 0.946997 0
0.451651 0.884418 0
0.515905 0.991611 0
270 3
0.980508 0.822194 0
0.979310 0.837024 0
0.916705 0.823717 0
271 3
0.916705 0.823717 0
0.916482 0.828479 0
0.980508 0.822194 0
272 3
0.916332 0.843413 0
0.980508 0.822194 0
0.916482 0.828479 0
273 3
0.980335 0.843045 0
0.980508 0.822194 0
0.916332 0.843413 0
274 3
0.916449 0.924455 0
0.980335 0.843045 0
0.916332 0.843413 0
275 3
0.916449 0.924455 0
0.980429 0.923479 0
0.980335 0.843045 0
276 3
0.916735 0.994470 0
0.980429 0.923479 0
0.916449 0.924455 0
277 3
0.916735 0.994470 0
0.980698 0.991500 0
0.980429 0.923479 0
278 3
0.981888 0.404960 0
0.897865 0.503198 0
0.901210 0.415363 0
279 3
0.987473 0.581626 0
0.897865 0.503198 0
0.981888 0.404960 0
280 3
0.993961 0.495762 0
0.896759 0.433277 0
0.993099 0.378335 0
281 3
0.654374 0.360986 0
0.782486 0.242632 0
0.782515 0.346635 0
282 3
0.654374 0.360986 0
0.651510 0.246362 0
0.782486 0.242632 0
283 3
0.782486 0.242632 0
0.644538 0.108928 0
0.782280 0.104086 0
284 3
0.782486 0.242632 0
0.651510 0.246362 0
0.644538 0.108928 0
285 3
0.979642 0.396102 0
0.903712 0.553415 0
0.905727 0.395485 0
286 3
0.979642 0.396102 0
0.978184 0.534788 0
0.903712 0.553415 0
287 3
0.984264 0.281327 0
0.896759 0.433277 0
0.916917 0.214311 0
288 3
0.451651 0.884418 0
0.396420 0.852050 0
0.463316 0.766871 0
289 3
0.451651 0.884418 0
0.463316 0.766871 0
0.516578 0.771487 0
290 3
0.993099 0.378335 0
0.896759 0.433277 0
0.984264 0.281327 0
291 3
0.966464 0.584037 0
0.896759 0.433277 0
0.993961 0.495762 0
292 3
0.897555 0.658616 0
0.896759 0.433277 0
0.966464 0.584037 0
293 3
0.451651 0.884418 0
0.516578 0.771487 0
0.515905 0.991611 0
294 3
0.527248 0.257726 0
0.644538 0.108928 0
0.651510 0.246362 0
295 3
0.527248 0.257726 0
0.517102 0.121156 0
0.644538 0.108928 0
296 3
0.895424 0.569214 0
0.897865 0.503198 0
0.987473 0.581626 0
297 3
0.897907 0.630674 0
0.991185 0.629332 0
0.991231 0.788876 0
298 3
0.958925 0.522116 0
0.896800 0.532810 0
0.965198 0.430809 0
299 3
0.983328 0.381044 0
0.906409 0.262757 0
0.980934 0.244134 0
300 3
0.983328 0.381044 0
0.904895 0.389148 0
0.906409 0.262757 0
301 3
0.398951 0.476216 0
0.496762 0.398802 0
0.477038 0.634150 0
302 3
0.217909 0.399020 0
0.177601 0.345770 0
0.201191 0.296206 0
303 3
0.251211 0.365260 0
0.201191 0.296206 0
0.247828 0.285533 0
304 3
0.217909 0.399020 0
0.201191 0.296206 0
0.251211 0.365260 0
305 3
0.289843 0.397619 0
0.291999 0.293491 0
0.336031 0.386633 0
306 3
0.247828 0.285533 0
0.291999 0.293491 0
0.251211 0.365260 0
307 3
0.179814 0.565003 0
0.179538 0.509009 0
0.215477 0.574485 0
308 3
0.178430 0.608402 0
0.179814 0.565003 0
0.215477 0.574485 0
309 3
0.292930 0.294397 0
0.282572 0.142439 0
0.390319 0.292782 0
310 3
0.292930 0.294397 0
0.390319 0.292782 0
0.336290 0.385960 0
311 3
0.176856 0.397558 0
0.177601 0.345770 0
0.217909 0.399020 0
312 3
0.247828 0.285533 0
0.281906 0.142017 0
0.291999 0.293491 0
313 3
0.398951 0.476216 0
0.305677 0.511086 0
0.336290 0.385960 0
314 3
0.336031 0.386633 0
0.306338 0.511425 0
0.289843 0.397619 0
315 3
0.289843 0.397619 0
0.306338 0.511425 0
0.251608 0.425703 0
316 3
0.251608 0.425703 0
0.217909 0.399020 0
0.251211 0.365260 0
317 3
0.251608 0.425703 0
0.251211 0.365260 0
0.289843 0.397619 0
318 3
0.251608 0.425703 0
0.214167 0.524968 0
0.217909 0.399020 0
319 3
0.251608 0.425703 0
0.306338 0.511425 0
0.214167 0.524968 0
320 3
0.306338 0.511425 0
0.215477 0.574485 0
0.214167 0.524968 0
321 3
0.177282 0.437790 0
0.176856 0.397558 0
0.214167 0.524968 0
322 3
0.214167 0.524968 0
0.215477 0.574485 0
0.179538 0.509009 0
323 3
0.177282 0.437790 0
0.214167 0.524968 0
0.179538 0.509009 0
324 3
0.214167 0.524968 0
0.176856 0.397558 0
0.217909 0.399020 0
4
0.000000 0.000000 0.000000
0.000000 0.000000 0.000000
0.000000 0.000000 0.000000
1.000000 1.000000 1.000000
