2
1
hd_rstri
NBAonNBC\HEADS\Washington\Lwo\hd_rstri.tga
321
0 3
0.914944 0.988392 0
0.992804 0.964675 0
0.992492 0.987198 0
1 3
0.992492 0.987198 0
0.914558 0.990445 0
0.914944 0.988392 0
2 3
0.992492 0.987198 0
0.992804 0.964675 0
0.915200 0.993822 0
3 3
0.915200 0.993822 0
0.914558 0.990445 0
0.992492 0.987198 0
4 3
0.914944 0.988392 0
0.915494 0.961368 0
0.992804 0.964675 0
5 3
0.992804 0.964675 0
0.915494 0.961368 0
0.915200 0.993822 0
6 3
0.913671 0.806166 0
0.992187 0.815833 0
0.914423 0.821367 0
7 3
0.913671 0.806166 0
0.991798 0.809646 0
0.992187 0.815833 0
8 3
0.991798 0.809646 0
0.913671 0.806166 0
0.915966 0.847411 0
9 3
0.916348 0.955129 0
0.914558 0.990445 0
0.992492 0.987198 0
10 3
0.992430 0.865245 0
0.992804 0.964675 0
0.915494 0.961368 0
11 3
0.992430 0.865245 0
0.915494 0.961368 0
0.915036 0.866847 0
12 3
0.992187 0.815833 0
0.992430 0.865245 0
0.915036 0.866847 0
13 3
0.992187 0.815833 0
0.915036 0.866847 0
0.914423 0.821367 0
14 3
0.913671 0.806166 0
0.914423 0.821367 0
0.992187 0.815833 0
15 3
0.913671 0.806166 0
0.992187 0.815833 0
0.991798 0.809646 0
16 3
0.991798 0.809646 0
0.915966 0.847411 0
0.913671 0.806166 0
17 3
0.914558 0.990445 0
0.916348 0.955129 0
0.992492 0.987198 0
18 3
0.992430 0.865245 0
0.915494 0.961368 0
0.992804 0.964675 0
19 3
0.992430 0.865245 0
0.915036 0.866847 0
0.915494 0.961368 0
20 3
0.992187 0.815833 0
0.915036 0.866847 0
0.992430 0.865245 0
21 3
0.992187 0.815833 0
0.914423 0.821367 0
0.915036 0.866847 0
22 3
0.566948 0.429513 0
0.545299 0.471100 0
0.602288 0.430088 0
23 3
0.613859 0.466159 0
0.602288 0.430088 0
0.545299 0.471100 0
24 3
0.566948 0.429513 0
0.600791 0.427989 0
0.545299 0.471100 0
25 3
0.613859 0.466159 0
0.545299 0.471100 0
0.600791 0.427989 0
26 3
0.485615 0.821786 0
0.348245 0.923077 0
0.460350 0.964857 0
27 3
0.460350 0.964857 0
0.520276 0.856618 0
0.485615 0.821786 0
28 3
0.460350 0.964857 0
0.348245 0.923077 0
0.485615 0.821786 0
29 3
0.485615 0.821786 0
0.520276 0.856618 0
0.460350 0.964857 0
30 3
0.348245 0.923077 0
0.350725 0.973163 0
0.460350 0.964857 0
31 3
0.460350 0.964857 0
0.350725 0.973163 0
0.348245 0.923077 0
32 3
0.709065 0.430171 0
0.704922 0.570518 0
0.812525 0.566621 0
33 3
0.709065 0.430171 0
0.812525 0.566621 0
0.822585 0.425191 0
34 3
0.709065 0.430171 0
0.822585 0.425191 0
0.812525 0.566621 0
35 3
0.709065 0.430171 0
0.812525 0.566621 0
0.704922 0.570518 0
36 3
0.709065 0.430171 0
0.707823 0.337042 0
0.625255 0.423092 0
37 3
0.709065 0.430171 0
0.625255 0.423092 0
0.624865 0.573999 0
38 3
0.709065 0.430171 0
0.624865 0.573999 0
0.625255 0.423092 0
39 3
0.709065 0.430171 0
0.625255 0.423092 0
0.707823 0.337042 0
40 3
0.611430 0.568678 0
0.613859 0.466159 0
0.545299 0.471100 0
41 3
0.584753 0.612381 0
0.611430 0.568678 0
0.545299 0.471100 0
42 3
0.584753 0.612381 0
0.545299 0.471100 0
0.527350 0.593701 0
43 3
0.527350 0.593701 0
0.541886 0.633670 0
0.584753 0.612381 0
44 3
0.545299 0.471100 0
0.613859 0.466159 0
0.611430 0.568678 0
45 3
0.545299 0.471100 0
0.611430 0.568678 0
0.584753 0.612381 0
46 3
0.527350 0.593701 0
0.545299 0.471100 0
0.584753 0.612381 0
47 3
0.584753 0.612381 0
0.541886 0.633670 0
0.527350 0.593701 0
48 3
0.460350 0.964857 0
0.460350 0.964857 0
0.350725 0.973163 0
49 3
0.460350 0.964857 0
0.350725 0.973163 0
0.350725 0.973163 0
50 3
0.570220 0.269397 0
0.571996 0.416252 0
0.707823 0.337042 0
51 3
0.570220 0.269397 0
0.705203 0.237736 0
0.707823 0.337042 0
52 3
0.571996 0.416252 0
0.625255 0.423092 0
0.707823 0.337042 0
53 3
0.707823 0.337042 0
0.625255 0.423092 0
0.571996 0.416252 0
54 3
0.688994 0.992946 0
0.797283 0.991672 0
0.796903 0.678723 0
55 3
0.688994 0.992946 0
0.691811 0.709253 0
0.796903 0.678723 0
56 3
0.688994 0.992946 0
0.796903 0.678723 0
0.691811 0.709253 0
57 3
0.688994 0.992946 0
0.796903 0.678723 0
0.797283 0.991672 0
58 3
0.371815 0.134708 0
0.466216 0.345219 0
0.464158 0.115536 0
59 3
0.371815 0.134708 0
0.464158 0.115536 0
0.463041 0.008806 0
60 3
0.371815 0.134708 0
0.463041 0.008806 0
0.464158 0.115536 0
61 3
0.371815 0.134708 0
0.464158 0.115536 0
0.466216 0.345219 0
62 3
0.624865 0.573999 0
0.583871 0.639120 0
0.704922 0.570518 0
63 3
0.704922 0.570518 0
0.709065 0.430171 0
0.624865 0.573999 0
64 3
0.704922 0.570518 0
0.583871 0.639120 0
0.624865 0.573999 0
65 3
0.624865 0.573999 0
0.709065 0.430171 0
0.704922 0.570518 0
66 3
0.485615 0.821786 0
0.469587 0.514935 0
0.367408 0.559094 0
67 3
0.485615 0.821786 0
0.354380 0.734350 0
0.367408 0.559094 0
68 3
0.485615 0.821786 0
0.367408 0.559094 0
0.354380 0.734350 0
69 3
0.485615 0.821786 0
0.367408 0.559094 0
0.469587 0.514935 0
70 3
0.463041 0.008806 0
0.377476 0.007349 0
0.371815 0.134708 0
71 3
0.371815 0.134708 0
0.377476 0.007349 0
0.463041 0.008806 0
72 3
0.464158 0.115536 0
0.466216 0.345219 0
0.570220 0.269397 0
73 3
0.570220 0.269397 0
0.566918 0.103541 0
0.464158 0.115536 0
74 3
0.570220 0.269397 0
0.466216 0.345219 0
0.464158 0.115536 0
75 3
0.464158 0.115536 0
0.566918 0.103541 0
0.570220 0.269397 0
76 3
0.469587 0.514935 0
0.545299 0.471100 0
0.466216 0.345219 0
77 3
0.466216 0.345219 0
0.402144 0.437129 0
0.469587 0.514935 0
78 3
0.466216 0.345219 0
0.545299 0.471100 0
0.469587 0.514935 0
79 3
0.469587 0.514935 0
0.402144 0.437129 0
0.466216 0.345219 0
80 3
0.566387 0.715307 0
0.542644 0.991014 0
0.688994 0.992946 0
81 3
0.688994 0.992946 0
0.691811 0.709253 0
0.566387 0.715307 0
82 3
0.688994 0.992946 0
0.542644 0.991014 0
0.566387 0.715307 0
83 3
0.566387 0.715307 0
0.691811 0.709253 0
0.688994 0.992946 0
84 3
0.583871 0.639120 0
0.531782 0.718651 0
0.566387 0.715307 0
85 3
0.583871 0.639120 0
0.566387 0.715307 0
0.704922 0.570518 0
86 3
0.583871 0.639120 0
0.704922 0.570518 0
0.566387 0.715307 0
87 3
0.583871 0.639120 0
0.566387 0.715307 0
0.531782 0.718651 0
88 3
0.348245 0.923077 0
0.485615 0.821786 0
0.347188 0.817311 0
89 3
0.354380 0.734350 0
0.347188 0.817311 0
0.485615 0.821786 0
90 3
0.354380 0.734350 0
0.485615 0.821786 0
0.347188 0.817311 0
91 3
0.348245 0.923077 0
0.347188 0.817311 0
0.485615 0.821786 0
92 3
0.686131 0.991454 0
0.688994 0.992946 0
0.555158 0.992827 0
93 3
0.555158 0.992827 0
0.688994 0.992946 0
0.542644 0.991014 0
94 3
0.555158 0.992827 0
0.542644 0.991014 0
0.476473 0.992805 0
95 3
0.686131 0.991454 0
0.797283 0.991672 0
0.688994 0.992946 0
96 3
0.531782 0.718651 0
0.583871 0.639120 0
0.529321 0.645883 0
97 3
0.566387 0.715307 0
0.691811 0.709253 0
0.704922 0.570518 0
98 3
0.691811 0.709253 0
0.812525 0.566621 0
0.704922 0.570518 0
99 3
0.691811 0.709253 0
0.796903 0.678723 0
0.812525 0.566621 0
100 3
0.819388 0.095814 0
0.819983 0.007668 0
0.705443 0.007935 0
101 3
0.705614 0.094407 0
0.819388 0.095814 0
0.705443 0.007935 0
102 3
0.705614 0.094407 0
0.705443 0.007935 0
0.567438 0.008691 0
103 3
0.566918 0.103541 0
0.705614 0.094407 0
0.567438 0.008691 0
104 3
0.566918 0.103541 0
0.567438 0.008691 0
0.463041 0.008806 0
105 3
0.464158 0.115536 0
0.566918 0.103541 0
0.463041 0.008806 0
106 3
0.570220 0.269397 0
0.707823 0.337042 0
0.705203 0.237736 0
107 3
0.571996 0.416252 0
0.570220 0.269397 0
0.466216 0.345219 0
108 3
0.709065 0.430171 0
0.822585 0.425191 0
0.822055 0.342348 0
109 3
0.709065 0.430171 0
0.822055 0.342348 0
0.707823 0.337042 0
110 3
0.476473 0.992805 0
0.542644 0.991014 0
0.460350 0.964857 0
111 3
0.460350 0.964857 0
0.542644 0.991014 0
0.520276 0.856618 0
112 3
0.466216 0.345219 0
0.545299 0.471100 0
0.571996 0.416252 0
113 3
0.707823 0.337042 0
0.822055 0.342348 0
0.822276 0.230473 0
114 3
0.707823 0.337042 0
0.822276 0.230473 0
0.705203 0.237736 0
115 3
0.822276 0.230473 0
0.819388 0.095814 0
0.705614 0.094407 0
116 3
0.822276 0.230473 0
0.705614 0.094407 0
0.705203 0.237736 0
117 3
0.520276 0.856618 0
0.531782 0.718651 0
0.485615 0.821786 0
118 3
0.520276 0.856618 0
0.566387 0.715307 0
0.531782 0.718651 0
119 3
0.520276 0.856618 0
0.542644 0.991014 0
0.566387 0.715307 0
120 3
0.570220 0.269397 0
0.705203 0.237736 0
0.705614 0.094407 0
121 3
0.570220 0.269397 0
0.705614 0.094407 0
0.566918 0.103541 0
122 3
0.469587 0.514935 0
0.485615 0.821786 0
0.531782 0.718651 0
123 3
0.469587 0.514935 0
0.529321 0.645883 0
0.527350 0.593701 0
124 3
0.529321 0.645883 0
0.469587 0.514935 0
0.531782 0.718651 0
125 3
0.469587 0.514935 0
0.527350 0.593701 0
0.545299 0.471100 0
126 3
0.363717 0.358933 0
0.466216 0.345219 0
0.371815 0.134708 0
127 3
0.363717 0.358933 0
0.402144 0.437129 0
0.466216 0.345219 0
128 3
0.469587 0.514935 0
0.402144 0.437129 0
0.367408 0.559094 0
129 3
0.686131 0.991454 0
0.555158 0.992827 0
0.688994 0.992946 0
130 3
0.555158 0.992827 0
0.542644 0.991014 0
0.688994 0.992946 0
131 3
0.555158 0.992827 0
0.476473 0.992805 0
0.542644 0.991014 0
132 3
0.476473 0.992805 0
0.460350 0.964857 0
0.460350 0.964857 0
133 3
0.476473 0.992805 0
0.460350 0.964857 0
0.476473 0.992805 0
134 3
0.555158 0.992827 0
0.476473 0.992805 0
0.476473 0.992805 0
135 3
0.686131 0.991454 0
0.688994 0.992946 0
0.797283 0.991672 0
136 3
0.531782 0.718651 0
0.529321 0.645883 0
0.583871 0.639120 0
137 3
0.566387 0.715307 0
0.704922 0.570518 0
0.691811 0.709253 0
138 3
0.691811 0.709253 0
0.704922 0.570518 0
0.812525 0.566621 0
139 3
0.691811 0.709253 0
0.812525 0.566621 0
0.796903 0.678723 0
140 3
0.819388 0.095814 0
0.705443 0.007935 0
0.819983 0.007668 0
141 3
0.705614 0.094407 0
0.705443 0.007935 0
0.819388 0.095814 0
142 3
0.705614 0.094407 0
0.567438 0.008691 0
0.705443 0.007935 0
143 3
0.566918 0.103541 0
0.567438 0.008691 0
0.705614 0.094407 0
144 3
0.566918 0.103541 0
0.463041 0.008806 0
0.567438 0.008691 0
145 3
0.464158 0.115536 0
0.463041 0.008806 0
0.566918 0.103541 0
146 3
0.570220 0.269397 0
0.707823 0.337042 0
0.571996 0.416252 0
147 3
0.571996 0.416252 0
0.466216 0.345219 0
0.570220 0.269397 0
148 3
0.709065 0.430171 0
0.822055 0.342348 0
0.822585 0.425191 0
149 3
0.709065 0.430171 0
0.707823 0.337042 0
0.822055 0.342348 0
150 3
0.476473 0.992805 0
0.460350 0.964857 0
0.542644 0.991014 0
151 3
0.460350 0.964857 0
0.520276 0.856618 0
0.542644 0.991014 0
152 3
0.466216 0.345219 0
0.571996 0.416252 0
0.545299 0.471100 0
153 3
0.707823 0.337042 0
0.822276 0.230473 0
0.822055 0.342348 0
154 3
0.707823 0.337042 0
0.705203 0.237736 0
0.822276 0.230473 0
155 3
0.822276 0.230473 0
0.705614 0.094407 0
0.819388 0.095814 0
156 3
0.822276 0.230473 0
0.705203 0.237736 0
0.705614 0.094407 0
157 3
0.520276 0.856618 0
0.485615 0.821786 0
0.531782 0.718651 0
158 3
0.520276 0.856618 0
0.531782 0.718651 0
0.566387 0.715307 0
159 3
0.520276 0.856618 0
0.566387 0.715307 0
0.542644 0.991014 0
160 3
0.570220 0.269397 0
0.705614 0.094407 0
0.705203 0.237736 0
161 3
0.570220 0.269397 0
0.566918 0.103541 0
0.705614 0.094407 0
162 3
0.469587 0.514935 0
0.531782 0.718651 0
0.485615 0.821786 0
163 3
0.469587 0.514935 0
0.527350 0.593701 0
0.529321 0.645883 0
164 3
0.529321 0.645883 0
0.531782 0.718651 0
0.469587 0.514935 0
165 3
0.469587 0.514935 0
0.545299 0.471100 0
0.527350 0.593701 0
166 3
0.363717 0.358933 0
0.371815 0.134708 0
0.466216 0.345219 0
167 3
0.363717 0.358933 0
0.466216 0.345219 0
0.402144 0.437129 0
168 3
0.469587 0.514935 0
0.367408 0.559094 0
0.402144 0.437129 0
169 3
0.068787 0.819098 0
0.125834 0.827038 0
0.117394 0.925606 0
170 3
0.218155 0.819098 0
0.203819 0.923976 0
0.169547 0.925606 0
171 3
0.068787 0.819098 0
0.117394 0.925606 0
0.083123 0.923976 0
172 3
0.218155 0.819098 0
0.169547 0.925606 0
0.164467 0.827158 0
173 3
0.143471 0.144981 0
0.108982 0.355022 0
0.064846 0.335605 0
174 3
0.222096 0.335605 0
0.179567 0.355022 0
0.143471 0.144981 0
175 3
0.060202 0.124207 0
0.143471 0.144981 0
0.064846 0.335605 0
176 3
0.226740 0.124207 0
0.222096 0.335605 0
0.143471 0.144981 0
177 3
0.082541 0.746979 0
0.098925 0.600583 0
0.126196 0.684523 0
178 3
0.126196 0.684523 0
0.128409 0.730590 0
0.082541 0.746979 0
179 3
0.163960 0.684522 0
0.191673 0.600583 0
0.204400 0.747698 0
180 3
0.204400 0.747698 0
0.161748 0.730546 0
0.163960 0.684522 0
181 3
0.128409 0.730590 0
0.126196 0.684523 0
0.163960 0.684522 0
182 3
0.128409 0.730590 0
0.163960 0.684522 0
0.161748 0.730546 0
183 3
0.126196 0.684523 0
0.131637 0.622913 0
0.158520 0.622913 0
184 3
0.158520 0.622913 0
0.163960 0.684522 0
0.126196 0.684523 0
185 3
0.191673 0.600583 0
0.163960 0.684522 0
0.158520 0.622913 0
186 3
0.131637 0.622913 0
0.126196 0.684523 0
0.098925 0.600583 0
187 3
0.125834 0.827038 0
0.164467 0.827158 0
0.169547 0.925606 0
188 3
0.125834 0.827038 0
0.169547 0.925606 0
0.117394 0.925606 0
189 3
0.114652 0.977272 0
0.117394 0.925606 0
0.169547 0.925606 0
190 3
0.114652 0.977272 0
0.169547 0.925606 0
0.172290 0.977272 0
191 3
0.083123 0.923976 0
0.117394 0.925606 0
0.114652 0.977272 0
192 3
0.203819 0.923976 0
0.172290 0.977272 0
0.169547 0.925606 0
193 3
0.164467 0.827158 0
0.165044 0.786688 0
0.204400 0.747698 0
194 3
0.218155 0.819098 0
0.164467 0.827158 0
0.204400 0.747698 0
195 3
0.165044 0.786688 0
0.164467 0.827158 0
0.125834 0.827038 0
196 3
0.165044 0.786688 0
0.125834 0.827038 0
0.125113 0.786688 0
197 3
0.165044 0.786688 0
0.125113 0.786688 0
0.143471 0.730535 0
198 3
0.125113 0.786688 0
0.128377 0.730414 0
0.143471 0.730535 0
199 3
0.082541 0.746979 0
0.125113 0.786688 0
0.125834 0.827038 0
200 3
0.165044 0.786688 0
0.143471 0.730535 0
0.161780 0.730414 0
201 3
0.165044 0.786688 0
0.161780 0.730414 0
0.204400 0.747698 0
202 3
0.082541 0.746979 0
0.128377 0.730414 0
0.125113 0.786688 0
203 3
0.068787 0.819098 0
0.082541 0.746979 0
0.125834 0.827038 0
204 3
0.030341 0.561534 0
0.098925 0.600583 0
0.056853 0.730821 0
205 3
0.234912 0.730821 0
0.191673 0.600583 0
0.256601 0.561534 0
206 3
0.204400 0.747698 0
0.191673 0.600583 0
0.234912 0.730821 0
207 3
0.082541 0.746979 0
0.068787 0.819098 0
0.056853 0.730821 0
208 3
0.082541 0.746979 0
0.056853 0.730821 0
0.098925 0.600583 0
209 3
0.204400 0.747698 0
0.234912 0.730821 0
0.218155 0.819098 0
210 3
0.031303 0.438756 0
0.040741 0.402143 0
0.068177 0.406400 0
211 3
0.024965 0.347184 0
0.040741 0.402143 0
0.031303 0.438756 0
212 3
0.068177 0.406400 0
0.040741 0.402143 0
0.024965 0.347184 0
213 3
0.218765 0.406218 0
0.246201 0.401961 0
0.255639 0.438575 0
214 3
0.261977 0.347184 0
0.246201 0.401961 0
0.218765 0.406218 0
215 3
0.255639 0.438575 0
0.246201 0.401961 0
0.261977 0.347184 0
216 3
0.143471 0.144981 0
0.075516 0.008131 0
0.143284 0.007906 0
217 3
0.143471 0.144981 0
0.060202 0.124207 0
0.075516 0.008131 0
218 3
0.101263 0.437058 0
0.108982 0.355022 0
0.126039 0.394305 0
219 3
0.068177 0.406400 0
0.064846 0.335605 0
0.108982 0.355022 0
220 3
0.101263 0.437058 0
0.068177 0.406400 0
0.108982 0.355022 0
221 3
0.031303 0.438756 0
0.011993 0.440127 0
0.024965 0.347184 0
222 3
0.064846 0.335605 0
0.068177 0.406400 0
0.024965 0.347184 0
223 3
0.130255 0.597645 0
0.098925 0.600583 0
0.130530 0.564216 0
224 3
0.131637 0.622913 0
0.098925 0.600583 0
0.130255 0.597645 0
225 3
0.132459 0.433981 0
0.101263 0.437058 0
0.126039 0.394305 0
226 3
0.064846 0.335605 0
0.024965 0.347184 0
0.060202 0.124207 0
227 3
0.011993 0.440127 0
0.031303 0.438756 0
0.030341 0.561534 0
228 3
0.031303 0.438756 0
0.067780 0.461189 0
0.030341 0.561534 0
229 3
0.067780 0.461189 0
0.068177 0.406400 0
0.101263 0.437058 0
230 3
0.031303 0.438756 0
0.068177 0.406400 0
0.067780 0.461189 0
231 3
0.067780 0.461189 0
0.101263 0.437058 0
0.100944 0.561142 0
232 3
0.067780 0.461189 0
0.100944 0.561142 0
0.030341 0.561534 0
233 3
0.030341 0.561534 0
0.100944 0.561142 0
0.098925 0.600583 0
234 3
0.132761 0.478842 0
0.100944 0.561142 0
0.132459 0.433981 0
235 3
0.100944 0.561142 0
0.130530 0.564216 0
0.098925 0.600583 0
236 3
0.132761 0.478842 0
0.130530 0.564216 0
0.100944 0.561142 0
237 3
0.100944 0.561142 0
0.101263 0.437058 0
0.132459 0.433981 0
238 3
0.143471 0.144981 0
0.143284 0.007906 0
0.211426 0.008131 0
239 3
0.130255 0.597645 0
0.159627 0.564216 0
0.159902 0.597645 0
240 3
0.130255 0.597645 0
0.130530 0.564216 0
0.159627 0.564216 0
241 3
0.131637 0.622913 0
0.159902 0.597645 0
0.158520 0.622913 0
242 3
0.130255 0.597645 0
0.159902 0.597645 0
0.131637 0.622913 0
243 3
0.108982 0.355022 0
0.143471 0.144981 0
0.179567 0.355022 0
244 3
0.126039 0.394305 0
0.179567 0.355022 0
0.162509 0.394305 0
245 3
0.126039 0.394305 0
0.108982 0.355022 0
0.179567 0.355022 0
246 3
0.132459 0.433981 0
0.162509 0.394305 0
0.156089 0.433981 0
247 3
0.126039 0.394305 0
0.162509 0.394305 0
0.132459 0.433981 0
248 3
0.155788 0.478842 0
0.159627 0.564216 0
0.130530 0.564216 0
249 3
0.132761 0.478842 0
0.155788 0.478842 0
0.130530 0.564216 0
250 3
0.156089 0.433981 0
0.155788 0.478842 0
0.132761 0.478842 0
251 3
0.132459 0.433981 0
0.156089 0.433981 0
0.132761 0.478842 0
252 3
0.143471 0.144981 0
0.211426 0.008131 0
0.226740 0.124207 0
253 3
0.185679 0.436877 0
0.162509 0.394305 0
0.179567 0.355022 0
254 3
0.218765 0.406218 0
0.179567 0.355022 0
0.222096 0.335605 0
255 3
0.185679 0.436877 0
0.179567 0.355022 0
0.218765 0.406218 0
256 3
0.255639 0.438575 0
0.261977 0.347184 0
0.274948 0.440127 0
257 3
0.222096 0.335605 0
0.261977 0.347184 0
0.218765 0.406218 0
258 3
0.159902 0.597645 0
0.159627 0.564216 0
0.191673 0.600583 0
259 3
0.158520 0.622913 0
0.159902 0.597645 0
0.191673 0.600583 0
260 3
0.156089 0.433981 0
0.162509 0.394305 0
0.185679 0.436877 0
261 3
0.222096 0.335605 0
0.226740 0.124207 0
0.261977 0.347184 0
262 3
0.274948 0.440127 0
0.256601 0.561534 0
0.255639 0.438575 0
263 3
0.255639 0.438575 0
0.256601 0.561534 0
0.219162 0.461008 0
264 3
0.219162 0.461008 0
0.185679 0.436877 0
0.218765 0.406218 0
265 3
0.219162 0.461008 0
0.218765 0.406218 0
0.255639 0.438575 0
266 3
0.219162 0.461008 0
0.189654 0.561142 0
0.185679 0.436877 0
267 3
0.219162 0.461008 0
0.256601 0.561534 0
0.189654 0.561142 0
268 3
0.256601 0.561534 0
0.191673 0.600583 0
0.189654 0.561142 0
269 3
0.155788 0.478842 0
0.156089 0.433981 0
0.189654 0.561142 0
270 3
0.189654 0.561142 0
0.191673 0.600583 0
0.159627 0.564216 0
271 3
0.155788 0.478842 0
0.189654 0.561142 0
0.159627 0.564216 0
272 3
0.189654 0.561142 0
0.156089 0.433981 0
0.185679 0.436877 0
273 3
0.990128 0.640522 0
0.990412 0.752866 0
0.914430 0.640608 0
274 3
0.914430 0.640608 0
0.990412 0.752866 0
0.914849 0.753345 0
275 3
0.990128 0.640522 0
0.914430 0.640608 0
0.990436 0.527549 0
276 3
0.914430 0.640608 0
0.914750 0.527204 0
0.990436 0.527549 0
277 3
0.916371 0.756785 0
0.993399 0.758360 0
0.987410 0.525726 0
278 3
0.915222 0.529935 0
0.916371 0.756785 0
0.987410 0.525726 0
279 3
0.917759 0.760062 0
0.991724 0.756944 0
0.992442 0.528099 0
280 3
0.917759 0.760062 0
0.992442 0.528099 0
0.914855 0.528290 0
281 3
0.989435 0.762792 0
0.915222 0.529935 0
0.987410 0.525726 0
282 3
0.915222 0.529935 0
0.989435 0.762792 0
0.917017 0.758241 0
283 3
0.916371 0.756785 0
0.914855 0.528290 0
0.992442 0.528099 0
284 3
0.916371 0.756785 0
0.992442 0.528099 0
0.993399 0.758360 0
285 3
0.916371 0.756785 0
0.987410 0.525726 0
0.993399 0.758360 0
286 3
0.915222 0.529935 0
0.987410 0.525726 0
0.916371 0.756785 0
287 3
0.917759 0.760062 0
0.992442 0.528099 0
0.991724 0.756944 0
288 3
0.917759 0.760062 0
0.914855 0.528290 0
0.992442 0.528099 0
289 3
0.989435 0.762792 0
0.987410 0.525726 0
0.915222 0.529935 0
290 3
0.915222 0.529935 0
0.917017 0.758241 0
0.989435 0.762792 0
291 3
0.916371 0.756785 0
0.992442 0.528099 0
0.914855 0.528290 0
292 3
0.916371 0.756785 0
0.993399 0.758360 0
0.992442 0.528099 0
293 3
0.915832 0.631442 0
0.915921 0.748491 0
0.989289 0.751004 0
294 3
0.915204 0.528746 0
0.989423 0.529691 0
0.989289 0.751004 0
295 3
0.915921 0.748491 0
0.915204 0.528746 0
0.989289 0.751004 0
296 3
0.915307 0.530479 0
0.915832 0.631442 0
0.989289 0.751004 0
297 3
0.991190 0.531610 0
0.915307 0.530479 0
0.989289 0.751004 0
298 3
0.915763 0.529942 0
0.989289 0.751004 0
0.989423 0.529691 0
299 3
0.915059 0.634598 0
0.989289 0.751004 0
0.914966 0.752153 0
300 3
0.916810 0.633315 0
0.989289 0.751004 0
0.915763 0.529942 0
301 3
0.914966 0.752153 0
0.989289 0.751004 0
0.916810 0.633315 0
302 3
0.915327 0.532888 0
0.989289 0.751004 0
0.915059 0.634598 0
303 3
0.991190 0.531610 0
0.989289 0.751004 0
0.915327 0.532888 0
304 3
0.799433 0.992827 0
0.885868 0.992795 0
0.703754 0.992795 0
305 3
0.883850 0.090924 0
0.714218 0.005621 0
0.704628 0.090924 0
306 3
0.883850 0.090924 0
0.865999 0.005621 0
0.714218 0.005621 0
307 3
0.886108 0.228076 0
0.704628 0.090924 0
0.703350 0.228076 0
308 3
0.886108 0.228076 0
0.883850 0.090924 0
0.704628 0.090924 0
309 3
0.889546 0.341967 0
0.703350 0.228076 0
0.701535 0.341967 0
310 3
0.889546 0.341967 0
0.886108 0.228076 0
0.703350 0.228076 0
311 3
0.888331 0.427542 0
0.701535 0.341967 0
0.702226 0.427542 0
312 3
0.888331 0.427542 0
0.889546 0.341967 0
0.701535 0.341967 0
313 3
0.886354 0.567999 0
0.702226 0.427542 0
0.703349 0.567999 0
314 3
0.886354 0.567999 0
0.888331 0.427542 0
0.702226 0.427542 0
315 3
0.884742 0.679872 0
0.703349 0.567999 0
0.704391 0.679872 0
316 3
0.884742 0.679872 0
0.886354 0.567999 0
0.703349 0.567999 0
317 3
0.885868 0.992795 0
0.704391 0.679872 0
0.703754 0.992795 0
318 3
0.885868 0.992795 0
0.884742 0.679872 0
0.704391 0.679872 0
319 3
0.992290 0.565679 0
0.915473 0.564096 0
0.915321 0.716730 0
320 3
0.992290 0.565679 0
0.915321 0.716730 0
0.991986 0.717399 0
4
0.000000 0.000000 0.000000
0.000000 0.000000 0.000000
0.000000 0.000000 0.000000
1.000000 1.000000 1.000000
