2
1
hd_sabdu
NBAonNBC\HEADS\Vancouver\LWO\hd_sabdu.tga
313
0 3
0.614050 0.692871 0
0.722824 0.691379 0
0.723067 0.561841 0
1 3
0.723067 0.561841 0
0.612915 0.583219 0
0.614050 0.692871 0
2 3
0.723067 0.561841 0
0.722824 0.691379 0
0.614050 0.692871 0
3 3
0.614050 0.692871 0
0.612915 0.583219 0
0.723067 0.561841 0
4 3
0.449313 0.717254 0
0.450120 0.797368 0
0.614050 0.692871 0
5 3
0.614050 0.692871 0
0.507199 0.633297 0
0.449313 0.717254 0
6 3
0.614050 0.692871 0
0.450120 0.797368 0
0.449313 0.717254 0
7 3
0.449313 0.717254 0
0.507199 0.633297 0
0.614050 0.692871 0
8 3
0.232065 0.944094 0
0.335123 0.851168 0
0.245595 0.850594 0
9 3
0.263323 0.733283 0
0.245595 0.850594 0
0.335123 0.851168 0
10 3
0.232065 0.944094 0
0.245595 0.850594 0
0.335123 0.851168 0
11 3
0.263323 0.733283 0
0.335123 0.851168 0
0.245595 0.850594 0
12 3
0.368885 0.548556 0
0.335123 0.851168 0
0.387935 0.800800 0
13 3
0.368885 0.548556 0
0.387935 0.800800 0
0.393640 0.717632 0
14 3
0.368885 0.548556 0
0.393640 0.717632 0
0.406239 0.668170 0
15 3
0.387935 0.800800 0
0.335123 0.851168 0
0.368885 0.548556 0
16 3
0.368885 0.548556 0
0.406239 0.668170 0
0.393640 0.717632 0
17 3
0.368885 0.548556 0
0.393640 0.717632 0
0.387935 0.800800 0
18 3
0.329196 0.931932 0
0.335123 0.851168 0
0.232065 0.944094 0
19 3
0.232065 0.944094 0
0.198320 0.994823 0
0.329196 0.931932 0
20 3
0.232065 0.944094 0
0.335123 0.851168 0
0.329196 0.931932 0
21 3
0.329196 0.931932 0
0.198320 0.994823 0
0.232065 0.944094 0
22 3
0.461637 0.461710 0
0.488657 0.275068 0
0.366853 0.296705 0
23 3
0.461637 0.461710 0
0.366853 0.296705 0
0.488657 0.275068 0
24 3
0.366853 0.296705 0
0.433419 0.501700 0
0.461637 0.461710 0
25 3
0.366853 0.296705 0
0.461637 0.461710 0
0.433419 0.501700 0
26 3
0.329196 0.931932 0
0.364360 0.883357 0
0.335123 0.851168 0
27 3
0.335123 0.851168 0
0.364360 0.883357 0
0.329196 0.931932 0
28 3
0.335123 0.851168 0
0.368885 0.548556 0
0.300010 0.564984 0
29 3
0.335123 0.851168 0
0.263323 0.733283 0
0.300010 0.564984 0
30 3
0.300010 0.564984 0
0.263323 0.733283 0
0.335123 0.851168 0
31 3
0.335123 0.851168 0
0.300010 0.564984 0
0.368885 0.548556 0
32 3
0.393640 0.717632 0
0.387935 0.800800 0
0.450120 0.797368 0
33 3
0.393640 0.717632 0
0.450120 0.797368 0
0.449313 0.717254 0
34 3
0.393640 0.717632 0
0.449313 0.717254 0
0.450120 0.797368 0
35 3
0.393640 0.717632 0
0.450120 0.797368 0
0.387935 0.800800 0
36 3
0.329196 0.931932 0
0.329196 0.931932 0
0.198320 0.994823 0
37 3
0.329196 0.931932 0
0.198320 0.994823 0
0.198320 0.994823 0
38 3
0.488657 0.275068 0
0.508624 0.461331 0
0.613247 0.430522 0
39 3
0.488657 0.275068 0
0.613103 0.264313 0
0.613247 0.430522 0
40 3
0.508624 0.461331 0
0.529065 0.513332 0
0.613247 0.430522 0
41 3
0.613247 0.430522 0
0.529065 0.513332 0
0.508624 0.461331 0
42 3
0.614105 0.990378 0
0.722844 0.990368 0
0.722824 0.691379 0
43 3
0.614105 0.990378 0
0.614050 0.692871 0
0.722824 0.691379 0
44 3
0.614105 0.990378 0
0.722824 0.691379 0
0.614050 0.692871 0
45 3
0.614105 0.990378 0
0.722824 0.691379 0
0.722844 0.990368 0
46 3
0.275115 0.116112 0
0.366853 0.296705 0
0.361689 0.100967 0
47 3
0.275115 0.116112 0
0.361689 0.100967 0
0.361062 0.005233 0
48 3
0.275115 0.116112 0
0.361062 0.005233 0
0.361689 0.100967 0
49 3
0.275115 0.116112 0
0.361689 0.100967 0
0.366853 0.296705 0
50 3
0.485704 0.471766 0
0.406239 0.668170 0
0.420433 0.699159 0
51 3
0.485704 0.471766 0
0.449631 0.695434 0
0.420433 0.699159 0
52 3
0.485704 0.471766 0
0.420433 0.699159 0
0.449631 0.695434 0
53 3
0.485704 0.471766 0
0.420433 0.699159 0
0.406239 0.668170 0
54 3
0.485704 0.471766 0
0.433419 0.501700 0
0.406239 0.668170 0
55 3
0.406239 0.668170 0
0.433419 0.501700 0
0.485704 0.471766 0
56 3
0.614050 0.692871 0
0.612915 0.583219 0
0.507199 0.633297 0
57 3
0.507199 0.633297 0
0.612915 0.583219 0
0.614050 0.692871 0
58 3
0.361062 0.005233 0
0.247410 0.005411 0
0.275115 0.116112 0
59 3
0.275115 0.116112 0
0.247410 0.005411 0
0.361062 0.005233 0
60 3
0.361689 0.100967 0
0.366853 0.296705 0
0.488657 0.275068 0
61 3
0.488657 0.275068 0
0.488947 0.091700 0
0.361689 0.100967 0
62 3
0.488657 0.275068 0
0.366853 0.296705 0
0.361689 0.100967 0
63 3
0.361689 0.100967 0
0.488947 0.091700 0
0.488657 0.275068 0
64 3
0.368885 0.548556 0
0.433419 0.501700 0
0.366853 0.296705 0
65 3
0.366853 0.296705 0
0.329850 0.424008 0
0.368885 0.548556 0
66 3
0.366853 0.296705 0
0.433419 0.501700 0
0.368885 0.548556 0
67 3
0.368885 0.548556 0
0.329850 0.424008 0
0.366853 0.296705 0
68 3
0.450120 0.797368 0
0.429868 0.989780 0
0.614105 0.990378 0
69 3
0.614105 0.990378 0
0.614050 0.692871 0
0.450120 0.797368 0
70 3
0.614105 0.990378 0
0.429868 0.989780 0
0.450120 0.797368 0
71 3
0.450120 0.797368 0
0.614050 0.692871 0
0.614105 0.990378 0
72 3
0.485704 0.471766 0
0.449631 0.695434 0
0.493470 0.630404 0
73 3
0.493470 0.630404 0
0.516892 0.515246 0
0.485704 0.471766 0
74 3
0.485704 0.471766 0
0.516892 0.515246 0
0.493470 0.630404 0
75 3
0.485704 0.471766 0
0.493470 0.630404 0
0.449631 0.695434 0
76 3
0.611589 0.990485 0
0.614105 0.990378 0
0.440674 0.990605 0
77 3
0.440674 0.990605 0
0.614105 0.990378 0
0.429868 0.989780 0
78 3
0.440674 0.990605 0
0.429868 0.989780 0
0.355141 0.990288 0
79 3
0.611589 0.990485 0
0.722844 0.990368 0
0.614105 0.990378 0
80 3
0.723177 0.091383 0
0.723001 0.005071 0
0.612378 0.005046 0
81 3
0.613754 0.091666 0
0.723177 0.091383 0
0.612378 0.005046 0
82 3
0.613754 0.091666 0
0.612378 0.005046 0
0.487421 0.005138 0
83 3
0.488947 0.091700 0
0.613754 0.091666 0
0.487421 0.005138 0
84 3
0.488947 0.091700 0
0.487421 0.005138 0
0.361062 0.005233 0
85 3
0.361689 0.100967 0
0.488947 0.091700 0
0.361062 0.005233 0
86 3
0.488657 0.275068 0
0.613247 0.430522 0
0.613103 0.264313 0
87 3
0.461637 0.461710 0
0.508624 0.461331 0
0.488657 0.275068 0
88 3
0.612915 0.583219 0
0.723067 0.561841 0
0.723080 0.415646 0
89 3
0.612915 0.583219 0
0.723080 0.415646 0
0.613247 0.430522 0
90 3
0.507199 0.633297 0
0.612915 0.583219 0
0.613247 0.430522 0
91 3
0.507199 0.633297 0
0.613247 0.430522 0
0.529065 0.513332 0
92 3
0.355141 0.990288 0
0.429868 0.989780 0
0.329196 0.931932 0
93 3
0.329196 0.931932 0
0.429868 0.989780 0
0.364360 0.883357 0
94 3
0.613247 0.430522 0
0.723080 0.415646 0
0.722757 0.256426 0
95 3
0.613247 0.430522 0
0.722757 0.256426 0
0.613103 0.264313 0
96 3
0.722757 0.256426 0
0.723177 0.091383 0
0.613754 0.091666 0
97 3
0.722757 0.256426 0
0.613754 0.091666 0
0.613103 0.264313 0
98 3
0.364360 0.883357 0
0.387935 0.800800 0
0.335123 0.851168 0
99 3
0.364360 0.883357 0
0.450120 0.797368 0
0.387935 0.800800 0
100 3
0.364360 0.883357 0
0.429868 0.989780 0
0.450120 0.797368 0
101 3
0.488657 0.275068 0
0.613103 0.264313 0
0.613754 0.091666 0
102 3
0.488657 0.275068 0
0.613754 0.091666 0
0.488947 0.091700 0
103 3
0.368885 0.548556 0
0.406239 0.668170 0
0.433419 0.501700 0
104 3
0.294105 0.310131 0
0.366853 0.296705 0
0.275115 0.116112 0
105 3
0.294105 0.310131 0
0.329850 0.424008 0
0.366853 0.296705 0
106 3
0.368885 0.548556 0
0.329850 0.424008 0
0.300010 0.564984 0
107 3
0.611589 0.990485 0
0.440674 0.990605 0
0.614105 0.990378 0
108 3
0.440674 0.990605 0
0.429868 0.989780 0
0.614105 0.990378 0
109 3
0.440674 0.990605 0
0.355141 0.990288 0
0.429868 0.989780 0
110 3
0.355141 0.990288 0
0.329196 0.931932 0
0.329196 0.931932 0
111 3
0.355141 0.990288 0
0.329196 0.931932 0
0.355141 0.990288 0
112 3
0.440674 0.990605 0
0.355141 0.990288 0
0.355141 0.990288 0
113 3
0.611589 0.990485 0
0.614105 0.990378 0
0.722844 0.990368 0
114 3
0.723177 0.091383 0
0.612378 0.005046 0
0.723001 0.005071 0
115 3
0.613754 0.091666 0
0.612378 0.005046 0
0.723177 0.091383 0
116 3
0.613754 0.091666 0
0.487421 0.005138 0
0.612378 0.005046 0
117 3
0.488947 0.091700 0
0.487421 0.005138 0
0.613754 0.091666 0
118 3
0.488947 0.091700 0
0.361062 0.005233 0
0.487421 0.005138 0
119 3
0.361689 0.100967 0
0.361062 0.005233 0
0.488947 0.091700 0
120 3
0.488657 0.275068 0
0.613247 0.430522 0
0.508624 0.461331 0
121 3
0.461637 0.461710 0
0.488657 0.275068 0
0.508624 0.461331 0
122 3
0.612915 0.583219 0
0.723080 0.415646 0
0.723067 0.561841 0
123 3
0.612915 0.583219 0
0.613247 0.430522 0
0.723080 0.415646 0
124 3
0.507199 0.633297 0
0.613247 0.430522 0
0.612915 0.583219 0
125 3
0.507199 0.633297 0
0.529065 0.513332 0
0.613247 0.430522 0
126 3
0.355141 0.990288 0
0.329196 0.931932 0
0.429868 0.989780 0
127 3
0.329196 0.931932 0
0.364360 0.883357 0
0.429868 0.989780 0
128 3
0.613247 0.430522 0
0.722757 0.256426 0
0.723080 0.415646 0
129 3
0.613247 0.430522 0
0.613103 0.264313 0
0.722757 0.256426 0
130 3
0.722757 0.256426 0
0.613754 0.091666 0
0.723177 0.091383 0
131 3
0.722757 0.256426 0
0.613103 0.264313 0
0.613754 0.091666 0
132 3
0.364360 0.883357 0
0.335123 0.851168 0
0.387935 0.800800 0
133 3
0.364360 0.883357 0
0.387935 0.800800 0
0.450120 0.797368 0
134 3
0.364360 0.883357 0
0.450120 0.797368 0
0.429868 0.989780 0
135 3
0.488657 0.275068 0
0.613754 0.091666 0
0.613103 0.264313 0
136 3
0.488657 0.275068 0
0.488947 0.091700 0
0.613754 0.091666 0
137 3
0.368885 0.548556 0
0.433419 0.501700 0
0.406239 0.668170 0
138 3
0.294105 0.310131 0
0.275115 0.116112 0
0.366853 0.296705 0
139 3
0.294105 0.310131 0
0.366853 0.296705 0
0.329850 0.424008 0
140 3
0.368885 0.548556 0
0.300010 0.564984 0
0.329850 0.424008 0
141 3
0.844419 0.691886 0
0.844506 0.560717 0
0.723203 0.560717 0
142 3
0.723203 0.560717 0
0.723235 0.691886 0
0.844419 0.691886 0
143 3
0.808399 0.990605 0
0.844438 0.990786 0
0.723228 0.990786 0
144 3
0.844539 0.091467 0
0.723286 0.005094 0
0.723191 0.091467 0
145 3
0.844539 0.091467 0
0.844280 0.005094 0
0.723286 0.005094 0
146 3
0.844612 0.258966 0
0.723191 0.091467 0
0.723163 0.258966 0
147 3
0.844612 0.258966 0
0.844539 0.091467 0
0.723191 0.091467 0
148 3
0.844602 0.416378 0
0.723163 0.258966 0
0.723167 0.416378 0
149 3
0.844602 0.416378 0
0.844612 0.258966 0
0.723163 0.258966 0
150 3
0.844506 0.560717 0
0.723167 0.416378 0
0.723203 0.560717 0
151 3
0.844506 0.560717 0
0.844602 0.416378 0
0.723167 0.416378 0
152 3
0.844438 0.990786 0
0.723235 0.691886 0
0.723228 0.990786 0
153 3
0.844438 0.990786 0
0.844419 0.691886 0
0.723235 0.691886 0
154 3
0.090495 0.849473 0
0.141751 0.837035 0
0.140243 0.944171 0
155 3
0.246605 0.849473 0
0.198676 0.944171 0
0.197168 0.837148 0
156 3
0.140243 0.944171 0
0.104116 0.943257 0
0.090495 0.849473 0
157 3
0.198676 0.944171 0
0.246605 0.849473 0
0.231772 0.943257 0
158 3
0.075969 0.733710 0
0.141751 0.837035 0
0.090495 0.849473 0
159 3
0.262949 0.733710 0
0.246605 0.849473 0
0.197168 0.837148 0
160 3
0.238107 0.735233 0
0.214507 0.604881 0
0.262949 0.733710 0
161 3
0.100811 0.734484 0
0.075969 0.733710 0
0.124426 0.604881 0
162 3
0.075969 0.733710 0
0.100811 0.734484 0
0.141751 0.837035 0
163 3
0.238107 0.735233 0
0.262949 0.733710 0
0.197168 0.837148 0
164 3
0.274024 0.114103 0
0.199975 0.304130 0
0.169459 0.122839 0
165 3
0.274024 0.114103 0
0.169459 0.122839 0
0.169459 0.003877 0
166 3
0.138944 0.304130 0
0.091909 0.300461 0
0.064959 0.114103 0
167 3
0.199975 0.304130 0
0.274024 0.114103 0
0.247009 0.300461 0
168 3
0.138944 0.304130 0
0.064959 0.114103 0
0.169459 0.122839 0
169 3
0.064959 0.114103 0
0.098418 0.004950 0
0.169459 0.003877 0
170 3
0.274024 0.114103 0
0.169459 0.003877 0
0.246807 0.004950 0
171 3
0.064959 0.114103 0
0.169459 0.003877 0
0.169459 0.122839 0
172 3
0.100811 0.734484 0
0.124426 0.604881 0
0.147533 0.689398 0
173 3
0.147533 0.689398 0
0.147819 0.737492 0
0.100811 0.734484 0
174 3
0.191386 0.689398 0
0.214507 0.604881 0
0.238107 0.735233 0
175 3
0.238107 0.735233 0
0.191100 0.737458 0
0.191386 0.689398 0
176 3
0.147819 0.737492 0
0.147533 0.689398 0
0.191386 0.689398 0
177 3
0.147819 0.737492 0
0.191386 0.689398 0
0.191100 0.737458 0
178 3
0.147533 0.689398 0
0.154336 0.625813 0
0.185892 0.625813 0
179 3
0.185892 0.625813 0
0.191386 0.689398 0
0.147533 0.689398 0
180 3
0.214507 0.604881 0
0.191386 0.689398 0
0.185892 0.625813 0
181 3
0.154336 0.625813 0
0.147533 0.689398 0
0.124426 0.604881 0
182 3
0.141751 0.837035 0
0.197168 0.837148 0
0.198676 0.944171 0
183 3
0.141751 0.837035 0
0.198676 0.944171 0
0.140243 0.944171 0
184 3
0.141127 0.995049 0
0.140243 0.944171 0
0.198676 0.944171 0
185 3
0.141127 0.995049 0
0.198676 0.944171 0
0.197792 0.995049 0
186 3
0.104116 0.943257 0
0.140243 0.944171 0
0.141127 0.995049 0
187 3
0.197792 0.995049 0
0.198676 0.944171 0
0.231772 0.943257 0
188 3
0.197168 0.837148 0
0.190103 0.791808 0
0.238107 0.735233 0
189 3
0.190103 0.791808 0
0.197168 0.837148 0
0.141751 0.837035 0
190 3
0.190103 0.791808 0
0.141751 0.837035 0
0.148815 0.791799 0
191 3
0.190103 0.791808 0
0.148815 0.791799 0
0.169459 0.736710 0
192 3
0.148815 0.791799 0
0.147790 0.736553 0
0.169459 0.736710 0
193 3
0.100811 0.734484 0
0.148815 0.791799 0
0.141751 0.837035 0
194 3
0.190103 0.791808 0
0.169459 0.736710 0
0.191128 0.736559 0
195 3
0.190103 0.791808 0
0.191128 0.736559 0
0.238107 0.735233 0
196 3
0.100811 0.734484 0
0.147790 0.736553 0
0.148815 0.791799 0
197 3
0.039496 0.564549 0
0.124426 0.604881 0
0.075969 0.733710 0
198 3
0.262949 0.733710 0
0.214507 0.604881 0
0.299508 0.564549 0
199 3
0.051174 0.424473 0
0.063188 0.392667 0
0.085910 0.391185 0
200 3
0.045680 0.307250 0
0.063188 0.392667 0
0.051174 0.424473 0
201 3
0.085910 0.391185 0
0.063188 0.392667 0
0.045680 0.307250 0
202 3
0.247554 0.391185 0
0.275730 0.392667 0
0.287763 0.424473 0
203 3
0.293324 0.307250 0
0.275730 0.392667 0
0.247554 0.391185 0
204 3
0.287763 0.424473 0
0.275730 0.392667 0
0.293324 0.307250 0
205 3
0.125220 0.418835 0
0.138944 0.304130 0
0.158782 0.367754 0
206 3
0.085910 0.391185 0
0.091909 0.300461 0
0.138944 0.304130 0
207 3
0.125220 0.418835 0
0.085910 0.391185 0
0.138944 0.304130 0
208 3
0.051174 0.424473 0
0.010656 0.423144 0
0.045680 0.307250 0
209 3
0.091909 0.300461 0
0.085910 0.391185 0
0.045680 0.307250 0
210 3
0.153048 0.594218 0
0.124426 0.604881 0
0.153305 0.555933 0
211 3
0.154336 0.625813 0
0.124426 0.604881 0
0.153048 0.594218 0
212 3
0.159497 0.406846 0
0.125220 0.418835 0
0.158782 0.367754 0
213 3
0.091909 0.300461 0
0.045680 0.307250 0
0.064959 0.114103 0
214 3
0.010656 0.423144 0
0.051174 0.424473 0
0.039496 0.564549 0
215 3
0.051174 0.424473 0
0.085529 0.438374 0
0.039496 0.564549 0
216 3
0.085529 0.438374 0
0.085910 0.391185 0
0.125220 0.418835 0
217 3
0.051174 0.424473 0
0.085910 0.391185 0
0.085529 0.438374 0
218 3
0.085529 0.438374 0
0.125220 0.418835 0
0.125428 0.564438 0
219 3
0.085529 0.438374 0
0.125428 0.564438 0
0.039496 0.564549 0
220 3
0.039496 0.564549 0
0.125428 0.564438 0
0.124426 0.604881 0
221 3
0.161186 0.465911 0
0.125428 0.564438 0
0.159497 0.406846 0
222 3
0.125428 0.564438 0
0.153305 0.555933 0
0.124426 0.604881 0
223 3
0.161186 0.465911 0
0.153305 0.555933 0
0.125428 0.564438 0
224 3
0.125428 0.564438 0
0.125220 0.418835 0
0.159497 0.406846 0
225 3
0.153048 0.594218 0
0.186923 0.555933 0
0.187180 0.594218 0
226 3
0.153048 0.594218 0
0.153305 0.555933 0
0.186923 0.555933 0
227 3
0.154336 0.625813 0
0.187180 0.594218 0
0.185892 0.625813 0
228 3
0.153048 0.594218 0
0.187180 0.594218 0
0.154336 0.625813 0
229 3
0.138944 0.304130 0
0.169459 0.122839 0
0.199975 0.304130 0
230 3
0.158782 0.367754 0
0.199975 0.304130 0
0.185591 0.367754 0
231 3
0.158782 0.367754 0
0.138944 0.304130 0
0.199975 0.304130 0
232 3
0.159497 0.406846 0
0.185591 0.367754 0
0.184876 0.406846 0
233 3
0.158782 0.367754 0
0.185591 0.367754 0
0.159497 0.406846 0
234 3
0.183187 0.465911 0
0.186923 0.555933 0
0.153305 0.555933 0
235 3
0.161186 0.465911 0
0.183187 0.465911 0
0.153305 0.555933 0
236 3
0.184876 0.406846 0
0.183187 0.465911 0
0.161186 0.465911 0
237 3
0.159497 0.406846 0
0.184876 0.406846 0
0.161186 0.465911 0
238 3
0.213698 0.418835 0
0.185591 0.367754 0
0.199975 0.304130 0
239 3
0.247554 0.391185 0
0.199975 0.304130 0
0.247009 0.300461 0
240 3
0.213698 0.418835 0
0.199975 0.304130 0
0.247554 0.391185 0
241 3
0.287763 0.424473 0
0.293324 0.307250 0
0.328348 0.423144 0
242 3
0.247009 0.300461 0
0.293324 0.307250 0
0.247554 0.391185 0
243 3
0.187180 0.594218 0
0.186923 0.555933 0
0.214507 0.604881 0
244 3
0.185892 0.625813 0
0.187180 0.594218 0
0.214507 0.604881 0
245 3
0.184876 0.406846 0
0.185591 0.367754 0
0.213698 0.418835 0
246 3
0.247009 0.300461 0
0.274024 0.114103 0
0.293324 0.307250 0
247 3
0.328348 0.423144 0
0.299508 0.564549 0
0.287763 0.424473 0
248 3
0.287763 0.424473 0
0.299508 0.564549 0
0.247935 0.438374 0
249 3
0.247935 0.438374 0
0.213698 0.418835 0
0.247554 0.391185 0
250 3
0.247935 0.438374 0
0.247554 0.391185 0
0.287763 0.424473 0
251 3
0.247935 0.438374 0
0.213288 0.564438 0
0.213698 0.418835 0
252 3
0.247935 0.438374 0
0.299508 0.564549 0
0.213288 0.564438 0
253 3
0.299508 0.564549 0
0.214507 0.604881 0
0.213288 0.564438 0
254 3
0.183187 0.465911 0
0.184876 0.406846 0
0.213288 0.564438 0
255 3
0.213288 0.564438 0
0.214507 0.604881 0
0.186923 0.555933 0
256 3
0.183187 0.465911 0
0.213288 0.564438 0
0.186923 0.555933 0
257 3
0.213288 0.564438 0
0.184876 0.406846 0
0.213698 0.418835 0
258 3
0.915501 0.784132 0
0.917168 0.671103 0
0.993311 0.782973 0
259 3
0.993311 0.782973 0
0.917168 0.671103 0
0.993303 0.686844 0
260 3
0.915501 0.784132 0
0.993311 0.782973 0
0.919745 0.897089 0
261 3
0.993311 0.782973 0
0.995497 0.879371 0
0.919745 0.897089 0
262 3
0.915514 0.598324 0
0.954249 0.593348 0
0.915484 0.590180 0
263 3
0.915514 0.598324 0
0.954252 0.595079 0
0.954249 0.593348 0
264 3
0.954252 0.595079 0
0.915514 0.598324 0
0.915522 0.565332 0
265 3
0.915502 0.427911 0
0.915460 0.411419 0
0.954047 0.419211 0
266 3
0.954047 0.419211 0
0.915460 0.411419 0
0.954245 0.427621 0
267 3
0.954243 0.449216 0
0.954245 0.427621 0
0.915460 0.411419 0
268 3
0.915426 0.445492 0
0.954243 0.449216 0
0.915460 0.411419 0
269 3
0.954245 0.550710 0
0.954243 0.449216 0
0.915426 0.445492 0
270 3
0.954245 0.550710 0
0.915426 0.445492 0
0.915442 0.549668 0
271 3
0.954249 0.593348 0
0.954245 0.550710 0
0.915442 0.549668 0
272 3
0.954249 0.593348 0
0.915442 0.549668 0
0.915484 0.590180 0
273 3
0.915514 0.598324 0
0.915484 0.590180 0
0.954249 0.593348 0
274 3
0.915514 0.598324 0
0.954249 0.593348 0
0.954252 0.595079 0
275 3
0.954252 0.595079 0
0.915522 0.565332 0
0.915514 0.598324 0
276 3
0.915460 0.411419 0
0.915502 0.427911 0
0.954047 0.419211 0
277 3
0.954047 0.419211 0
0.954245 0.427621 0
0.915460 0.411419 0
278 3
0.954243 0.449216 0
0.915460 0.411419 0
0.954245 0.427621 0
279 3
0.915426 0.445492 0
0.915460 0.411419 0
0.954243 0.449216 0
280 3
0.954245 0.550710 0
0.915426 0.445492 0
0.954243 0.449216 0
281 3
0.954245 0.550710 0
0.915442 0.549668 0
0.915426 0.445492 0
282 3
0.954249 0.593348 0
0.915442 0.549668 0
0.954245 0.550710 0
283 3
0.954249 0.593348 0
0.915484 0.590180 0
0.915442 0.549668 0
284 3
0.917527 0.779906 0
0.991931 0.775220 0
0.991349 0.697271 0
285 3
0.919227 0.752470 0
0.919345 0.909943 0
0.993167 0.827308 0
286 3
0.913263 0.982280 0
0.995323 0.981145 0
0.992525 0.892936 0
287 3
0.913263 0.982280 0
0.992525 0.892936 0
0.918429 0.894067 0
288 3
0.992014 0.746095 0
0.919227 0.752470 0
0.993167 0.827308 0
289 3
0.919227 0.752470 0
0.992014 0.746095 0
0.918366 0.657677 0
290 3
0.917527 0.779906 0
0.918429 0.894067 0
0.992525 0.892936 0
291 3
0.917527 0.779906 0
0.992525 0.892936 0
0.991931 0.775220 0
292 3
0.917527 0.779906 0
0.991349 0.697271 0
0.991931 0.775220 0
293 3
0.919227 0.752470 0
0.993167 0.827308 0
0.919345 0.909943 0
294 3
0.913263 0.982280 0
0.992525 0.892936 0
0.995323 0.981145 0
295 3
0.913263 0.982280 0
0.918429 0.894067 0
0.992525 0.892936 0
296 3
0.992014 0.746095 0
0.993167 0.827308 0
0.919227 0.752470 0
297 3
0.919227 0.752470 0
0.918366 0.657677 0
0.992014 0.746095 0
298 3
0.917527 0.779906 0
0.992525 0.892936 0
0.918429 0.894067 0
299 3
0.917527 0.779906 0
0.991931 0.775220 0
0.992525 0.892936 0
300 3
0.926006 0.789212 0
0.924464 0.888087 0
0.987912 0.800093 0
301 3
0.924580 0.972340 0
0.987026 0.987907 0
0.987912 0.800093 0
302 3
0.924464 0.888087 0
0.924580 0.972340 0
0.987912 0.800093 0
303 3
0.926851 0.663635 0
0.926006 0.789212 0
0.987912 0.800093 0
304 3
0.986871 0.639029 0
0.926851 0.663635 0
0.987912 0.800093 0
305 3
0.917414 0.987417 0
0.987912 0.800093 0
0.987026 0.987907 0
306 3
0.919217 0.723646 0
0.987912 0.800093 0
0.917271 0.817190 0
307 3
0.916720 0.903100 0
0.987912 0.800093 0
0.917414 0.987417 0
308 3
0.917271 0.817190 0
0.987912 0.800093 0
0.916720 0.903100 0
309 3
0.919959 0.639773 0
0.987912 0.800093 0
0.919217 0.723646 0
310 3
0.986871 0.639029 0
0.987912 0.800093 0
0.919959 0.639773 0
311 3
0.918887 0.898443 0
0.987556 0.897260 0
0.986006 0.758376 0
312 3
0.918887 0.898443 0
0.986006 0.758376 0
0.917311 0.758790 0
4
0.000000 0.000000 0.000000
0.000000 0.000000 0.000000
0.000000 0.000000 0.000000
1.000000 1.000000 1.000000
