2
1
hd_sonea
D:\NBAonNBC\HEADS\Los_Angeles_Lakers\LWO\hd_sonea.tga
304
0 3
0.388096 0.599547 0
0.471381 0.467869 0
0.402739 0.315998 0
1 3
0.402739 0.315998 0
0.338785 0.436425 0
0.388096 0.599547 0
2 3
0.402739 0.315998 0
0.471381 0.467869 0
0.388096 0.599547 0
3 3
0.388096 0.599547 0
0.338785 0.436425 0
0.402739 0.315998 0
4 3
0.531259 0.778312 0
0.465189 0.989270 0
0.620296 0.989016 0
5 3
0.620296 0.989016 0
0.619686 0.782324 0
0.531259 0.778312 0
6 3
0.620296 0.989016 0
0.465189 0.989270 0
0.531259 0.778312 0
7 3
0.531259 0.778312 0
0.619686 0.782324 0
0.620296 0.989016 0
8 3
0.132030 0.808845 0
0.150108 0.632832 0
0.183114 0.632832 0
9 3
0.132030 0.808845 0
0.183114 0.632832 0
0.201192 0.808845 0
10 3
0.107704 0.614343 0
0.150108 0.632832 0
0.063701 0.792293 0
11 3
0.221796 0.614343 0
0.277854 0.792293 0
0.183114 0.632832 0
12 3
0.378208 0.862125 0
0.237471 0.938871 0
0.217455 0.991691 0
13 3
0.378208 0.862125 0
0.311337 0.991338 0
0.217455 0.991691 0
14 3
0.311337 0.991338 0
0.403775 0.964884 0
0.436271 0.881703 0
15 3
0.311337 0.991338 0
0.378208 0.862125 0
0.436271 0.881703 0
16 3
0.132030 0.808845 0
0.063701 0.792293 0
0.150108 0.632832 0
17 3
0.201192 0.808845 0
0.183114 0.632832 0
0.277854 0.792293 0
18 3
0.527260 0.438188 0
0.530162 0.643314 0
0.560452 0.546788 0
19 3
0.560452 0.546788 0
0.559155 0.483246 0
0.527260 0.438188 0
20 3
0.527260 0.438188 0
0.559155 0.483246 0
0.560452 0.546788 0
21 3
0.527260 0.438188 0
0.560452 0.546788 0
0.530162 0.643314 0
22 3
0.530162 0.643314 0
0.527260 0.438188 0
0.471381 0.467869 0
23 3
0.530162 0.643314 0
0.471381 0.467869 0
0.459535 0.607953 0
24 3
0.459535 0.607953 0
0.481443 0.676547 0
0.530162 0.643314 0
25 3
0.471381 0.467869 0
0.527260 0.438188 0
0.530162 0.643314 0
26 3
0.459535 0.607953 0
0.471381 0.467869 0
0.530162 0.643314 0
27 3
0.530162 0.643314 0
0.481443 0.676547 0
0.459535 0.607953 0
28 3
0.541040 0.667133 0
0.456499 0.780789 0
0.531259 0.778312 0
29 3
0.541040 0.667133 0
0.531259 0.778312 0
0.624251 0.676270 0
30 3
0.541040 0.667133 0
0.624251 0.676270 0
0.531259 0.778312 0
31 3
0.541040 0.667133 0
0.531259 0.778312 0
0.456499 0.780789 0
32 3
0.319609 0.592009 0
0.277323 0.794816 0
0.388096 0.599547 0
33 3
0.319609 0.592009 0
0.388096 0.599547 0
0.277323 0.794816 0
34 3
0.388096 0.599547 0
0.277323 0.794816 0
0.378208 0.862125 0
35 3
0.388096 0.599547 0
0.378208 0.862125 0
0.277323 0.794816 0
36 3
0.092355 0.936936 0
0.073411 0.853954 0
0.166611 0.853954 0
37 3
0.166611 0.853954 0
0.262348 0.853954 0
0.238784 0.936936 0
38 3
0.132030 0.808845 0
0.166611 0.853954 0
0.073411 0.853954 0
39 3
0.166611 0.933320 0
0.092355 0.936936 0
0.166611 0.853954 0
40 3
0.063701 0.792293 0
0.132030 0.808845 0
0.073411 0.853954 0
41 3
0.237471 0.938871 0
0.378208 0.862125 0
0.262527 0.853108 0
42 3
0.277323 0.794816 0
0.262527 0.853108 0
0.378208 0.862125 0
43 3
0.201192 0.808845 0
0.166611 0.853954 0
0.132030 0.808845 0
44 3
0.166611 0.933320 0
0.166611 0.853954 0
0.238784 0.936936 0
45 3
0.201192 0.808845 0
0.262348 0.853954 0
0.166611 0.853954 0
46 3
0.277854 0.792293 0
0.262348 0.853954 0
0.201192 0.808845 0
47 3
0.277323 0.794816 0
0.378208 0.862125 0
0.262527 0.853108 0
48 3
0.237471 0.938871 0
0.262527 0.853108 0
0.378208 0.862125 0
49 3
0.621097 0.988780 0
0.620296 0.989016 0
0.473057 0.989841 0
50 3
0.473057 0.989841 0
0.620296 0.989016 0
0.465189 0.989270 0
51 3
0.473057 0.989841 0
0.465189 0.989270 0
0.414146 0.990012 0
52 3
0.621097 0.988780 0
0.733831 0.989676 0
0.620296 0.989016 0
53 3
0.924524 0.636395 0
0.927455 0.536042 0
0.997744 0.637441 0
54 3
0.164528 0.171118 0
0.076420 0.003743 0
0.166611 0.004336 0
55 3
0.456499 0.780789 0
0.541040 0.667133 0
0.459108 0.707397 0
56 3
0.919403 0.982587 0
0.967133 0.960222 0
0.919365 0.957318 0
57 3
0.919403 0.982587 0
0.967188 0.979009 0
0.967133 0.960222 0
58 3
0.620296 0.989016 0
0.733831 0.989676 0
0.619686 0.782324 0
59 3
0.619686 0.782324 0
0.733831 0.989676 0
0.733833 0.785488 0
60 3
0.531259 0.778312 0
0.619686 0.782324 0
0.624251 0.676270 0
61 3
0.619686 0.782324 0
0.733878 0.685282 0
0.624251 0.676270 0
62 3
0.619686 0.782324 0
0.733833 0.785488 0
0.733878 0.685282 0
63 3
0.166611 0.933320 0
0.117177 0.992579 0
0.092355 0.936936 0
64 3
0.731959 0.167923 0
0.731894 0.003213 0
0.621389 0.004106 0
65 3
0.632545 0.167629 0
0.731959 0.167923 0
0.621389 0.004106 0
66 3
0.632545 0.167629 0
0.621389 0.004106 0
0.509408 0.002290 0
67 3
0.514838 0.174146 0
0.632545 0.167629 0
0.509408 0.002290 0
68 3
0.514838 0.174146 0
0.509408 0.002290 0
0.403745 0.003362 0
69 3
0.402062 0.166680 0
0.514838 0.174146 0
0.403745 0.003362 0
70 3
0.569934 0.465430 0
0.632507 0.462665 0
0.632814 0.308451 0
71 3
0.569934 0.465430 0
0.632814 0.308451 0
0.544801 0.424461 0
72 3
0.544801 0.424461 0
0.632814 0.308451 0
0.520216 0.321243 0
73 3
0.500489 0.424648 0
0.544801 0.424461 0
0.520216 0.321243 0
74 3
0.500489 0.424648 0
0.520216 0.321243 0
0.402739 0.315998 0
75 3
0.630600 0.561811 0
0.733952 0.565144 0
0.734054 0.449137 0
76 3
0.630600 0.561811 0
0.734054 0.449137 0
0.632507 0.462665 0
77 3
0.570799 0.547529 0
0.630600 0.561811 0
0.632507 0.462665 0
78 3
0.570799 0.547529 0
0.632507 0.462665 0
0.569934 0.465430 0
79 3
0.624251 0.676270 0
0.733878 0.685282 0
0.733952 0.565144 0
80 3
0.624251 0.676270 0
0.733952 0.565144 0
0.630600 0.561811 0
81 3
0.541040 0.667133 0
0.624251 0.676270 0
0.630600 0.561811 0
82 3
0.541040 0.667133 0
0.630600 0.561811 0
0.570799 0.547529 0
83 3
0.414146 0.990012 0
0.465189 0.989270 0
0.403775 0.964884 0
84 3
0.403775 0.964884 0
0.465189 0.989270 0
0.436271 0.881703 0
85 3
0.967188 0.979009 0
0.919403 0.982587 0
0.919410 0.930431 0
86 3
0.402739 0.315998 0
0.471381 0.467869 0
0.500489 0.424648 0
87 3
0.919400 0.825607 0
0.919367 0.806419 0
0.948401 0.807951 0
88 3
0.948401 0.807951 0
0.919367 0.806419 0
0.948371 0.807809 0
89 3
0.967098 0.825442 0
0.948371 0.807809 0
0.919367 0.806419 0
90 3
0.919346 0.827161 0
0.967098 0.825442 0
0.919367 0.806419 0
91 3
0.967110 0.886177 0
0.967098 0.825442 0
0.919346 0.827161 0
92 3
0.967110 0.886177 0
0.919346 0.827161 0
0.919346 0.885613 0
93 3
0.967133 0.960222 0
0.967110 0.886177 0
0.919346 0.885613 0
94 3
0.967133 0.960222 0
0.919346 0.885613 0
0.919365 0.957318 0
95 3
0.917713 0.748884 0
0.989444 0.735608 0
0.991318 0.616962 0
96 3
0.918630 0.524727 0
0.917713 0.748884 0
0.991318 0.616962 0
97 3
0.402739 0.315998 0
0.514838 0.174146 0
0.402062 0.166680 0
98 3
0.520216 0.321243 0
0.514838 0.174146 0
0.402739 0.315998 0
99 3
0.914822 0.658682 0
0.995191 0.654984 0
0.955517 0.766251 0
100 3
0.632507 0.462665 0
0.734054 0.449137 0
0.734066 0.303449 0
101 3
0.632507 0.462665 0
0.734066 0.303449 0
0.632814 0.308451 0
102 3
0.734066 0.303449 0
0.731959 0.167923 0
0.632545 0.167629 0
103 3
0.734066 0.303449 0
0.632545 0.167629 0
0.632814 0.308451 0
104 3
0.917727 0.765845 0
0.987664 0.767081 0
0.990982 0.512642 0
105 3
0.917727 0.765845 0
0.990982 0.512642 0
0.916926 0.523790 0
106 3
0.911741 0.531777 0
0.988736 0.513119 0
0.957054 0.681657 0
107 3
0.311337 0.991338 0
0.436271 0.881703 0
0.378208 0.862125 0
108 3
0.436271 0.881703 0
0.456499 0.780789 0
0.378208 0.862125 0
109 3
0.436271 0.881703 0
0.531259 0.778312 0
0.456499 0.780789 0
110 3
0.915039 0.623461 0
0.981700 0.579782 0
0.955978 0.734263 0
111 3
0.982433 0.770440 0
0.907971 0.693621 0
0.983260 0.606624 0
112 3
0.989558 0.771459 0
0.912286 0.706133 0
0.989558 0.567105 0
113 3
0.164528 0.171118 0
0.052442 0.168073 0
0.076420 0.003743 0
114 3
0.402062 0.166680 0
0.278791 0.004250 0
0.300135 0.168016 0
115 3
0.300135 0.168016 0
0.402739 0.315998 0
0.402062 0.166680 0
116 3
0.436271 0.881703 0
0.465189 0.989270 0
0.531259 0.778312 0
117 3
0.520216 0.321243 0
0.632814 0.308451 0
0.632545 0.167629 0
118 3
0.520216 0.321243 0
0.632545 0.167629 0
0.514838 0.174146 0
119 3
0.278791 0.004250 0
0.402062 0.166680 0
0.403745 0.003362 0
120 3
0.991908 0.515429 0
0.918630 0.524727 0
0.991318 0.616962 0
121 3
0.994146 0.503522 0
0.918001 0.627893 0
0.992043 0.762047 0
122 3
0.916605 0.766923 0
0.992043 0.762047 0
0.918001 0.627893 0
123 3
0.919796 0.528884 0
0.914994 0.766410 0
0.988895 0.752349 0
124 3
0.919796 0.528884 0
0.988895 0.752349 0
0.991527 0.515608 0
125 3
0.388096 0.599547 0
0.378208 0.862125 0
0.456499 0.780789 0
126 3
0.388096 0.599547 0
0.459108 0.707397 0
0.459535 0.607953 0
127 3
0.459108 0.707397 0
0.388096 0.599547 0
0.456499 0.780789 0
128 3
0.388096 0.599547 0
0.459535 0.607953 0
0.471381 0.467869 0
129 3
0.131492 0.431798 0
0.140652 0.346936 0
0.152404 0.400620 0
130 3
0.096483 0.404023 0
0.083446 0.333374 0
0.140652 0.346936 0
131 3
0.131492 0.431798 0
0.096483 0.404023 0
0.140652 0.346936 0
132 3
0.064249 0.433308 0
0.014046 0.435262 0
0.029822 0.337288 0
133 3
0.096483 0.404023 0
0.064249 0.433308 0
0.029822 0.337288 0
134 3
0.083446 0.333374 0
0.096483 0.404023 0
0.029822 0.337288 0
135 3
0.148637 0.609648 0
0.107704 0.614343 0
0.148930 0.569049 0
136 3
0.150108 0.632832 0
0.107704 0.614343 0
0.148637 0.609648 0
137 3
0.319635 0.337236 0
0.402739 0.315998 0
0.300135 0.168016 0
138 3
0.319635 0.337236 0
0.338785 0.436425 0
0.402739 0.315998 0
139 3
0.140652 0.346936 0
0.083446 0.333374 0
0.052442 0.168073 0
140 3
0.140652 0.346936 0
0.052442 0.168073 0
0.164528 0.171118 0
141 3
0.153119 0.434901 0
0.131492 0.431798 0
0.152404 0.400620 0
142 3
0.083446 0.333374 0
0.029822 0.337288 0
0.052442 0.168073 0
143 3
0.388096 0.599547 0
0.338785 0.436425 0
0.319609 0.592009 0
144 3
0.014046 0.435262 0
0.064249 0.433308 0
0.030351 0.591696 0
145 3
0.064249 0.433308 0
0.096026 0.454475 0
0.030351 0.591696 0
146 3
0.096026 0.454475 0
0.096483 0.404023 0
0.131492 0.431798 0
147 3
0.064249 0.433308 0
0.096483 0.404023 0
0.096026 0.454475 0
148 3
0.378208 0.862125 0
0.217455 0.991691 0
0.311337 0.991338 0
149 3
0.096026 0.454475 0
0.131492 0.431798 0
0.117730 0.573013 0
150 3
0.096026 0.454475 0
0.117730 0.573013 0
0.030351 0.591696 0
151 3
0.030351 0.591696 0
0.117730 0.573013 0
0.107704 0.614343 0
152 3
0.107704 0.614343 0
0.063701 0.792293 0
0.030351 0.591696 0
153 3
0.150893 0.493451 0
0.117730 0.573013 0
0.153119 0.434901 0
154 3
0.117730 0.573013 0
0.148930 0.569049 0
0.107704 0.614343 0
155 3
0.150893 0.493451 0
0.148930 0.569049 0
0.117730 0.573013 0
156 3
0.117730 0.573013 0
0.131492 0.431798 0
0.153119 0.434901 0
157 3
0.789822 0.991087 0
0.859350 0.989716 0
0.734156 0.989716 0
158 3
0.621097 0.988780 0
0.473057 0.989841 0
0.620296 0.989016 0
159 3
0.473057 0.989841 0
0.465189 0.989270 0
0.620296 0.989016 0
160 3
0.473057 0.989841 0
0.414146 0.990012 0
0.465189 0.989270 0
161 3
0.217455 0.991691 0
0.217455 0.991691 0
0.311337 0.991338 0
162 3
0.117177 0.992579 0
0.166611 0.933320 0
0.217116 0.992579 0
163 3
0.311337 0.991338 0
0.217455 0.991691 0
0.311337 0.991338 0
164 3
0.311337 0.991338 0
0.311337 0.991338 0
0.403775 0.964884 0
165 3
0.311337 0.991338 0
0.403775 0.964884 0
0.403775 0.964884 0
166 3
0.414146 0.990012 0
0.403775 0.964884 0
0.403775 0.964884 0
167 3
0.414146 0.990012 0
0.403775 0.964884 0
0.414146 0.990012 0
168 3
0.473057 0.989841 0
0.414146 0.990012 0
0.414146 0.990012 0
169 3
0.859356 0.166751 0
0.732117 0.002736 0
0.732062 0.166751 0
170 3
0.859356 0.166751 0
0.859315 0.002736 0
0.732117 0.002736 0
171 3
0.986392 0.603618 0
0.952387 0.771714 0
0.918382 0.603618 0
172 3
0.915859 0.753709 0
0.986484 0.755663 0
0.989022 0.512110 0
173 3
0.915859 0.753709 0
0.989022 0.512110 0
0.918399 0.509979 0
174 3
0.859357 0.302796 0
0.732062 0.166751 0
0.734145 0.302796 0
175 3
0.859357 0.302796 0
0.859356 0.166751 0
0.732062 0.166751 0
176 3
0.859355 0.450200 0
0.734145 0.302796 0
0.734148 0.450200 0
177 3
0.859355 0.450200 0
0.859357 0.302796 0
0.734145 0.302796 0
178 3
0.859352 0.565736 0
0.734148 0.450200 0
0.734153 0.565736 0
179 3
0.859352 0.565736 0
0.859355 0.450200 0
0.734148 0.450200 0
180 3
0.859352 0.684758 0
0.734153 0.565736 0
0.734152 0.684758 0
181 3
0.859352 0.684758 0
0.859352 0.565736 0
0.734153 0.565736 0
182 3
0.859352 0.785989 0
0.734152 0.684758 0
0.734152 0.785989 0
183 3
0.859352 0.785989 0
0.859352 0.684758 0
0.734152 0.684758 0
184 3
0.859350 0.989716 0
0.734152 0.785989 0
0.734156 0.989716 0
185 3
0.859350 0.989716 0
0.859352 0.785989 0
0.734152 0.785989 0
186 3
0.621097 0.988780 0
0.620296 0.989016 0
0.733831 0.989676 0
187 3
0.920357 0.503062 0
0.993578 0.504108 0
0.918657 0.628539 0
188 3
0.164528 0.171118 0
0.166611 0.004336 0
0.279364 0.003743 0
189 3
0.148637 0.609648 0
0.184291 0.569049 0
0.184585 0.609648 0
190 3
0.148637 0.609648 0
0.148930 0.569049 0
0.184291 0.569049 0
191 3
0.150108 0.632832 0
0.184585 0.609648 0
0.183114 0.632832 0
192 3
0.148637 0.609648 0
0.184585 0.609648 0
0.150108 0.632832 0
193 3
0.140652 0.346936 0
0.164528 0.171118 0
0.192570 0.346936 0
194 3
0.152404 0.400620 0
0.192570 0.346936 0
0.180817 0.400620 0
195 3
0.152404 0.400620 0
0.140652 0.346936 0
0.192570 0.346936 0
196 3
0.153119 0.434901 0
0.180817 0.400620 0
0.180102 0.434901 0
197 3
0.152404 0.400620 0
0.180817 0.400620 0
0.153119 0.434901 0
198 3
0.182328 0.493451 0
0.184291 0.569049 0
0.148930 0.569049 0
199 3
0.150893 0.493451 0
0.182328 0.493451 0
0.148930 0.569049 0
200 3
0.180102 0.434901 0
0.182328 0.493451 0
0.150893 0.493451 0
201 3
0.153119 0.434901 0
0.180102 0.434901 0
0.150893 0.493451 0
202 3
0.456499 0.780789 0
0.459108 0.707397 0
0.541040 0.667133 0
203 3
0.919403 0.982587 0
0.919365 0.957318 0
0.967133 0.960222 0
204 3
0.919403 0.982587 0
0.967133 0.960222 0
0.967188 0.979009 0
205 3
0.620296 0.989016 0
0.619686 0.782324 0
0.733831 0.989676 0
206 3
0.619686 0.782324 0
0.733833 0.785488 0
0.733831 0.989676 0
207 3
0.531259 0.778312 0
0.624251 0.676270 0
0.619686 0.782324 0
208 3
0.619686 0.782324 0
0.624251 0.676270 0
0.733878 0.685282 0
209 3
0.619686 0.782324 0
0.733878 0.685282 0
0.733833 0.785488 0
210 3
0.166611 0.933320 0
0.238784 0.936936 0
0.217116 0.992579 0
211 3
0.731959 0.167923 0
0.621389 0.004106 0
0.731894 0.003213 0
212 3
0.632545 0.167629 0
0.621389 0.004106 0
0.731959 0.167923 0
213 3
0.632545 0.167629 0
0.509408 0.002290 0
0.621389 0.004106 0
214 3
0.514838 0.174146 0
0.509408 0.002290 0
0.632545 0.167629 0
215 3
0.514838 0.174146 0
0.403745 0.003362 0
0.509408 0.002290 0
216 3
0.402062 0.166680 0
0.403745 0.003362 0
0.514838 0.174146 0
217 3
0.569934 0.465430 0
0.632814 0.308451 0
0.632507 0.462665 0
218 3
0.569934 0.465430 0
0.544801 0.424461 0
0.632814 0.308451 0
219 3
0.544801 0.424461 0
0.520216 0.321243 0
0.632814 0.308451 0
220 3
0.500489 0.424648 0
0.520216 0.321243 0
0.544801 0.424461 0
221 3
0.500489 0.424648 0
0.402739 0.315998 0
0.520216 0.321243 0
222 3
0.630600 0.561811 0
0.734054 0.449137 0
0.733952 0.565144 0
223 3
0.630600 0.561811 0
0.632507 0.462665 0
0.734054 0.449137 0
224 3
0.570799 0.547529 0
0.632507 0.462665 0
0.630600 0.561811 0
225 3
0.570799 0.547529 0
0.569934 0.465430 0
0.632507 0.462665 0
226 3
0.624251 0.676270 0
0.733952 0.565144 0
0.733878 0.685282 0
227 3
0.624251 0.676270 0
0.630600 0.561811 0
0.733952 0.565144 0
228 3
0.541040 0.667133 0
0.630600 0.561811 0
0.624251 0.676270 0
229 3
0.541040 0.667133 0
0.570799 0.547529 0
0.630600 0.561811 0
230 3
0.414146 0.990012 0
0.403775 0.964884 0
0.465189 0.989270 0
231 3
0.403775 0.964884 0
0.436271 0.881703 0
0.465189 0.989270 0
232 3
0.967188 0.979009 0
0.919410 0.930431 0
0.919403 0.982587 0
233 3
0.402739 0.315998 0
0.500489 0.424648 0
0.471381 0.467869 0
234 3
0.919367 0.806419 0
0.919400 0.825607 0
0.948401 0.807951 0
235 3
0.948401 0.807951 0
0.948371 0.807809 0
0.919367 0.806419 0
236 3
0.967098 0.825442 0
0.919367 0.806419 0
0.948371 0.807809 0
237 3
0.919346 0.827161 0
0.919367 0.806419 0
0.967098 0.825442 0
238 3
0.967110 0.886177 0
0.919346 0.827161 0
0.967098 0.825442 0
239 3
0.967110 0.886177 0
0.919346 0.885613 0
0.919346 0.827161 0
240 3
0.967133 0.960222 0
0.919346 0.885613 0
0.967110 0.886177 0
241 3
0.967133 0.960222 0
0.919365 0.957318 0
0.919346 0.885613 0
242 3
0.917713 0.748884 0
0.991318 0.616962 0
0.989444 0.735608 0
243 3
0.918630 0.524727 0
0.991318 0.616962 0
0.917713 0.748884 0
244 3
0.402739 0.315998 0
0.402062 0.166680 0
0.514838 0.174146 0
245 3
0.520216 0.321243 0
0.402739 0.315998 0
0.514838 0.174146 0
246 3
0.992320 0.592732 0
0.920949 0.682895 0
0.916842 0.564854 0
247 3
0.632507 0.462665 0
0.734066 0.303449 0
0.734054 0.449137 0
248 3
0.632507 0.462665 0
0.632814 0.308451 0
0.734066 0.303449 0
249 3
0.734066 0.303449 0
0.632545 0.167629 0
0.731959 0.167923 0
250 3
0.734066 0.303449 0
0.632814 0.308451 0
0.632545 0.167629 0
251 3
0.917727 0.765845 0
0.990982 0.512642 0
0.987664 0.767081 0
252 3
0.917727 0.765845 0
0.916926 0.523790 0
0.990982 0.512642 0
253 3
0.993394 0.544781 0
0.929576 0.690800 0
0.914294 0.519983 0
254 3
0.311337 0.991338 0
0.436271 0.881703 0
0.403775 0.964884 0
255 3
0.436271 0.881703 0
0.378208 0.862125 0
0.456499 0.780789 0
256 3
0.436271 0.881703 0
0.456499 0.780789 0
0.531259 0.778312 0
257 3
0.982346 0.624378 0
0.936785 0.733357 0
0.920559 0.574835 0
258 3
0.922371 0.668704 0
0.914141 0.505108 0
0.993293 0.588596 0
259 3
0.916970 0.714841 0
0.916970 0.507270 0
0.999994 0.648486 0
260 3
0.164528 0.171118 0
0.279364 0.003743 0
0.301077 0.168073 0
261 3
0.402062 0.166680 0
0.300135 0.168016 0
0.278791 0.004250 0
262 3
0.300135 0.168016 0
0.402062 0.166680 0
0.402739 0.315998 0
263 3
0.436271 0.881703 0
0.531259 0.778312 0
0.465189 0.989270 0
264 3
0.520216 0.321243 0
0.632545 0.167629 0
0.632814 0.308451 0
265 3
0.520216 0.321243 0
0.514838 0.174146 0
0.632545 0.167629 0
266 3
0.278791 0.004250 0
0.403745 0.003362 0
0.402062 0.166680 0
267 3
0.991908 0.515429 0
0.991318 0.616962 0
0.918630 0.524727 0
268 3
0.994146 0.503522 0
0.992043 0.762047 0
0.918001 0.627893 0
269 3
0.916605 0.766923 0
0.918001 0.627893 0
0.992043 0.762047 0
270 3
0.919796 0.528884 0
0.988895 0.752349 0
0.914994 0.766410 0
271 3
0.919796 0.528884 0
0.991527 0.515608 0
0.988895 0.752349 0
272 3
0.388096 0.599547 0
0.456499 0.780789 0
0.378208 0.862125 0
273 3
0.388096 0.599547 0
0.459535 0.607953 0
0.459108 0.707397 0
274 3
0.459108 0.707397 0
0.456499 0.780789 0
0.388096 0.599547 0
275 3
0.388096 0.599547 0
0.471381 0.467869 0
0.459535 0.607953 0
276 3
0.207980 0.431798 0
0.180817 0.400620 0
0.192570 0.346936 0
277 3
0.238822 0.406245 0
0.192570 0.346936 0
0.249775 0.333374 0
278 3
0.207980 0.431798 0
0.192570 0.346936 0
0.238822 0.406245 0
279 3
0.273140 0.433308 0
0.318242 0.337288 0
0.340009 0.435262 0
280 3
0.238822 0.406245 0
0.318242 0.337288 0
0.273140 0.433308 0
281 3
0.249775 0.333374 0
0.318242 0.337288 0
0.238822 0.406245 0
282 3
0.184585 0.609648 0
0.184291 0.569049 0
0.221796 0.614343 0
283 3
0.183114 0.632832 0
0.184585 0.609648 0
0.221796 0.614343 0
284 3
0.319635 0.337236 0
0.300135 0.168016 0
0.402739 0.315998 0
285 3
0.319635 0.337236 0
0.402739 0.315998 0
0.338785 0.436425 0
286 3
0.192570 0.346936 0
0.301077 0.168073 0
0.249775 0.333374 0
287 3
0.192570 0.346936 0
0.164528 0.171118 0
0.301077 0.168073 0
288 3
0.180102 0.434901 0
0.180817 0.400620 0
0.207980 0.431798 0
289 3
0.249775 0.333374 0
0.301077 0.168073 0
0.318242 0.337288 0
290 3
0.388096 0.599547 0
0.319609 0.592009 0
0.338785 0.436425 0
291 3
0.340009 0.435262 0
0.319537 0.591696 0
0.273140 0.433308 0
292 3
0.273140 0.433308 0
0.319537 0.591696 0
0.239279 0.454475 0
293 3
0.239279 0.454475 0
0.207980 0.431798 0
0.238822 0.406245 0
294 3
0.273140 0.433308 0
0.239279 0.454475 0
0.238822 0.406245 0
295 3
0.378208 0.862125 0
0.217455 0.991691 0
0.237471 0.938871 0
296 3
0.239279 0.454475 0
0.215491 0.573013 0
0.207980 0.431798 0
297 3
0.239279 0.454475 0
0.319537 0.591696 0
0.215491 0.573013 0
298 3
0.319537 0.591696 0
0.221796 0.614343 0
0.215491 0.573013 0
299 3
0.221796 0.614343 0
0.319537 0.591696 0
0.277854 0.792293 0
300 3
0.182328 0.493451 0
0.180102 0.434901 0
0.215491 0.573013 0
301 3
0.215491 0.573013 0
0.221796 0.614343 0
0.184291 0.569049 0
302 3
0.182328 0.493451 0
0.215491 0.573013 0
0.184291 0.569049 0
303 3
0.215491 0.573013 0
0.180102 0.434901 0
0.207980 0.431798 0
4
0.000000 0.000000 0.000000
0.000000 0.000000 0.000000
0.000000 0.000000 0.000000
1.000000 1.000000 1.000000
