2
1
hd_slipt
D:\3DBball\Objects\Heads\misc\hd_slipt.TGA
328
0 3
0.139506 0.868105 0
0.140148 0.949783 0
0.098977 0.931231 0
1 3
0.140683 0.996699 0
0.098977 0.931231 0
0.140148 0.949783 0
2 3
0.191857 0.996699 0
0.193117 0.949783 0
0.242220 0.931231 0
3 3
0.194628 0.868105 0
0.242220 0.931231 0
0.193117 0.949783 0
4 3
0.193638 0.761550 0
0.188677 0.726203 0
0.229650 0.727068 0
5 3
0.142128 0.761541 0
0.109204 0.725963 0
0.146176 0.725522 0
6 3
0.146176 0.725522 0
0.109204 0.725963 0
0.147214 0.698684 0
7 3
0.188677 0.726203 0
0.190027 0.699730 0
0.229650 0.727068 0
8 3
0.147214 0.698684 0
0.190027 0.699730 0
0.188677 0.726203 0
9 3
0.147214 0.698684 0
0.188677 0.726203 0
0.146176 0.725522 0
10 3
0.918221 0.984649 0
0.942725 0.935771 0
0.880142 0.932848 0
11 3
0.994493 0.939177 0
0.932088 0.938899 0
0.966109 0.983150 0
12 3
0.502219 0.342209 0
0.429676 0.411390 0
0.436511 0.667584 0
13 3
0.502219 0.342209 0
0.436511 0.667584 0
0.429676 0.411390 0
14 3
0.414814 0.667337 0
0.360216 0.507752 0
0.361070 0.678625 0
15 3
0.361070 0.678625 0
0.360216 0.507752 0
0.414814 0.667337 0
16 3
0.285357 0.535673 0
0.270095 0.725077 0
0.361070 0.678625 0
17 3
0.361070 0.678625 0
0.360216 0.507752 0
0.285357 0.535673 0
18 3
0.361070 0.678625 0
0.270095 0.725077 0
0.285357 0.535673 0
19 3
0.285357 0.535673 0
0.360216 0.507752 0
0.361070 0.678625 0
20 3
0.361070 0.678625 0
0.331138 0.813271 0
0.373492 0.797653 0
21 3
0.361070 0.678625 0
0.373492 0.797653 0
0.414814 0.667337 0
22 3
0.331138 0.813271 0
0.300087 0.928486 0
0.373492 0.797653 0
23 3
0.331138 0.813271 0
0.373492 0.797653 0
0.300087 0.928486 0
24 3
0.361070 0.678625 0
0.414814 0.667337 0
0.373492 0.797653 0
25 3
0.361070 0.678625 0
0.373492 0.797653 0
0.331138 0.813271 0
26 3
0.331138 0.813271 0
0.361070 0.678625 0
0.270095 0.725077 0
27 3
0.331138 0.813271 0
0.270095 0.725077 0
0.259671 0.835405 0
28 3
0.300087 0.928486 0
0.331138 0.813271 0
0.259671 0.835405 0
29 3
0.300087 0.928486 0
0.259671 0.835405 0
0.244746 0.928987 0
30 3
0.331138 0.813271 0
0.259671 0.835405 0
0.270095 0.725077 0
31 3
0.331138 0.813271 0
0.270095 0.725077 0
0.361070 0.678625 0
32 3
0.300087 0.928486 0
0.244746 0.928987 0
0.259671 0.835405 0
33 3
0.300087 0.928486 0
0.259671 0.835405 0
0.331138 0.813271 0
34 3
0.300087 0.928486 0
0.244746 0.928987 0
0.332751 0.968303 0
35 3
0.332751 0.968303 0
0.358028 0.931815 0
0.300087 0.928486 0
36 3
0.332751 0.968303 0
0.244746 0.928987 0
0.300087 0.928486 0
37 3
0.300087 0.928486 0
0.358028 0.931815 0
0.332751 0.968303 0
38 3
0.502219 0.342209 0
0.472496 0.658302 0
0.524587 0.524551 0
39 3
0.502219 0.342209 0
0.525356 0.401615 0
0.524587 0.524551 0
40 3
0.524587 0.524551 0
0.525356 0.401615 0
0.502219 0.342209 0
41 3
0.502219 0.342209 0
0.524587 0.524551 0
0.472496 0.658302 0
42 3
0.244746 0.928987 0
0.191285 0.997584 0
0.332751 0.968303 0
43 3
0.332751 0.968303 0
0.191285 0.997584 0
0.244746 0.928987 0
44 3
0.476020 0.339079 0
0.495665 0.258284 0
0.342916 0.312285 0
45 3
0.476020 0.339079 0
0.342916 0.312285 0
0.495665 0.258284 0
46 3
0.342916 0.312285 0
0.418896 0.419599 0
0.476020 0.339079 0
47 3
0.342916 0.312285 0
0.476020 0.339079 0
0.418896 0.419599 0
48 3
0.267751 0.230097 0
0.189323 0.356225 0
0.163709 0.235010 0
49 3
0.267751 0.230097 0
0.163709 0.235010 0
0.168492 0.011735 0
50 3
0.138611 0.356225 0
0.088630 0.340570 0
0.059697 0.230097 0
51 3
0.189323 0.356225 0
0.267751 0.230097 0
0.233314 0.340570 0
52 3
0.138611 0.356225 0
0.059697 0.230097 0
0.163709 0.235010 0
53 3
0.059697 0.230097 0
0.078439 0.011080 0
0.168492 0.011735 0
54 3
0.267751 0.230097 0
0.168492 0.011735 0
0.256384 0.011080 0
55 3
0.059697 0.230097 0
0.168492 0.011735 0
0.163709 0.235010 0
56 3
0.139506 0.868105 0
0.098977 0.931231 0
0.081711 0.833566 0
57 3
0.260491 0.833566 0
0.242220 0.931231 0
0.194628 0.868105 0
58 3
0.143357 0.826026 0
0.139506 0.868105 0
0.081711 0.833566 0
59 3
0.192916 0.826131 0
0.260491 0.833566 0
0.194628 0.868105 0
60 3
0.414814 0.667337 0
0.373492 0.797653 0
0.413901 0.791955 0
61 3
0.414814 0.667337 0
0.413901 0.791955 0
0.493638 0.678764 0
62 3
0.414814 0.667337 0
0.493638 0.678764 0
0.413901 0.791955 0
63 3
0.414814 0.667337 0
0.413901 0.791955 0
0.373492 0.797653 0
64 3
0.109204 0.725963 0
0.132866 0.634880 0
0.147214 0.698684 0
65 3
0.190027 0.699730 0
0.203594 0.634880 0
0.229650 0.727068 0
66 3
0.147214 0.698684 0
0.159457 0.644831 0
0.177265 0.644831 0
67 3
0.177265 0.644831 0
0.190027 0.699730 0
0.147214 0.698684 0
68 3
0.203594 0.634880 0
0.190027 0.699730 0
0.177265 0.644831 0
69 3
0.159457 0.644831 0
0.147214 0.698684 0
0.132866 0.634880 0
70 3
0.143357 0.826026 0
0.192916 0.826131 0
0.194628 0.868105 0
71 3
0.143357 0.826026 0
0.194628 0.868105 0
0.139506 0.868105 0
72 3
0.332751 0.968303 0
0.332751 0.968303 0
0.191285 0.997584 0
73 3
0.332751 0.968303 0
0.191285 0.997584 0
0.191285 0.997584 0
74 3
0.495665 0.258284 0
0.509717 0.346777 0
0.642052 0.397348 0
75 3
0.495665 0.258284 0
0.592109 0.205625 0
0.642052 0.397348 0
76 3
0.509717 0.346777 0
0.551902 0.410346 0
0.642052 0.397348 0
77 3
0.642052 0.397348 0
0.551902 0.410346 0
0.509717 0.346777 0
78 3
0.538748 0.995885 0
0.712641 0.996915 0
0.708538 0.789157 0
79 3
0.538748 0.995885 0
0.578206 0.723189 0
0.708538 0.789157 0
80 3
0.538748 0.995885 0
0.708538 0.789157 0
0.578206 0.723189 0
81 3
0.538748 0.995885 0
0.708538 0.789157 0
0.712641 0.996915 0
82 3
0.268072 0.232229 0
0.342916 0.312285 0
0.367192 0.102144 0
83 3
0.268072 0.232229 0
0.367192 0.102144 0
0.375935 0.006459 0
84 3
0.268072 0.232229 0
0.375935 0.006459 0
0.367192 0.102144 0
85 3
0.268072 0.232229 0
0.367192 0.102144 0
0.342916 0.312285 0
86 3
0.502219 0.342209 0
0.472496 0.658302 0
0.436511 0.667584 0
87 3
0.502219 0.342209 0
0.436511 0.667584 0
0.472496 0.658302 0
88 3
0.541296 0.532700 0
0.493638 0.678764 0
0.596767 0.625489 0
89 3
0.596767 0.625489 0
0.621707 0.549126 0
0.541296 0.532700 0
90 3
0.596767 0.625489 0
0.493638 0.678764 0
0.541296 0.532700 0
91 3
0.541296 0.532700 0
0.621707 0.549126 0
0.596767 0.625489 0
92 3
0.192916 0.826131 0
0.193638 0.761550 0
0.229650 0.727068 0
93 3
0.260491 0.833566 0
0.192916 0.826131 0
0.229650 0.727068 0
94 3
0.193638 0.761550 0
0.192916 0.826131 0
0.143357 0.826026 0
95 3
0.193638 0.761550 0
0.143357 0.826026 0
0.142128 0.761541 0
96 3
0.109204 0.725963 0
0.142128 0.761541 0
0.143357 0.826026 0
97 3
0.081711 0.833566 0
0.109204 0.725963 0
0.143357 0.826026 0
98 3
0.047414 0.532702 0
0.132866 0.634880 0
0.067935 0.724007 0
99 3
0.270089 0.724007 0
0.203594 0.634880 0
0.285396 0.532702 0
100 3
0.229650 0.727068 0
0.203594 0.634880 0
0.270089 0.724007 0
101 3
0.109204 0.725963 0
0.081711 0.833566 0
0.067935 0.724007 0
102 3
0.109204 0.725963 0
0.067935 0.724007 0
0.132866 0.634880 0
103 3
0.229650 0.727068 0
0.270089 0.724007 0
0.260491 0.833566 0
104 3
0.061092 0.428680 0
0.073470 0.399223 0
0.094292 0.398875 0
105 3
0.051927 0.348471 0
0.073470 0.399223 0
0.061092 0.428680 0
106 3
0.094292 0.398875 0
0.073470 0.399223 0
0.051927 0.348471 0
107 3
0.234210 0.398875 0
0.254101 0.401374 0
0.266738 0.430831 0
108 3
0.287527 0.355696 0
0.254101 0.401374 0
0.234210 0.398875 0
109 3
0.266738 0.430831 0
0.254101 0.401374 0
0.287527 0.355696 0
110 3
0.375935 0.006459 0
0.256569 0.013012 0
0.268072 0.232229 0
111 3
0.268072 0.232229 0
0.256569 0.013012 0
0.375935 0.006459 0
112 3
0.367192 0.102144 0
0.342916 0.312285 0
0.495665 0.258284 0
113 3
0.495665 0.258284 0
0.494086 0.060835 0
0.367192 0.102144 0
114 3
0.495665 0.258284 0
0.342916 0.312285 0
0.367192 0.102144 0
115 3
0.367192 0.102144 0
0.494086 0.060835 0
0.495665 0.258284 0
116 3
0.360216 0.507752 0
0.418896 0.419599 0
0.342916 0.312285 0
117 3
0.342916 0.312285 0
0.286619 0.441470 0
0.360216 0.507752 0
118 3
0.342916 0.312285 0
0.418896 0.419599 0
0.360216 0.507752 0
119 3
0.360216 0.507752 0
0.286619 0.441470 0
0.342916 0.312285 0
120 3
0.413901 0.791955 0
0.420515 0.997171 0
0.538748 0.995885 0
121 3
0.538748 0.995885 0
0.578206 0.723189 0
0.413901 0.791955 0
122 3
0.538748 0.995885 0
0.420515 0.997171 0
0.413901 0.791955 0
123 3
0.413901 0.791955 0
0.578206 0.723189 0
0.538748 0.995885 0
124 3
0.493638 0.678764 0
0.413901 0.791955 0
0.596767 0.625489 0
125 3
0.493638 0.678764 0
0.596767 0.625489 0
0.413901 0.791955 0
126 3
0.538214 0.995955 0
0.538748 0.995885 0
0.421396 0.997815 0
127 3
0.421396 0.997815 0
0.538748 0.995885 0
0.420515 0.997171 0
128 3
0.421396 0.997815 0
0.420515 0.997171 0
0.356569 0.996169 0
129 3
0.538214 0.995955 0
0.712641 0.996915 0
0.538748 0.995885 0
130 3
0.935098 0.005128 0
0.998517 0.039223 0
0.933984 0.083110 0
131 3
0.880142 0.932848 0
0.941304 0.872426 0
0.879542 0.874737 0
132 3
0.880142 0.932848 0
0.942725 0.935771 0
0.941304 0.872426 0
133 3
0.413901 0.791955 0
0.578206 0.723189 0
0.596767 0.625489 0
134 3
0.578206 0.723189 0
0.706323 0.672294 0
0.596767 0.625489 0
135 3
0.578206 0.723189 0
0.708538 0.789157 0
0.706323 0.672294 0
136 3
0.714267 0.037117 0
0.711937 0.005296 0
0.574592 0.007182 0
137 3
0.577050 0.048968 0
0.714267 0.037117 0
0.574592 0.007182 0
138 3
0.577050 0.048968 0
0.574592 0.007182 0
0.497404 0.006284 0
139 3
0.494086 0.060835 0
0.577050 0.048968 0
0.497404 0.006284 0
140 3
0.494086 0.060835 0
0.497404 0.006284 0
0.375935 0.006459 0
141 3
0.367192 0.102144 0
0.494086 0.060835 0
0.375935 0.006459 0
142 3
0.495665 0.258284 0
0.642052 0.397348 0
0.592109 0.205625 0
143 3
0.476020 0.339079 0
0.509717 0.346777 0
0.495665 0.258284 0
144 3
0.621707 0.549126 0
0.707917 0.609106 0
0.711541 0.382538 0
145 3
0.621707 0.549126 0
0.711541 0.382538 0
0.642052 0.397348 0
146 3
0.541296 0.532700 0
0.621707 0.549126 0
0.642052 0.397348 0
147 3
0.541296 0.532700 0
0.642052 0.397348 0
0.551902 0.410346 0
148 3
0.596767 0.625489 0
0.706323 0.672294 0
0.707917 0.609106 0
149 3
0.596767 0.625489 0
0.707917 0.609106 0
0.621707 0.549126 0
150 3
0.356569 0.996169 0
0.420515 0.997171 0
0.332751 0.968303 0
151 3
0.332751 0.968303 0
0.420515 0.997171 0
0.358028 0.931815 0
152 3
0.429676 0.411390 0
0.502219 0.342209 0
0.472354 0.346652 0
153 3
0.906773 0.672144 0
0.879795 0.712127 0
0.941859 0.711142 0
154 3
0.941877 0.764624 0
0.941859 0.711142 0
0.879795 0.712127 0
155 3
0.878760 0.766599 0
0.941877 0.764624 0
0.879795 0.712127 0
156 3
0.940534 0.821352 0
0.941877 0.764624 0
0.878760 0.766599 0
157 3
0.940534 0.821352 0
0.878760 0.766599 0
0.879594 0.821814 0
158 3
0.941304 0.872426 0
0.940534 0.821352 0
0.879594 0.821814 0
159 3
0.941304 0.872426 0
0.879594 0.821814 0
0.879542 0.874737 0
160 3
0.996822 0.357271 0
0.969160 0.330766 0
0.965384 0.242880 0
161 3
0.996552 0.186516 0
0.996822 0.357271 0
0.965384 0.242880 0
162 3
0.965384 0.242880 0
0.969160 0.330766 0
0.936570 0.265262 0
163 3
0.642052 0.397348 0
0.711541 0.382538 0
0.713674 0.195703 0
164 3
0.642052 0.397348 0
0.713674 0.195703 0
0.592109 0.205625 0
165 3
0.713674 0.195703 0
0.714267 0.037117 0
0.577050 0.048968 0
166 3
0.713674 0.195703 0
0.577050 0.048968 0
0.592109 0.205625 0
167 3
0.977244 0.619661 0
0.951425 0.453043 0
0.962102 0.414716 0
168 3
0.977244 0.619661 0
0.962102 0.414716 0
0.994720 0.503510 0
169 3
0.962102 0.414716 0
0.951425 0.453043 0
0.936570 0.265262 0
170 3
0.358028 0.931815 0
0.373492 0.797653 0
0.300087 0.928486 0
171 3
0.358028 0.931815 0
0.413901 0.791955 0
0.373492 0.797653 0
172 3
0.969160 0.330766 0
0.962102 0.414716 0
0.936570 0.265262 0
173 3
0.959857 0.183837 0
0.965384 0.242880 0
0.936570 0.265262 0
174 3
0.933984 0.083110 0
0.959857 0.183837 0
0.936570 0.265262 0
175 3
0.358028 0.931815 0
0.420515 0.997171 0
0.413901 0.791955 0
176 3
0.495665 0.258284 0
0.592109 0.205625 0
0.577050 0.048968 0
177 3
0.495665 0.258284 0
0.577050 0.048968 0
0.494086 0.060835 0
178 3
0.959857 0.183837 0
0.996552 0.186516 0
0.965384 0.242880 0
179 3
0.933984 0.083110 0
0.998517 0.039223 0
0.959857 0.183837 0
180 3
0.996552 0.186516 0
0.959857 0.183837 0
0.998517 0.039223 0
181 3
0.996822 0.357271 0
0.994720 0.503510 0
0.962102 0.414716 0
182 3
0.996822 0.357271 0
0.962102 0.414716 0
0.969160 0.330766 0
183 3
0.360216 0.507752 0
0.414814 0.667337 0
0.418896 0.419599 0
184 3
0.127801 0.432125 0
0.138611 0.356225 0
0.155929 0.393072 0
185 3
0.094292 0.398875 0
0.088630 0.340570 0
0.138611 0.356225 0
186 3
0.127801 0.432125 0
0.094292 0.398875 0
0.138611 0.356225 0
187 3
0.061092 0.428680 0
0.043558 0.436404 0
0.051927 0.348471 0
188 3
0.088630 0.340570 0
0.094292 0.398875 0
0.051927 0.348471 0
189 3
0.156289 0.617724 0
0.132866 0.634880 0
0.156537 0.565902 0
190 3
0.159457 0.644831 0
0.132866 0.634880 0
0.156289 0.617724 0
191 3
0.287271 0.355919 0
0.342916 0.312285 0
0.268072 0.232229 0
192 3
0.287271 0.355919 0
0.286619 0.441470 0
0.342916 0.312285 0
193 3
0.156812 0.423606 0
0.127801 0.432125 0
0.155929 0.393072 0
194 3
0.088630 0.340570 0
0.051927 0.348471 0
0.059697 0.230097 0
195 3
0.360216 0.507752 0
0.286619 0.441470 0
0.285357 0.535673 0
196 3
0.043558 0.436404 0
0.061092 0.428680 0
0.047414 0.532702 0
197 3
0.061092 0.428680 0
0.093936 0.449175 0
0.047414 0.532702 0
198 3
0.093936 0.449175 0
0.094292 0.398875 0
0.127801 0.432125 0
199 3
0.061092 0.428680 0
0.094292 0.398875 0
0.093936 0.449175 0
200 3
0.093936 0.449175 0
0.127801 0.432125 0
0.131693 0.570026 0
201 3
0.093936 0.449175 0
0.131693 0.570026 0
0.047414 0.532702 0
202 3
0.047414 0.532702 0
0.131693 0.570026 0
0.132866 0.634880 0
203 3
0.156794 0.507490 0
0.131693 0.570026 0
0.156812 0.423606 0
204 3
0.131693 0.570026 0
0.156537 0.565902 0
0.132866 0.634880 0
205 3
0.156794 0.507490 0
0.156537 0.565902 0
0.131693 0.570026 0
206 3
0.131693 0.570026 0
0.127801 0.432125 0
0.156812 0.423606 0
207 3
0.538214 0.995955 0
0.712641 0.996915 0
0.712641 0.996915 0
208 3
0.538214 0.995955 0
0.421396 0.997815 0
0.538748 0.995885 0
209 3
0.421396 0.997815 0
0.420515 0.997171 0
0.538748 0.995885 0
210 3
0.421396 0.997815 0
0.356569 0.996169 0
0.420515 0.997171 0
211 3
0.356569 0.996169 0
0.332751 0.968303 0
0.332751 0.968303 0
212 3
0.356569 0.996169 0
0.332751 0.968303 0
0.356569 0.996169 0
213 3
0.421396 0.997815 0
0.356569 0.996169 0
0.356569 0.996169 0
214 3
0.839967 0.037457 0
0.713002 0.004650 0
0.714371 0.037457 0
215 3
0.839967 0.037457 0
0.841955 0.006800 0
0.713002 0.004650 0
216 3
0.929274 0.453232 0
0.936570 0.265262 0
0.951425 0.453043 0
217 3
0.890004 0.620090 0
0.929274 0.453232 0
0.951425 0.453043 0
218 3
0.890004 0.620090 0
0.951425 0.453043 0
0.977244 0.619661 0
219 3
0.839864 0.197329 0
0.714371 0.037457 0
0.712996 0.197329 0
220 3
0.839864 0.197329 0
0.839967 0.037457 0
0.714371 0.037457 0
221 3
0.838705 0.381261 0
0.712996 0.197329 0
0.710482 0.381261 0
222 3
0.838705 0.381261 0
0.839864 0.197329 0
0.712996 0.197329 0
223 3
0.834464 0.611273 0
0.710482 0.381261 0
0.706908 0.611273 0
224 3
0.834464 0.611273 0
0.838705 0.381261 0
0.710482 0.381261 0
225 3
0.834025 0.671079 0
0.706908 0.611273 0
0.707347 0.671079 0
226 3
0.834025 0.671079 0
0.834464 0.611273 0
0.706908 0.611273 0
227 3
0.834786 0.790065 0
0.707347 0.671079 0
0.708669 0.790065 0
228 3
0.834786 0.790065 0
0.834025 0.671079 0
0.707347 0.671079 0
229 3
0.838714 0.996668 0
0.708669 0.790065 0
0.713075 0.996668 0
230 3
0.838714 0.996668 0
0.834786 0.790065 0
0.708669 0.790065 0
231 3
0.538214 0.995955 0
0.538748 0.995885 0
0.712641 0.996915 0
232 3
0.935098 0.005128 0
0.933984 0.083110 0
0.881379 0.040474 0
233 3
0.156289 0.617724 0
0.178947 0.565902 0
0.178010 0.617724 0
234 3
0.156289 0.617724 0
0.156537 0.565902 0
0.178947 0.565902 0
235 3
0.159457 0.644831 0
0.178010 0.617724 0
0.177265 0.644831 0
236 3
0.156289 0.617724 0
0.178010 0.617724 0
0.159457 0.644831 0
237 3
0.138611 0.356225 0
0.163709 0.235010 0
0.189323 0.356225 0
238 3
0.155929 0.393072 0
0.189323 0.356225 0
0.176025 0.393072 0
239 3
0.155929 0.393072 0
0.138611 0.356225 0
0.189323 0.356225 0
240 3
0.156812 0.423606 0
0.176025 0.393072 0
0.175356 0.423606 0
241 3
0.155929 0.393072 0
0.176025 0.393072 0
0.156812 0.423606 0
242 3
0.176693 0.507490 0
0.178947 0.565902 0
0.156537 0.565902 0
243 3
0.156794 0.507490 0
0.176693 0.507490 0
0.156537 0.565902 0
244 3
0.175356 0.423606 0
0.176693 0.507490 0
0.156794 0.507490 0
245 3
0.156812 0.423606 0
0.175356 0.423606 0
0.156794 0.507490 0
246 3
0.994493 0.939177 0
0.994538 0.900828 0
0.933046 0.898294 0
247 3
0.994493 0.939177 0
0.933046 0.898294 0
0.932088 0.938899 0
248 3
0.413901 0.791955 0
0.596767 0.625489 0
0.578206 0.723189 0
249 3
0.578206 0.723189 0
0.596767 0.625489 0
0.706323 0.672294 0
250 3
0.578206 0.723189 0
0.706323 0.672294 0
0.708538 0.789157 0
251 3
0.714267 0.037117 0
0.574592 0.007182 0
0.711937 0.005296 0
252 3
0.577050 0.048968 0
0.574592 0.007182 0
0.714267 0.037117 0
253 3
0.577050 0.048968 0
0.497404 0.006284 0
0.574592 0.007182 0
254 3
0.494086 0.060835 0
0.497404 0.006284 0
0.577050 0.048968 0
255 3
0.494086 0.060835 0
0.375935 0.006459 0
0.497404 0.006284 0
256 3
0.367192 0.102144 0
0.375935 0.006459 0
0.494086 0.060835 0
257 3
0.495665 0.258284 0
0.642052 0.397348 0
0.509717 0.346777 0
258 3
0.476020 0.339079 0
0.495665 0.258284 0
0.509717 0.346777 0
259 3
0.621707 0.549126 0
0.711541 0.382538 0
0.707917 0.609106 0
260 3
0.621707 0.549126 0
0.642052 0.397348 0
0.711541 0.382538 0
261 3
0.541296 0.532700 0
0.642052 0.397348 0
0.621707 0.549126 0
262 3
0.541296 0.532700 0
0.551902 0.410346 0
0.642052 0.397348 0
263 3
0.596767 0.625489 0
0.707917 0.609106 0
0.706323 0.672294 0
264 3
0.596767 0.625489 0
0.621707 0.549126 0
0.707917 0.609106 0
265 3
0.356569 0.996169 0
0.332751 0.968303 0
0.420515 0.997171 0
266 3
0.332751 0.968303 0
0.358028 0.931815 0
0.420515 0.997171 0
267 3
0.502219 0.342209 0
0.429676 0.411390 0
0.472354 0.346652 0
268 3
0.962726 0.655087 0
0.933486 0.703982 0
0.995313 0.705062 0
269 3
0.931286 0.780081 0
0.995313 0.705062 0
0.933486 0.703982 0
270 3
0.994773 0.782247 0
0.995313 0.705062 0
0.931286 0.780081 0
271 3
0.932545 0.842288 0
0.994773 0.782247 0
0.931286 0.780081 0
272 3
0.932545 0.842288 0
0.993962 0.842794 0
0.994773 0.782247 0
273 3
0.933046 0.898294 0
0.993962 0.842794 0
0.932545 0.842288 0
274 3
0.933046 0.898294 0
0.994538 0.900828 0
0.993962 0.842794 0
275 3
0.877154 0.359239 0
0.907317 0.243880 0
0.904351 0.331834 0
276 3
0.878043 0.188225 0
0.907317 0.243880 0
0.877154 0.359239 0
277 3
0.907317 0.243880 0
0.936570 0.265262 0
0.904351 0.331834 0
278 3
0.642052 0.397348 0
0.713674 0.195703 0
0.711541 0.382538 0
279 3
0.642052 0.397348 0
0.592109 0.205625 0
0.713674 0.195703 0
280 3
0.713674 0.195703 0
0.577050 0.048968 0
0.714267 0.037117 0
281 3
0.713674 0.195703 0
0.592109 0.205625 0
0.577050 0.048968 0
282 3
0.890004 0.620090 0
0.911966 0.415533 0
0.929274 0.453232 0
283 3
0.890004 0.620090 0
0.881503 0.505077 0
0.911966 0.415533 0
284 3
0.911966 0.415533 0
0.936570 0.265262 0
0.929274 0.453232 0
285 3
0.358028 0.931815 0
0.300087 0.928486 0
0.373492 0.797653 0
286 3
0.358028 0.931815 0
0.373492 0.797653 0
0.413901 0.791955 0
287 3
0.904351 0.331834 0
0.936570 0.265262 0
0.911966 0.415533 0
288 3
0.912544 0.184525 0
0.936570 0.265262 0
0.907317 0.243880 0
289 3
0.933984 0.083110 0
0.936570 0.265262 0
0.912544 0.184525 0
290 3
0.358028 0.931815 0
0.413901 0.791955 0
0.420515 0.997171 0
291 3
0.495665 0.258284 0
0.577050 0.048968 0
0.592109 0.205625 0
292 3
0.495665 0.258284 0
0.494086 0.060835 0
0.577050 0.048968 0
293 3
0.912544 0.184525 0
0.907317 0.243880 0
0.878043 0.188225 0
294 3
0.933984 0.083110 0
0.912544 0.184525 0
0.881379 0.040474 0
295 3
0.878043 0.188225 0
0.881379 0.040474 0
0.912544 0.184525 0
296 3
0.877154 0.359239 0
0.911966 0.415533 0
0.881503 0.505077 0
297 3
0.877154 0.359239 0
0.904351 0.331834 0
0.911966 0.415533 0
298 3
0.360216 0.507752 0
0.418896 0.419599 0
0.414814 0.667337 0
299 3
0.204326 0.432125 0
0.176025 0.393072 0
0.189323 0.356225 0
300 3
0.234210 0.398875 0
0.189323 0.356225 0
0.233314 0.340570 0
301 3
0.204326 0.432125 0
0.189323 0.356225 0
0.234210 0.398875 0
302 3
0.266738 0.430831 0
0.287527 0.355696 0
0.285919 0.438554 0
303 3
0.233314 0.340570 0
0.287527 0.355696 0
0.234210 0.398875 0
304 3
0.178010 0.617724 0
0.178947 0.565902 0
0.203594 0.634880 0
305 3
0.177265 0.644831 0
0.178010 0.617724 0
0.203594 0.634880 0
306 3
0.287271 0.356928 0
0.268072 0.232229 0
0.342916 0.312285 0
307 3
0.287271 0.356928 0
0.342916 0.312285 0
0.286619 0.441470 0
308 3
0.175356 0.423606 0
0.176025 0.393072 0
0.204326 0.432125 0
309 3
0.233314 0.340570 0
0.267751 0.230097 0
0.287527 0.355696 0
310 3
0.360216 0.507752 0
0.285357 0.535673 0
0.286619 0.441470 0
311 3
0.285919 0.438554 0
0.285396 0.532702 0
0.266738 0.430831 0
312 3
0.266738 0.430831 0
0.285396 0.532702 0
0.234566 0.449175 0
313 3
0.234566 0.449175 0
0.204326 0.432125 0
0.234210 0.398875 0
314 3
0.234566 0.449175 0
0.234210 0.398875 0
0.266738 0.430831 0
315 3
0.234566 0.449175 0
0.204559 0.570026 0
0.204326 0.432125 0
316 3
0.234566 0.449175 0
0.285396 0.532702 0
0.204559 0.570026 0
317 3
0.285396 0.532702 0
0.203594 0.634880 0
0.204559 0.570026 0
318 3
0.176693 0.507490 0
0.175356 0.423606 0
0.204559 0.570026 0
319 3
0.204559 0.570026 0
0.203594 0.634880 0
0.178947 0.565902 0
320 3
0.176693 0.507490 0
0.204559 0.570026 0
0.178947 0.565902 0
321 3
0.204559 0.570026 0
0.175356 0.423606 0
0.204326 0.432125 0
322 3
0.140148 0.949783 0
0.193117 0.949783 0
0.191857 0.996699 0
323 3
0.140148 0.949783 0
0.191857 0.996699 0
0.140683 0.996699 0
324 3
0.194628 0.868105 0
0.193117 0.949783 0
0.140148 0.949783 0
325 3
0.194628 0.868105 0
0.140148 0.949783 0
0.139506 0.868105 0
326 3
0.142128 0.761541 0
0.146176 0.725522 0
0.188677 0.726203 0
327 3
0.142128 0.761541 0
0.188677 0.726203 0
0.193638 0.761550 0
4
0.000000 0.000000 0.000000
0.000000 0.000000 0.000000
0.000000 0.000000 0.000000
1.000000 1.000000 1.000000
