1
5
C:\MIDWAY\NBAonNBC\HEADS\New_Jersey\LWO\hd_scass.TGA
C:\MIDWAY\NBAonNBC\HEADS\New_Jersey\LWO\hd_scass.TGA
C:\MIDWAY\NBAonNBC\HEADS\New_Jersey\LWO\hd_scass.TGA
C:\MIDWAY\NBAonNBC\HEADS\New_Jersey\LWO\hd_scass.TGA
C:\MIDWAY\NBAonNBC\HEADS\New_Jersey\LWO\hd_scass.TGA
321
0 3
0.584730 0.470495 0
0.555652 0.434375 0
0.502968 0.482192 0
1 3
0.569543 0.602422 0
0.584730 0.470495 0
0.502968 0.482192 0
2 3
0.535816 0.666584 0
0.569543 0.602422 0
0.502968 0.482192 0
3 3
0.535816 0.666584 0
0.502968 0.482192 0
0.493061 0.646857 0
4 3
0.493061 0.646857 0
0.503863 0.678983 0
0.535816 0.666584 0
5 3
0.502968 0.482192 0
0.555652 0.434375 0
0.584730 0.470495 0
6 3
0.502968 0.482192 0
0.584730 0.470495 0
0.569543 0.602422 0
7 3
0.502968 0.482192 0
0.569543 0.602422 0
0.535816 0.666584 0
8 3
0.493061 0.646857 0
0.502968 0.482192 0
0.535816 0.666584 0
9 3
0.535816 0.666584 0
0.503863 0.678983 0
0.493061 0.646857 0
10 3
0.086055 0.761024 0
0.094040 0.615153 0
0.122201 0.710008 0
11 3
0.122201 0.710008 0
0.118678 0.760623 0
0.086055 0.761024 0
12 3
0.169260 0.710006 0
0.197434 0.615153 0
0.205621 0.761699 0
13 3
0.205621 0.761699 0
0.172998 0.760582 0
0.169260 0.710006 0
14 3
0.118678 0.760623 0
0.122201 0.710008 0
0.169260 0.710006 0
15 3
0.118678 0.760623 0
0.169260 0.710006 0
0.172998 0.760582 0
16 3
0.122201 0.710008 0
0.126833 0.628990 0
0.163825 0.628990 0
17 3
0.163825 0.628990 0
0.169260 0.710006 0
0.122201 0.710008 0
18 3
0.197434 0.615153 0
0.169260 0.710006 0
0.163825 0.628990 0
19 3
0.126833 0.628990 0
0.122201 0.710008 0
0.094040 0.615153 0
20 3
0.122547 0.851457 0
0.167302 0.851571 0
0.168449 0.921003 0
21 3
0.122547 0.851457 0
0.168449 0.921003 0
0.125310 0.921003 0
22 3
0.322508 0.972612 0
0.448173 0.852320 0
0.480486 0.877180 0
23 3
0.322508 0.972612 0
0.422560 0.966259 0
0.480486 0.877180 0
24 3
0.322508 0.972612 0
0.480486 0.877180 0
0.422560 0.966259 0
25 3
0.322508 0.972612 0
0.480486 0.877180 0
0.448173 0.852320 0
26 3
0.125310 0.921003 0
0.086969 0.907647 0
0.122547 0.851457 0
27 3
0.167302 0.851571 0
0.200540 0.907647 0
0.168449 0.921003 0
28 3
0.073036 0.830977 0
0.122547 0.851457 0
0.086969 0.907647 0
29 3
0.218620 0.830977 0
0.200540 0.907647 0
0.167302 0.851571 0
30 3
0.422560 0.966259 0
0.422560 0.966259 0
0.322508 0.972612 0
31 3
0.422560 0.966259 0
0.322508 0.972612 0
0.322508 0.972612 0
32 3
0.107711 0.975475 0
0.125310 0.921003 0
0.168449 0.921003 0
33 3
0.107711 0.975475 0
0.168449 0.921003 0
0.180514 0.975475 0
34 3
0.086969 0.907647 0
0.125310 0.921003 0
0.107711 0.975475 0
35 3
0.200540 0.907647 0
0.180514 0.975475 0
0.168449 0.921003 0
36 3
0.548204 0.297739 0
0.568772 0.418846 0
0.653384 0.424704 0
37 3
0.548204 0.297739 0
0.653037 0.279912 0
0.653384 0.424704 0
38 3
0.568772 0.418846 0
0.592266 0.467658 0
0.653384 0.424704 0
39 3
0.653384 0.424704 0
0.592266 0.467658 0
0.568772 0.418846 0
40 3
0.627370 0.985634 0
0.731760 0.984848 0
0.732715 0.770930 0
41 3
0.627370 0.985634 0
0.626339 0.774071 0
0.732715 0.770930 0
42 3
0.627370 0.985634 0
0.732715 0.770930 0
0.626339 0.774071 0
43 3
0.627370 0.985634 0
0.732715 0.770930 0
0.731760 0.984848 0
44 3
0.332900 0.220363 0
0.403161 0.340125 0
0.404766 0.207701 0
45 3
0.332900 0.220363 0
0.404766 0.207701 0
0.415128 0.091316 0
46 3
0.332900 0.220363 0
0.415128 0.091316 0
0.404766 0.207701 0
47 3
0.332900 0.220363 0
0.404766 0.207701 0
0.403161 0.340125 0
48 3
0.591655 0.603188 0
0.542281 0.683862 0
0.638654 0.682855 0
49 3
0.638654 0.682855 0
0.649845 0.592230 0
0.591655 0.603188 0
50 3
0.638654 0.682855 0
0.542281 0.683862 0
0.591655 0.603188 0
51 3
0.591655 0.603188 0
0.649845 0.592230 0
0.638654 0.682855 0
52 3
0.448173 0.852320 0
0.413630 0.552531 0
0.344345 0.569984 0
53 3
0.448173 0.852320 0
0.321681 0.769680 0
0.344345 0.569984 0
54 3
0.448173 0.852320 0
0.344345 0.569984 0
0.321681 0.769680 0
55 3
0.448173 0.852320 0
0.344345 0.569984 0
0.413630 0.552531 0
56 3
0.167302 0.851571 0
0.164273 0.821269 0
0.205621 0.761699 0
57 3
0.218620 0.830977 0
0.167302 0.851571 0
0.205621 0.761699 0
58 3
0.164273 0.821269 0
0.167302 0.851571 0
0.122547 0.851457 0
59 3
0.164273 0.821269 0
0.122547 0.851457 0
0.125577 0.821269 0
60 3
0.164273 0.821269 0
0.125577 0.821269 0
0.145838 0.759818 0
61 3
0.125577 0.821269 0
0.118647 0.761212 0
0.145838 0.759818 0
62 3
0.086055 0.761024 0
0.125577 0.821269 0
0.122547 0.851457 0
63 3
0.164273 0.821269 0
0.145838 0.759818 0
0.173029 0.761212 0
64 3
0.164273 0.821269 0
0.173029 0.761212 0
0.205621 0.761699 0
65 3
0.086055 0.761024 0
0.118647 0.761212 0
0.125577 0.821269 0
66 3
0.073036 0.830977 0
0.086055 0.761024 0
0.122547 0.851457 0
67 3
0.031570 0.565178 0
0.094040 0.615153 0
0.060832 0.761099 0
68 3
0.230843 0.761099 0
0.197434 0.615153 0
0.260106 0.565178 0
69 3
0.205621 0.761699 0
0.197434 0.615153 0
0.230843 0.761099 0
70 3
0.086055 0.761024 0
0.073036 0.830977 0
0.060832 0.761099 0
71 3
0.086055 0.761024 0
0.060832 0.761099 0
0.094040 0.615153 0
72 3
0.205621 0.761699 0
0.230843 0.761099 0
0.218620 0.830977 0
73 3
0.029686 0.444094 0
0.038223 0.409731 0
0.066428 0.406846 0
74 3
0.031223 0.349488 0
0.038223 0.409731 0
0.029686 0.444094 0
75 3
0.066428 0.406846 0
0.038223 0.409731 0
0.031223 0.349488 0
76 3
0.229045 0.406609 0
0.256448 0.409494 0
0.265788 0.443857 0
77 3
0.257610 0.349488 0
0.256448 0.409494 0
0.229045 0.406609 0
78 3
0.265788 0.443857 0
0.256448 0.409494 0
0.257610 0.349488 0
79 3
0.448173 0.852320 0
0.319085 0.911201 0
0.322508 0.972612 0
80 3
0.448173 0.852320 0
0.322508 0.972612 0
0.319085 0.911201 0
81 3
0.415128 0.091316 0
0.356651 0.105847 0
0.332900 0.220363 0
82 3
0.332900 0.220363 0
0.356651 0.105847 0
0.415128 0.091316 0
83 3
0.404766 0.207701 0
0.403161 0.340125 0
0.548204 0.297739 0
84 3
0.548204 0.297739 0
0.544535 0.182619 0
0.404766 0.207701 0
85 3
0.548204 0.297739 0
0.403161 0.340125 0
0.404766 0.207701 0
86 3
0.404766 0.207701 0
0.544535 0.182619 0
0.548204 0.297739 0
87 3
0.413630 0.552531 0
0.502968 0.482192 0
0.403161 0.340125 0
88 3
0.403161 0.340125 0
0.377047 0.449497 0
0.413630 0.552531 0
89 3
0.403161 0.340125 0
0.502968 0.482192 0
0.413630 0.552531 0
90 3
0.413630 0.552531 0
0.377047 0.449497 0
0.403161 0.340125 0
91 3
0.523428 0.774429 0
0.497998 0.986585 0
0.627370 0.985634 0
92 3
0.627370 0.985634 0
0.626339 0.774071 0
0.523428 0.774429 0
93 3
0.627370 0.985634 0
0.497998 0.986585 0
0.523428 0.774429 0
94 3
0.523428 0.774429 0
0.626339 0.774071 0
0.627370 0.985634 0
95 3
0.542281 0.683862 0
0.491760 0.783246 0
0.523428 0.774429 0
96 3
0.542281 0.683862 0
0.523428 0.774429 0
0.638654 0.682855 0
97 3
0.542281 0.683862 0
0.638654 0.682855 0
0.523428 0.774429 0
98 3
0.542281 0.683862 0
0.523428 0.774429 0
0.491760 0.783246 0
99 3
0.319085 0.911201 0
0.448173 0.852320 0
0.320401 0.829058 0
100 3
0.321681 0.769680 0
0.320401 0.829058 0
0.448173 0.852320 0
101 3
0.321681 0.769680 0
0.448173 0.852320 0
0.320401 0.829058 0
102 3
0.319085 0.911201 0
0.320401 0.829058 0
0.448173 0.852320 0
103 3
0.615368 0.984916 0
0.627370 0.985634 0
0.491960 0.987288 0
104 3
0.491960 0.987288 0
0.627370 0.985634 0
0.497998 0.986585 0
105 3
0.491960 0.987288 0
0.497998 0.986585 0
0.439659 0.989104 0
106 3
0.615368 0.984916 0
0.731760 0.984848 0
0.627370 0.985634 0
107 3
0.145772 0.100017 0
0.087092 0.081336 0
0.145774 0.018823 0
108 3
0.145423 0.220324 0
0.087092 0.081336 0
0.145772 0.100017 0
109 3
0.491760 0.783246 0
0.542281 0.683862 0
0.496698 0.700789 0
110 3
0.912473 0.989496 0
0.942092 0.981338 0
0.913517 0.978324 0
111 3
0.912473 0.989496 0
0.933745 0.985782 0
0.942092 0.981338 0
112 3
0.523428 0.774429 0
0.626339 0.774071 0
0.638654 0.682855 0
113 3
0.626339 0.774071 0
0.744972 0.683190 0
0.638654 0.682855 0
114 3
0.626339 0.774071 0
0.732715 0.770930 0
0.744972 0.683190 0
115 3
0.752908 0.170628 0
0.753502 0.077319 0
0.634451 0.077741 0
116 3
0.645824 0.174792 0
0.752908 0.170628 0
0.634451 0.077741 0
117 3
0.645824 0.174792 0
0.634451 0.077741 0
0.537942 0.079545 0
118 3
0.544535 0.182619 0
0.645824 0.174792 0
0.537942 0.079545 0
119 3
0.544535 0.182619 0
0.537942 0.079545 0
0.415128 0.091316 0
120 3
0.404766 0.207701 0
0.544535 0.182619 0
0.415128 0.091316 0
121 3
0.548204 0.297739 0
0.653384 0.424704 0
0.653037 0.279912 0
122 3
0.528472 0.426076 0
0.568772 0.418846 0
0.548204 0.297739 0
123 3
0.528472 0.426076 0
0.548204 0.297739 0
0.403161 0.340125 0
124 3
0.649845 0.592230 0
0.751154 0.591478 0
0.758032 0.417349 0
125 3
0.649845 0.592230 0
0.758032 0.417349 0
0.653384 0.424704 0
126 3
0.591655 0.603188 0
0.649845 0.592230 0
0.653384 0.424704 0
127 3
0.591655 0.603188 0
0.653384 0.424704 0
0.592266 0.467658 0
128 3
0.638654 0.682855 0
0.744972 0.683190 0
0.751154 0.591478 0
129 3
0.638654 0.682855 0
0.751154 0.591478 0
0.649845 0.592230 0
130 3
0.439659 0.989104 0
0.497998 0.986585 0
0.422560 0.966259 0
131 3
0.422560 0.966259 0
0.497998 0.986585 0
0.480486 0.877180 0
132 3
0.933745 0.985782 0
0.912473 0.989496 0
0.914917 0.959853 0
133 3
0.403161 0.340125 0
0.502968 0.482192 0
0.528472 0.426076 0
134 3
0.911474 0.850493 0
0.910682 0.811192 0
0.935916 0.822838 0
135 3
0.935916 0.822838 0
0.910682 0.811192 0
0.936935 0.822432 0
136 3
0.945264 0.840009 0
0.936935 0.822432 0
0.910682 0.811192 0
137 3
0.913029 0.842056 0
0.945264 0.840009 0
0.910682 0.811192 0
138 3
0.941697 0.921388 0
0.945264 0.840009 0
0.913029 0.842056 0
139 3
0.941697 0.921388 0
0.913029 0.842056 0
0.913047 0.920803 0
140 3
0.942092 0.981338 0
0.941697 0.921388 0
0.913047 0.920803 0
141 3
0.942092 0.981338 0
0.913047 0.920803 0
0.913517 0.978324 0
142 3
0.537942 0.079545 0
0.537229 0.008604 0
0.465784 0.008874 0
143 3
0.415128 0.091316 0
0.537942 0.079545 0
0.465784 0.008874 0
144 3
0.985442 0.635523 0
0.985510 0.547464 0
0.915459 0.614438 0
145 3
0.653384 0.424704 0
0.758032 0.417349 0
0.757578 0.280283 0
146 3
0.653384 0.424704 0
0.757578 0.280283 0
0.653037 0.279912 0
147 3
0.757578 0.280283 0
0.752908 0.170628 0
0.645824 0.174792 0
148 3
0.757578 0.280283 0
0.645824 0.174792 0
0.653037 0.279912 0
149 3
0.753502 0.077319 0
0.754284 0.007502 0
0.634470 0.007736 0
150 3
0.753502 0.077319 0
0.634470 0.007736 0
0.634451 0.077741 0
151 3
0.987462 0.453248 0
0.916133 0.451593 0
0.915459 0.614438 0
152 3
0.480486 0.877180 0
0.491760 0.783246 0
0.448173 0.852320 0
153 3
0.480486 0.877180 0
0.523428 0.774429 0
0.491760 0.783246 0
154 3
0.985510 0.547464 0
0.987462 0.453248 0
0.915459 0.614438 0
155 3
0.988457 0.771534 0
0.985442 0.635523 0
0.915459 0.614438 0
156 3
0.915389 0.773143 0
0.988457 0.771534 0
0.915459 0.614438 0
157 3
0.145423 0.220324 0
0.058794 0.210259 0
0.087092 0.081336 0
158 3
0.480486 0.877180 0
0.497998 0.986585 0
0.523428 0.774429 0
159 3
0.548204 0.297739 0
0.653037 0.279912 0
0.645824 0.174792 0
160 3
0.548204 0.297739 0
0.645824 0.174792 0
0.544535 0.182619 0
161 3
0.414678 0.009998 0
0.415128 0.091316 0
0.465784 0.008874 0
162 3
0.363272 0.009367 0
0.356651 0.105847 0
0.414678 0.009998 0
163 3
0.415128 0.091316 0
0.414678 0.009998 0
0.356651 0.105847 0
164 3
0.537942 0.079545 0
0.634451 0.077741 0
0.634470 0.007736 0
165 3
0.537942 0.079545 0
0.634470 0.007736 0
0.537229 0.008604 0
166 3
0.413630 0.552531 0
0.448173 0.852320 0
0.491760 0.783246 0
167 3
0.413630 0.552531 0
0.496698 0.700789 0
0.493061 0.646857 0
168 3
0.496698 0.700789 0
0.413630 0.552531 0
0.491760 0.783246 0
169 3
0.413630 0.552531 0
0.493061 0.646857 0
0.502968 0.482192 0
170 3
0.101531 0.442500 0
0.117635 0.346083 0
0.131709 0.400286 0
171 3
0.066428 0.406846 0
0.077503 0.331545 0
0.117635 0.346083 0
172 3
0.101531 0.442500 0
0.066428 0.406846 0
0.117635 0.346083 0
173 3
0.029686 0.444094 0
0.011168 0.437435 0
0.031223 0.349488 0
174 3
0.077503 0.331545 0
0.066428 0.406846 0
0.031223 0.349488 0
175 3
0.125524 0.603167 0
0.094040 0.615153 0
0.125785 0.560554 0
176 3
0.126833 0.628990 0
0.094040 0.615153 0
0.125524 0.603167 0
177 3
0.332482 0.352115 0
0.403161 0.340125 0
0.332900 0.220363 0
178 3
0.332482 0.352115 0
0.377047 0.449497 0
0.403161 0.340125 0
179 3
0.117635 0.346083 0
0.077503 0.331545 0
0.058794 0.210259 0
180 3
0.117635 0.346083 0
0.058794 0.210259 0
0.145423 0.220324 0
181 3
0.132414 0.435588 0
0.101531 0.442500 0
0.131709 0.400286 0
182 3
0.077503 0.331545 0
0.031223 0.349488 0
0.058794 0.210259 0
183 3
0.413630 0.552531 0
0.377047 0.449497 0
0.344345 0.569984 0
184 3
0.011168 0.437435 0
0.029686 0.444094 0
0.031570 0.565178 0
185 3
0.029686 0.444094 0
0.066052 0.472684 0
0.031570 0.565178 0
186 3
0.066052 0.472684 0
0.066428 0.406846 0
0.101531 0.442500 0
187 3
0.029686 0.444094 0
0.066428 0.406846 0
0.066052 0.472684 0
188 3
0.066052 0.472684 0
0.101531 0.442500 0
0.095058 0.564829 0
189 3
0.066052 0.472684 0
0.095058 0.564829 0
0.031570 0.565178 0
190 3
0.031570 0.565178 0
0.095058 0.564829 0
0.094040 0.615153 0
191 3
0.130220 0.487415 0
0.095058 0.564829 0
0.132414 0.435588 0
192 3
0.095058 0.564829 0
0.125785 0.560554 0
0.094040 0.615153 0
193 3
0.130220 0.487415 0
0.125785 0.560554 0
0.095058 0.564829 0
194 3
0.095058 0.564829 0
0.101531 0.442500 0
0.132414 0.435588 0
195 3
0.813414 0.986372 0
0.884439 0.986574 0
0.751400 0.986574 0
196 3
0.615368 0.984916 0
0.491960 0.987288 0
0.627370 0.985634 0
197 3
0.491960 0.987288 0
0.497998 0.986585 0
0.627370 0.985634 0
198 3
0.491960 0.987288 0
0.439659 0.989104 0
0.497998 0.986585 0
199 3
0.439659 0.989104 0
0.422560 0.966259 0
0.422560 0.966259 0
200 3
0.439659 0.989104 0
0.422560 0.966259 0
0.439659 0.989104 0
201 3
0.491960 0.987288 0
0.439659 0.989104 0
0.439659 0.989104 0
202 3
0.884358 0.169150 0
0.767899 0.074784 0
0.751480 0.169150 0
203 3
0.884358 0.169150 0
0.858930 0.074784 0
0.767899 0.074784 0
204 3
0.955326 0.451593 0
0.915459 0.614438 0
0.916133 0.451593 0
205 3
0.858930 0.074784 0
0.834361 0.007079 0
0.792468 0.007079 0
206 3
0.858930 0.074784 0
0.792468 0.007079 0
0.767899 0.074784 0
207 3
0.883792 0.278676 0
0.751480 0.169150 0
0.752046 0.278676 0
208 3
0.883792 0.278676 0
0.884358 0.169150 0
0.751480 0.169150 0
209 3
0.884568 0.418768 0
0.752046 0.278676 0
0.751270 0.418768 0
210 3
0.884568 0.418768 0
0.883792 0.278676 0
0.752046 0.278676 0
211 3
0.884405 0.594045 0
0.751270 0.418768 0
0.751433 0.594045 0
212 3
0.884405 0.594045 0
0.884568 0.418768 0
0.751270 0.418768 0
213 3
0.884056 0.682795 0
0.751433 0.594045 0
0.751782 0.682795 0
214 3
0.884056 0.682795 0
0.884405 0.594045 0
0.751433 0.594045 0
215 3
0.884032 0.769586 0
0.751782 0.682795 0
0.751806 0.769586 0
216 3
0.884032 0.769586 0
0.884056 0.682795 0
0.751782 0.682795 0
217 3
0.884439 0.986574 0
0.751806 0.769586 0
0.751400 0.986574 0
218 3
0.884439 0.986574 0
0.884032 0.769586 0
0.751806 0.769586 0
219 3
0.615368 0.984916 0
0.627370 0.985634 0
0.731760 0.984848 0
220 3
0.145772 0.100017 0
0.145774 0.018823 0
0.201195 0.081336 0
221 3
0.145423 0.220324 0
0.145772 0.100017 0
0.201195 0.081336 0
222 3
0.125524 0.603167 0
0.164873 0.560554 0
0.165134 0.603167 0
223 3
0.125524 0.603167 0
0.125785 0.560554 0
0.164873 0.560554 0
224 3
0.126833 0.628990 0
0.165134 0.603167 0
0.163825 0.628990 0
225 3
0.125524 0.603167 0
0.165134 0.603167 0
0.126833 0.628990 0
226 3
0.117635 0.346083 0
0.145423 0.220324 0
0.177958 0.346083 0
227 3
0.131709 0.400286 0
0.177958 0.346083 0
0.159726 0.400286 0
228 3
0.131709 0.400286 0
0.117635 0.346083 0
0.177958 0.346083 0
229 3
0.132414 0.435588 0
0.159726 0.400286 0
0.159021 0.435588 0
230 3
0.131709 0.400286 0
0.159726 0.400286 0
0.132414 0.435588 0
231 3
0.157297 0.487415 0
0.164873 0.560554 0
0.125785 0.560554 0
232 3
0.130220 0.487415 0
0.157297 0.487415 0
0.125785 0.560554 0
233 3
0.159021 0.435588 0
0.157297 0.487415 0
0.130220 0.487415 0
234 3
0.132414 0.435588 0
0.159021 0.435588 0
0.130220 0.487415 0
235 3
0.491760 0.783246 0
0.496698 0.700789 0
0.542281 0.683862 0
236 3
0.990171 0.989496 0
0.989127 0.978324 0
0.960552 0.981338 0
237 3
0.990171 0.989496 0
0.960552 0.981338 0
0.968900 0.985782 0
238 3
0.523428 0.774429 0
0.638654 0.682855 0
0.626339 0.774071 0
239 3
0.626339 0.774071 0
0.638654 0.682855 0
0.744972 0.683190 0
240 3
0.626339 0.774071 0
0.744972 0.683190 0
0.732715 0.770930 0
241 3
0.752908 0.170628 0
0.634451 0.077741 0
0.753502 0.077319 0
242 3
0.645824 0.174792 0
0.634451 0.077741 0
0.752908 0.170628 0
243 3
0.645824 0.174792 0
0.537942 0.079545 0
0.634451 0.077741 0
244 3
0.544535 0.182619 0
0.537942 0.079545 0
0.645824 0.174792 0
245 3
0.544535 0.182619 0
0.415128 0.091316 0
0.537942 0.079545 0
246 3
0.404766 0.207701 0
0.415128 0.091316 0
0.544535 0.182619 0
247 3
0.548204 0.297739 0
0.653384 0.424704 0
0.568772 0.418846 0
248 3
0.528472 0.426076 0
0.548204 0.297739 0
0.568772 0.418846 0
249 3
0.528472 0.426076 0
0.403161 0.340125 0
0.548204 0.297739 0
250 3
0.649845 0.592230 0
0.758032 0.417349 0
0.751154 0.591478 0
251 3
0.649845 0.592230 0
0.653384 0.424704 0
0.758032 0.417349 0
252 3
0.591655 0.603188 0
0.653384 0.424704 0
0.649845 0.592230 0
253 3
0.591655 0.603188 0
0.592266 0.467658 0
0.653384 0.424704 0
254 3
0.638654 0.682855 0
0.751154 0.591478 0
0.744972 0.683190 0
255 3
0.638654 0.682855 0
0.649845 0.592230 0
0.751154 0.591478 0
256 3
0.439659 0.989104 0
0.422560 0.966259 0
0.497998 0.986585 0
257 3
0.422560 0.966259 0
0.480486 0.877180 0
0.497998 0.986585 0
258 3
0.968900 0.985782 0
0.989820 0.959853 0
0.990171 0.989496 0
259 3
0.403161 0.340125 0
0.528472 0.426076 0
0.502968 0.482192 0
260 3
0.991963 0.811192 0
0.993263 0.850493 0
0.966729 0.822838 0
261 3
0.966729 0.822838 0
0.965709 0.822432 0
0.991963 0.811192 0
262 3
0.961564 0.840009 0
0.991963 0.811192 0
0.965709 0.822432 0
263 3
0.993799 0.842056 0
0.991963 0.811192 0
0.961564 0.840009 0
264 3
0.960948 0.921388 0
0.993799 0.842056 0
0.961564 0.840009 0
265 3
0.960948 0.921388 0
0.989598 0.920803 0
0.993799 0.842056 0
266 3
0.960552 0.981338 0
0.989598 0.920803 0
0.960948 0.921388 0
267 3
0.960552 0.981338 0
0.989127 0.978324 0
0.989598 0.920803 0
268 3
0.537942 0.079545 0
0.465784 0.008874 0
0.537229 0.008604 0
269 3
0.415128 0.091316 0
0.465784 0.008874 0
0.537942 0.079545 0
270 3
0.987367 0.653301 0
0.915459 0.614438 0
0.985047 0.567464 0
271 3
0.653384 0.424704 0
0.757578 0.280283 0
0.758032 0.417349 0
272 3
0.653384 0.424704 0
0.653037 0.279912 0
0.757578 0.280283 0
273 3
0.757578 0.280283 0
0.645824 0.174792 0
0.752908 0.170628 0
274 3
0.757578 0.280283 0
0.653037 0.279912 0
0.645824 0.174792 0
275 3
0.753502 0.077319 0
0.634470 0.007736 0
0.754284 0.007502 0
276 3
0.753502 0.077319 0
0.634451 0.077741 0
0.634470 0.007736 0
277 3
0.990379 0.504359 0
0.915459 0.614438 0
0.955326 0.451593 0
278 3
0.480486 0.877180 0
0.448173 0.852320 0
0.491760 0.783246 0
279 3
0.480486 0.877180 0
0.491760 0.783246 0
0.523428 0.774429 0
280 3
0.985047 0.567464 0
0.915459 0.614438 0
0.990379 0.504359 0
281 3
0.975343 0.753756 0
0.915459 0.614438 0
0.987367 0.653301 0
282 3
0.915389 0.773143 0
0.915459 0.614438 0
0.975343 0.753756 0
283 3
0.145423 0.220324 0
0.201195 0.081336 0
0.232053 0.210259 0
284 3
0.480486 0.877180 0
0.523428 0.774429 0
0.497998 0.986585 0
285 3
0.548204 0.297739 0
0.645824 0.174792 0
0.653037 0.279912 0
286 3
0.548204 0.297739 0
0.544535 0.182619 0
0.645824 0.174792 0
287 3
0.414678 0.009998 0
0.465784 0.008874 0
0.415128 0.091316 0
288 3
0.363272 0.009367 0
0.414678 0.009998 0
0.356651 0.105847 0
289 3
0.415128 0.091316 0
0.356651 0.105847 0
0.414678 0.009998 0
290 3
0.537942 0.079545 0
0.634470 0.007736 0
0.634451 0.077741 0
291 3
0.537942 0.079545 0
0.537229 0.008604 0
0.634470 0.007736 0
292 3
0.413630 0.552531 0
0.491760 0.783246 0
0.448173 0.852320 0
293 3
0.413630 0.552531 0
0.493061 0.646857 0
0.496698 0.700789 0
294 3
0.496698 0.700789 0
0.491760 0.783246 0
0.413630 0.552531 0
295 3
0.413630 0.552531 0
0.502968 0.482192 0
0.493061 0.646857 0
296 3
0.189904 0.442263 0
0.159726 0.400286 0
0.177958 0.346083 0
297 3
0.229045 0.406609 0
0.177958 0.346083 0
0.218091 0.331545 0
298 3
0.189904 0.442263 0
0.177958 0.346083 0
0.229045 0.406609 0
299 3
0.265788 0.443857 0
0.257610 0.349488 0
0.280507 0.437435 0
300 3
0.218091 0.331545 0
0.257610 0.349488 0
0.229045 0.406609 0
301 3
0.165134 0.603167 0
0.164873 0.560554 0
0.197434 0.615153 0
302 3
0.163825 0.628990 0
0.165134 0.603167 0
0.197434 0.615153 0
303 3
0.332482 0.352115 0
0.332900 0.220363 0
0.403161 0.340125 0
304 3
0.332482 0.352115 0
0.403161 0.340125 0
0.377047 0.449497 0
305 3
0.177958 0.346083 0
0.232053 0.210259 0
0.218091 0.331545 0
306 3
0.177958 0.346083 0
0.145423 0.220324 0
0.232053 0.210259 0
307 3
0.159021 0.435588 0
0.159726 0.400286 0
0.189904 0.442263 0
308 3
0.218091 0.331545 0
0.232053 0.210259 0
0.257610 0.349488 0
309 3
0.413630 0.552531 0
0.344345 0.569984 0
0.377047 0.449497 0
310 3
0.280507 0.437435 0
0.260106 0.565178 0
0.265788 0.443857 0
311 3
0.265788 0.443857 0
0.260106 0.565178 0
0.229421 0.472447 0
312 3
0.229421 0.472447 0
0.189904 0.442263 0
0.229045 0.406609 0
313 3
0.229421 0.472447 0
0.229045 0.406609 0
0.265788 0.443857 0
314 3
0.229421 0.472447 0
0.196195 0.564829 0
0.189904 0.442263 0
315 3
0.229421 0.472447 0
0.260106 0.565178 0
0.196195 0.564829 0
316 3
0.260106 0.565178 0
0.197434 0.615153 0
0.196195 0.564829 0
317 3
0.157297 0.487415 0
0.159021 0.435588 0
0.196195 0.564829 0
318 3
0.196195 0.564829 0
0.197434 0.615153 0
0.164873 0.560554 0
319 3
0.157297 0.487415 0
0.196195 0.564829 0
0.164873 0.560554 0
320 3
0.196195 0.564829 0
0.159021 0.435588 0
0.189904 0.442263 0
4
0.000000 -90.000000 0.000000
0.000000 180.000000 0.000000
0.000000 0.000000 0.000000
13.843877 26.687754 16.964336
4
0.000000 0.000000 0.000000
0.000000 0.000000 0.000000
0.000000 0.000000 0.000000
11.586501 21.499014 16.542757
4
0.000000 0.000000 0.000000
0.000000 0.000000 0.000000
0.000000 0.000000 0.000000
17.435410 6.003767 11.719588
4
-90.000000 0.000000 0.000000
0.000000 0.000000 0.000000
0.000000 0.000000 0.000000
6.026826 3.513413 8.996359
4
0.000000 0.000000 0.000000
0.000000 0.000000 0.000000
0.000000 0.000000 0.000000
5.587554 25.961905 15.774730
