1
5
C:\MIDWAY\NBAonNBC\HEADS\Minnesota_Timberwolves\LWO\hd_smarb.TGA
C:\MIDWAY\NBAonNBC\HEADS\Minnesota_Timberwolves\LWO\hd_smarb.TGA
C:\MIDWAY\NBAonNBC\HEADS\Minnesota_Timberwolves\LWO\hd_smarb.TGA
C:\MIDWAY\NBAonNBC\HEADS\Minnesota_Timberwolves\LWO\hd_smarb.TGA
C:\MIDWAY\NBAonNBC\HEADS\Minnesota_Timberwolves\LWO\hd_smarb.TGA
321
0 3
0.437577 0.545929 0
0.344267 0.570185 0
0.339579 0.780410 0
1 3
0.456708 0.854409 0
0.437577 0.545929 0
0.339579 0.780410 0
2 3
0.456708 0.854409 0
0.339579 0.780410 0
0.337815 0.867899 0
3 3
0.339579 0.780410 0
0.344267 0.570185 0
0.437577 0.545929 0
4 3
0.456708 0.854409 0
0.337815 0.867899 0
0.339579 0.780410 0
5 3
0.456708 0.854409 0
0.339579 0.780410 0
0.437577 0.545929 0
6 3
0.045034 0.204553 0
0.073531 0.022041 0
0.143364 0.046414 0
7 3
0.240913 0.204553 0
0.142973 0.217512 0
0.143364 0.046414 0
8 3
0.240913 0.204553 0
0.143364 0.046414 0
0.209320 0.022041 0
9 3
0.045034 0.204553 0
0.143364 0.046414 0
0.142973 0.217512 0
10 3
0.121631 0.945164 0
0.084887 0.933262 0
0.066858 0.873061 0
11 3
0.220005 0.873061 0
0.206165 0.935484 0
0.169420 0.947386 0
12 3
0.121300 0.862226 0
0.121631 0.945164 0
0.066858 0.873061 0
13 3
0.165584 0.862336 0
0.220005 0.873061 0
0.169420 0.947386 0
14 3
0.517121 0.680062 0
0.515004 0.771029 0
0.545317 0.756924 0
15 3
0.517121 0.680062 0
0.545317 0.756924 0
0.546988 0.677786 0
16 3
0.517121 0.680062 0
0.546988 0.677786 0
0.545317 0.756924 0
17 3
0.517121 0.680062 0
0.545317 0.756924 0
0.515004 0.771029 0
18 3
0.078558 0.777181 0
0.093074 0.635879 0
0.123205 0.703435 0
19 3
0.123205 0.703435 0
0.119609 0.765539 0
0.078558 0.777181 0
20 3
0.163461 0.703435 0
0.197845 0.635879 0
0.208326 0.777892 0
21 3
0.208326 0.777892 0
0.167275 0.765504 0
0.163461 0.703435 0
22 3
0.119609 0.765539 0
0.123205 0.703435 0
0.163461 0.703435 0
23 3
0.119609 0.765539 0
0.163461 0.703435 0
0.167275 0.765504 0
24 3
0.123205 0.703435 0
0.123450 0.652770 0
0.163022 0.652770 0
25 3
0.163022 0.652770 0
0.163461 0.703435 0
0.123205 0.703435 0
26 3
0.197845 0.635879 0
0.163461 0.703435 0
0.163022 0.652770 0
27 3
0.123450 0.652770 0
0.123205 0.703435 0
0.093074 0.635879 0
28 3
0.121300 0.862226 0
0.165584 0.862336 0
0.169420 0.947386 0
29 3
0.121300 0.862226 0
0.169420 0.947386 0
0.121631 0.945164 0
30 3
0.342309 0.977854 0
0.456708 0.854409 0
0.498982 0.880792 0
31 3
0.342309 0.977854 0
0.434712 0.957650 0
0.498982 0.880792 0
32 3
0.342309 0.977854 0
0.498982 0.880792 0
0.434712 0.957650 0
33 3
0.342309 0.977854 0
0.498982 0.880792 0
0.456708 0.854409 0
34 3
0.434712 0.957650 0
0.434712 0.957650 0
0.342309 0.977854 0
35 3
0.434712 0.957650 0
0.342309 0.977854 0
0.342309 0.977854 0
36 3
0.107610 0.980202 0
0.121631 0.945164 0
0.169420 0.947386 0
37 3
0.107610 0.980202 0
0.169420 0.947386 0
0.180029 0.973535 0
38 3
0.084887 0.933262 0
0.121631 0.945164 0
0.107610 0.980202 0
39 3
0.206165 0.935484 0
0.180029 0.973535 0
0.169420 0.947386 0
40 3
0.565718 0.308719 0
0.579740 0.423939 0
0.681671 0.386187 0
41 3
0.565718 0.308719 0
0.680895 0.283825 0
0.681671 0.386187 0
42 3
0.579740 0.423939 0
0.594510 0.472397 0
0.681671 0.386187 0
43 3
0.681671 0.386187 0
0.594510 0.472397 0
0.579740 0.423939 0
44 3
0.676466 0.989740 0
0.772896 0.989884 0
0.774153 0.725870 0
45 3
0.676466 0.989740 0
0.676905 0.730708 0
0.774153 0.725870 0
46 3
0.676466 0.989740 0
0.774153 0.725870 0
0.676905 0.730708 0
47 3
0.676466 0.989740 0
0.774153 0.725870 0
0.772896 0.989884 0
48 3
0.342373 0.206140 0
0.437979 0.345816 0
0.437542 0.187485 0
49 3
0.342373 0.206140 0
0.437542 0.187485 0
0.442999 0.056092 0
50 3
0.342373 0.206140 0
0.442999 0.056092 0
0.437542 0.187485 0
51 3
0.342373 0.206140 0
0.437542 0.187485 0
0.437979 0.345816 0
52 3
0.563029 0.427609 0
0.517186 0.545366 0
0.527473 0.662104 0
53 3
0.563029 0.427609 0
0.546944 0.651400 0
0.527473 0.662104 0
54 3
0.563029 0.427609 0
0.527473 0.662104 0
0.546944 0.651400 0
55 3
0.563029 0.427609 0
0.527473 0.662104 0
0.517186 0.545366 0
56 3
0.563029 0.427609 0
0.535287 0.445392 0
0.517186 0.545366 0
57 3
0.517186 0.545366 0
0.535287 0.445392 0
0.563029 0.427609 0
58 3
0.595811 0.586259 0
0.546988 0.677786 0
0.678553 0.627304 0
59 3
0.678553 0.627304 0
0.678726 0.514956 0
0.595811 0.586259 0
60 3
0.678553 0.627304 0
0.546988 0.677786 0
0.595811 0.586259 0
61 3
0.595811 0.586259 0
0.678726 0.514956 0
0.678553 0.627304 0
62 3
0.165584 0.862336 0
0.162493 0.831405 0
0.208326 0.777892 0
63 3
0.220005 0.873061 0
0.165584 0.862336 0
0.208326 0.777892 0
64 3
0.162493 0.831405 0
0.165584 0.862336 0
0.121300 0.862226 0
65 3
0.162493 0.831405 0
0.121300 0.862226 0
0.124393 0.831398 0
66 3
0.162493 0.831405 0
0.124393 0.831398 0
0.143442 0.764772 0
67 3
0.124393 0.831398 0
0.119578 0.766101 0
0.143442 0.764772 0
68 3
0.078558 0.777181 0
0.124393 0.831398 0
0.121300 0.862226 0
69 3
0.162493 0.831405 0
0.143442 0.764772 0
0.167306 0.766105 0
70 3
0.162493 0.831405 0
0.167306 0.766105 0
0.208326 0.777892 0
71 3
0.078558 0.777181 0
0.119578 0.766101 0
0.124393 0.831398 0
72 3
0.066858 0.873061 0
0.078558 0.777181 0
0.121300 0.862226 0
73 3
0.023238 0.566900 0
0.093074 0.635879 0
0.054020 0.774778 0
74 3
0.232864 0.774778 0
0.197845 0.635879 0
0.263647 0.566900 0
75 3
0.208326 0.777892 0
0.197845 0.635879 0
0.232864 0.774778 0
76 3
0.078558 0.777181 0
0.066858 0.873061 0
0.054020 0.774778 0
77 3
0.078558 0.777181 0
0.054020 0.774778 0
0.093074 0.635879 0
78 3
0.208326 0.777892 0
0.232864 0.774778 0
0.220005 0.873061 0
79 3
0.029751 0.456075 0
0.038732 0.424386 0
0.068403 0.422554 0
80 3
0.023796 0.361452 0
0.038732 0.424386 0
0.029751 0.456075 0
81 3
0.068403 0.422554 0
0.038732 0.424386 0
0.023796 0.361452 0
82 3
0.218481 0.422554 0
0.247308 0.424386 0
0.257133 0.456075 0
83 3
0.259910 0.361452 0
0.247308 0.424386 0
0.218481 0.422554 0
84 3
0.257133 0.456075 0
0.247308 0.424386 0
0.259910 0.361452 0
85 3
0.456708 0.854409 0
0.339843 0.930134 0
0.342309 0.977854 0
86 3
0.456708 0.854409 0
0.342309 0.977854 0
0.339843 0.930134 0
87 3
0.442999 0.056092 0
0.383094 0.056594 0
0.342373 0.206140 0
88 3
0.342373 0.206140 0
0.383094 0.056594 0
0.442999 0.056092 0
89 3
0.437542 0.187485 0
0.437979 0.345816 0
0.565718 0.308719 0
90 3
0.565718 0.308719 0
0.563540 0.160170 0
0.437542 0.187485 0
91 3
0.565718 0.308719 0
0.437979 0.345816 0
0.437542 0.187485 0
92 3
0.437542 0.187485 0
0.563540 0.160170 0
0.565718 0.308719 0
93 3
0.437577 0.545929 0
0.535287 0.445392 0
0.437979 0.345816 0
94 3
0.437979 0.345816 0
0.390488 0.456254 0
0.437577 0.545929 0
95 3
0.437979 0.345816 0
0.535287 0.445392 0
0.437577 0.545929 0
96 3
0.437577 0.545929 0
0.390488 0.456254 0
0.437979 0.345816 0
97 3
0.545317 0.756924 0
0.515440 0.990581 0
0.676466 0.989740 0
98 3
0.676466 0.989740 0
0.676905 0.730708 0
0.545317 0.756924 0
99 3
0.676466 0.989740 0
0.515440 0.990581 0
0.545317 0.756924 0
100 3
0.545317 0.756924 0
0.676905 0.730708 0
0.676466 0.989740 0
101 3
0.563029 0.427609 0
0.546944 0.651400 0
0.578926 0.582667 0
102 3
0.578926 0.582667 0
0.588041 0.479208 0
0.563029 0.427609 0
103 3
0.563029 0.427609 0
0.588041 0.479208 0
0.578926 0.582667 0
104 3
0.563029 0.427609 0
0.578926 0.582667 0
0.546944 0.651400 0
105 3
0.546988 0.677786 0
0.545317 0.756924 0
0.678553 0.627304 0
106 3
0.546988 0.677786 0
0.678553 0.627304 0
0.545317 0.756924 0
107 3
0.339843 0.930134 0
0.456708 0.854409 0
0.337815 0.867899 0
108 3
0.339843 0.930134 0
0.337815 0.867899 0
0.456708 0.854409 0
109 3
0.679025 0.988702 0
0.676466 0.989740 0
0.515717 0.990638 0
110 3
0.515717 0.990638 0
0.676466 0.989740 0
0.515440 0.990581 0
111 3
0.515717 0.990638 0
0.515440 0.990581 0
0.445481 0.990777 0
112 3
0.679025 0.988702 0
0.772896 0.989884 0
0.676466 0.989740 0
113 3
0.143364 0.046414 0
0.073531 0.022041 0
0.143364 0.032195 0
114 3
0.915241 0.988490 0
0.937160 0.983191 0
0.914727 0.979817 0
115 3
0.915241 0.988490 0
0.933571 0.985034 0
0.937160 0.983191 0
116 3
0.545317 0.756924 0
0.676905 0.730708 0
0.678553 0.627304 0
117 3
0.676905 0.730708 0
0.773880 0.614864 0
0.678553 0.627304 0
118 3
0.676905 0.730708 0
0.774153 0.725870 0
0.773880 0.614864 0
119 3
0.777964 0.138531 0
0.777980 0.055331 0
0.679228 0.057288 0
120 3
0.680917 0.146877 0
0.777964 0.138531 0
0.679228 0.057288 0
121 3
0.680917 0.146877 0
0.679228 0.057288 0
0.562854 0.056701 0
122 3
0.563540 0.160170 0
0.680917 0.146877 0
0.562854 0.056701 0
123 3
0.563540 0.160170 0
0.562854 0.056701 0
0.442999 0.056092 0
124 3
0.437542 0.187485 0
0.563540 0.160170 0
0.442999 0.056092 0
125 3
0.565718 0.308719 0
0.681671 0.386187 0
0.680895 0.283825 0
126 3
0.552633 0.420147 0
0.579740 0.423939 0
0.565718 0.308719 0
127 3
0.552633 0.420147 0
0.565718 0.308719 0
0.437979 0.345816 0
128 3
0.678726 0.514956 0
0.774844 0.494815 0
0.777066 0.367366 0
129 3
0.678726 0.514956 0
0.777066 0.367366 0
0.681671 0.386187 0
130 3
0.595811 0.586259 0
0.678726 0.514956 0
0.681671 0.386187 0
131 3
0.595811 0.586259 0
0.681671 0.386187 0
0.594510 0.472397 0
132 3
0.678553 0.627304 0
0.773880 0.614864 0
0.774844 0.494815 0
133 3
0.678553 0.627304 0
0.774844 0.494815 0
0.678726 0.514956 0
134 3
0.445481 0.990777 0
0.515440 0.990581 0
0.434712 0.957650 0
135 3
0.434712 0.957650 0
0.515440 0.990581 0
0.498982 0.880792 0
136 3
0.933571 0.985034 0
0.915241 0.988490 0
0.916686 0.910109 0
137 3
0.437979 0.345816 0
0.535287 0.445392 0
0.552633 0.420147 0
138 3
0.915539 0.836311 0
0.916382 0.812900 0
0.944484 0.815856 0
139 3
0.944484 0.815856 0
0.916382 0.812900 0
0.945605 0.818929 0
140 3
0.945262 0.836585 0
0.945605 0.818929 0
0.916382 0.812900 0
141 3
0.915732 0.838502 0
0.945262 0.836585 0
0.916382 0.812900 0
142 3
0.944542 0.932439 0
0.945262 0.836585 0
0.915732 0.838502 0
143 3
0.944542 0.932439 0
0.915732 0.838502 0
0.915114 0.931329 0
144 3
0.937160 0.983191 0
0.944542 0.932439 0
0.915114 0.931329 0
145 3
0.937160 0.983191 0
0.915114 0.931329 0
0.914727 0.979817 0
146 3
0.562854 0.056701 0
0.562955 0.007059 0
0.496508 0.008442 0
147 3
0.442999 0.056092 0
0.562854 0.056701 0
0.496508 0.008442 0
148 3
0.991612 0.690570 0
0.990604 0.620183 0
0.917335 0.657576 0
149 3
0.681671 0.386187 0
0.777066 0.367366 0
0.778590 0.278553 0
150 3
0.681671 0.386187 0
0.778590 0.278553 0
0.680895 0.283825 0
151 3
0.778590 0.278553 0
0.777964 0.138531 0
0.680917 0.146877 0
152 3
0.778590 0.278553 0
0.680917 0.146877 0
0.680895 0.283825 0
153 3
0.777980 0.055331 0
0.777871 0.010011 0
0.676690 0.011071 0
154 3
0.777980 0.055331 0
0.676690 0.011071 0
0.679228 0.057288 0
155 3
0.990332 0.519229 0
0.916897 0.519707 0
0.917335 0.657576 0
156 3
0.498982 0.880792 0
0.515004 0.771029 0
0.456708 0.854409 0
157 3
0.498982 0.880792 0
0.545317 0.756924 0
0.515004 0.771029 0
158 3
0.990604 0.620183 0
0.990332 0.519229 0
0.917335 0.657576 0
159 3
0.990264 0.770248 0
0.991612 0.690570 0
0.917335 0.657576 0
160 3
0.917272 0.769849 0
0.990264 0.770248 0
0.917335 0.657576 0
161 3
0.498982 0.880792 0
0.515440 0.990581 0
0.545317 0.756924 0
162 3
0.565718 0.308719 0
0.680895 0.283825 0
0.680917 0.146877 0
163 3
0.565718 0.308719 0
0.680917 0.146877 0
0.563540 0.160170 0
164 3
0.442196 0.007806 0
0.442999 0.056092 0
0.496508 0.008442 0
165 3
0.383317 0.008484 0
0.383094 0.056594 0
0.442196 0.007806 0
166 3
0.442999 0.056092 0
0.442196 0.007806 0
0.383094 0.056594 0
167 3
0.562854 0.056701 0
0.679228 0.057288 0
0.676690 0.011071 0
168 3
0.562854 0.056701 0
0.676690 0.011071 0
0.562955 0.007059 0
169 3
0.437577 0.545929 0
0.456708 0.854409 0
0.515004 0.771029 0
170 3
0.437577 0.545929 0
0.517121 0.680062 0
0.517186 0.545366 0
171 3
0.517121 0.680062 0
0.437577 0.545929 0
0.515004 0.771029 0
172 3
0.437577 0.545929 0
0.517186 0.545366 0
0.535287 0.445392 0
173 3
0.109577 0.457526 0
0.113774 0.370313 0
0.128706 0.427997 0
174 3
0.068403 0.422554 0
0.071556 0.362071 0
0.113774 0.370313 0
175 3
0.109577 0.457526 0
0.068403 0.422554 0
0.113774 0.370313 0
176 3
0.029751 0.456075 0
0.013858 0.455566 0
0.023796 0.361452 0
177 3
0.071556 0.362071 0
0.068403 0.422554 0
0.023796 0.361452 0
178 3
0.122073 0.623404 0
0.093074 0.635879 0
0.122347 0.582660 0
179 3
0.123450 0.652770 0
0.093074 0.635879 0
0.122073 0.623404 0
180 3
0.343169 0.363586 0
0.437979 0.345816 0
0.342373 0.206140 0
181 3
0.343169 0.363586 0
0.390488 0.456254 0
0.437979 0.345816 0
182 3
0.113774 0.370313 0
0.071556 0.362071 0
0.045034 0.204553 0
183 3
0.113774 0.370313 0
0.045034 0.204553 0
0.142973 0.217512 0
184 3
0.129448 0.460936 0
0.109577 0.457526 0
0.128706 0.427997 0
185 3
0.071556 0.362071 0
0.023796 0.361452 0
0.045034 0.204553 0
186 3
0.437577 0.545929 0
0.390488 0.456254 0
0.344267 0.570185 0
187 3
0.013858 0.455566 0
0.029751 0.456075 0
0.023238 0.566900 0
188 3
0.029751 0.456075 0
0.068007 0.485166 0
0.023238 0.566900 0
189 3
0.068007 0.485166 0
0.068403 0.422554 0
0.109577 0.457526 0
190 3
0.029751 0.456075 0
0.068403 0.422554 0
0.068007 0.485166 0
191 3
0.068007 0.485166 0
0.109577 0.457526 0
0.094145 0.595455 0
192 3
0.068007 0.485166 0
0.094145 0.595455 0
0.023238 0.566900 0
193 3
0.023238 0.566900 0
0.094145 0.595455 0
0.093074 0.635879 0
194 3
0.127139 0.519337 0
0.094145 0.595455 0
0.129448 0.460936 0
195 3
0.094145 0.595455 0
0.122347 0.582660 0
0.093074 0.635879 0
196 3
0.127139 0.519337 0
0.122347 0.582660 0
0.094145 0.595455 0
197 3
0.094145 0.595455 0
0.109577 0.457526 0
0.129448 0.460936 0
198 3
0.831760 0.993226 0
0.881524 0.991304 0
0.781996 0.991304 0
199 3
0.679025 0.988702 0
0.515717 0.990638 0
0.676466 0.989740 0
200 3
0.515717 0.990638 0
0.515440 0.990581 0
0.676466 0.989740 0
201 3
0.515717 0.990638 0
0.445481 0.990777 0
0.515440 0.990581 0
202 3
0.445481 0.990777 0
0.434712 0.957650 0
0.434712 0.957650 0
203 3
0.445481 0.990777 0
0.434712 0.957650 0
0.445481 0.990777 0
204 3
0.515717 0.990638 0
0.445481 0.990777 0
0.445481 0.990777 0
205 3
0.885775 0.139638 0
0.794946 0.054991 0
0.777745 0.139638 0
206 3
0.885775 0.139638 0
0.868574 0.054991 0
0.794946 0.054991 0
207 3
0.952998 0.519707 0
0.917335 0.657576 0
0.916897 0.519707 0
208 3
0.868574 0.054991 0
0.849594 0.014234 0
0.813926 0.014234 0
209 3
0.868574 0.054991 0
0.813926 0.014234 0
0.794946 0.054991 0
210 3
0.889210 0.280564 0
0.777745 0.139638 0
0.774310 0.280564 0
211 3
0.889210 0.280564 0
0.885775 0.139638 0
0.777745 0.139638 0
212 3
0.885853 0.373160 0
0.774310 0.280564 0
0.777667 0.373160 0
213 3
0.885853 0.373160 0
0.889210 0.280564 0
0.774310 0.280564 0
214 3
0.884126 0.497704 0
0.777667 0.373160 0
0.779394 0.497704 0
215 3
0.884126 0.497704 0
0.885853 0.373160 0
0.777667 0.373160 0
216 3
0.883782 0.616910 0
0.779394 0.497704 0
0.779739 0.616910 0
217 3
0.883782 0.616910 0
0.884126 0.497704 0
0.779394 0.497704 0
218 3
0.880269 0.724868 0
0.779739 0.616910 0
0.783252 0.724868 0
219 3
0.880269 0.724868 0
0.883782 0.616910 0
0.779739 0.616910 0
220 3
0.881524 0.991304 0
0.783252 0.724868 0
0.781996 0.991304 0
221 3
0.881524 0.991304 0
0.880269 0.724868 0
0.783252 0.724868 0
222 3
0.679025 0.988702 0
0.676466 0.989740 0
0.772896 0.989884 0
223 3
0.143364 0.046414 0
0.143364 0.032195 0
0.209320 0.022041 0
224 3
0.122073 0.623404 0
0.164125 0.582660 0
0.164399 0.623404 0
225 3
0.122073 0.623404 0
0.122347 0.582660 0
0.164125 0.582660 0
226 3
0.123450 0.652770 0
0.164399 0.623404 0
0.163022 0.652770 0
227 3
0.122073 0.623404 0
0.164399 0.623404 0
0.123450 0.652770 0
228 3
0.113774 0.370313 0
0.142973 0.217512 0
0.173110 0.370313 0
229 3
0.128706 0.427997 0
0.173110 0.370313 0
0.158178 0.427997 0
230 3
0.128706 0.427997 0
0.113774 0.370313 0
0.173110 0.370313 0
231 3
0.129448 0.460936 0
0.158178 0.427997 0
0.157436 0.460936 0
232 3
0.128706 0.427997 0
0.158178 0.427997 0
0.129448 0.460936 0
233 3
0.159745 0.519337 0
0.164125 0.582660 0
0.122347 0.582660 0
234 3
0.127139 0.519337 0
0.159745 0.519337 0
0.122347 0.582660 0
235 3
0.157436 0.460936 0
0.159745 0.519337 0
0.127139 0.519337 0
236 3
0.129448 0.460936 0
0.157436 0.460936 0
0.127139 0.519337 0
237 3
0.992004 0.988490 0
0.990520 0.979817 0
0.972254 0.983191 0
238 3
0.992004 0.988490 0
0.972254 0.983191 0
0.975843 0.985034 0
239 3
0.545317 0.756924 0
0.678553 0.627304 0
0.676905 0.730708 0
240 3
0.676905 0.730708 0
0.678553 0.627304 0
0.773880 0.614864 0
241 3
0.676905 0.730708 0
0.773880 0.614864 0
0.774153 0.725870 0
242 3
0.777964 0.138531 0
0.679228 0.057288 0
0.777980 0.055331 0
243 3
0.680917 0.146877 0
0.679228 0.057288 0
0.777964 0.138531 0
244 3
0.680917 0.146877 0
0.562854 0.056701 0
0.679228 0.057288 0
245 3
0.563540 0.160170 0
0.562854 0.056701 0
0.680917 0.146877 0
246 3
0.563540 0.160170 0
0.442999 0.056092 0
0.562854 0.056701 0
247 3
0.437542 0.187485 0
0.442999 0.056092 0
0.563540 0.160170 0
248 3
0.565718 0.308719 0
0.681671 0.386187 0
0.579740 0.423939 0
249 3
0.552633 0.420147 0
0.565718 0.308719 0
0.579740 0.423939 0
250 3
0.552633 0.420147 0
0.437979 0.345816 0
0.565718 0.308719 0
251 3
0.678726 0.514956 0
0.777066 0.367366 0
0.774844 0.494815 0
252 3
0.678726 0.514956 0
0.681671 0.386187 0
0.777066 0.367366 0
253 3
0.595811 0.586259 0
0.681671 0.386187 0
0.678726 0.514956 0
254 3
0.595811 0.586259 0
0.594510 0.472397 0
0.681671 0.386187 0
255 3
0.678553 0.627304 0
0.774844 0.494815 0
0.773880 0.614864 0
256 3
0.678553 0.627304 0
0.678726 0.514956 0
0.774844 0.494815 0
257 3
0.445481 0.990777 0
0.434712 0.957650 0
0.515440 0.990581 0
258 3
0.434712 0.957650 0
0.498982 0.880792 0
0.515440 0.990581 0
259 3
0.975843 0.985034 0
0.992558 0.908127 0
0.992004 0.988490 0
260 3
0.437979 0.345816 0
0.552633 0.420147 0
0.535287 0.445392 0
261 3
0.988865 0.812900 0
0.991706 0.836311 0
0.966757 0.815856 0
262 3
0.966757 0.815856 0
0.965637 0.818929 0
0.988865 0.812900 0
263 3
0.963981 0.836585 0
0.988865 0.812900 0
0.965637 0.818929 0
264 3
0.993511 0.838502 0
0.988865 0.812900 0
0.963981 0.836585 0
265 3
0.962703 0.932439 0
0.993511 0.838502 0
0.963981 0.836585 0
266 3
0.962703 0.932439 0
0.992131 0.931329 0
0.993511 0.838502 0
267 3
0.972254 0.983191 0
0.992131 0.931329 0
0.962703 0.932439 0
268 3
0.972254 0.983191 0
0.990520 0.979817 0
0.992131 0.931329 0
269 3
0.562854 0.056701 0
0.496508 0.008442 0
0.562955 0.007059 0
270 3
0.442999 0.056092 0
0.496508 0.008442 0
0.562854 0.056701 0
271 3
0.985558 0.672530 0
0.917335 0.657576 0
0.986565 0.602142 0
272 3
0.681671 0.386187 0
0.778590 0.278553 0
0.777066 0.367366 0
273 3
0.681671 0.386187 0
0.680895 0.283825 0
0.778590 0.278553 0
274 3
0.778590 0.278553 0
0.680917 0.146877 0
0.777964 0.138531 0
275 3
0.778590 0.278553 0
0.680895 0.283825 0
0.680917 0.146877 0
276 3
0.777980 0.055331 0
0.676690 0.011071 0
0.777871 0.010011 0
277 3
0.777980 0.055331 0
0.679228 0.057288 0
0.676690 0.011071 0
278 3
0.986272 0.551301 0
0.917335 0.657576 0
0.952998 0.519707 0
279 3
0.498982 0.880792 0
0.456708 0.854409 0
0.515004 0.771029 0
280 3
0.498982 0.880792 0
0.515004 0.771029 0
0.545317 0.756924 0
281 3
0.986565 0.602142 0
0.917335 0.657576 0
0.986272 0.551301 0
282 3
0.986906 0.748199 0
0.917335 0.657576 0
0.985558 0.672530 0
283 3
0.917272 0.769849 0
0.917335 0.657576 0
0.986906 0.748199 0
284 3
0.498982 0.880792 0
0.545317 0.756924 0
0.515440 0.990581 0
285 3
0.565718 0.308719 0
0.680917 0.146877 0
0.680895 0.283825 0
286 3
0.565718 0.308719 0
0.563540 0.160170 0
0.680917 0.146877 0
287 3
0.442196 0.007806 0
0.496508 0.008442 0
0.442999 0.056092 0
288 3
0.383317 0.008484 0
0.442196 0.007806 0
0.383094 0.056594 0
289 3
0.442999 0.056092 0
0.383094 0.056594 0
0.442196 0.007806 0
290 3
0.562854 0.056701 0
0.676690 0.011071 0
0.679228 0.057288 0
291 3
0.562854 0.056701 0
0.562955 0.007059 0
0.676690 0.011071 0
292 3
0.437577 0.545929 0
0.515004 0.771029 0
0.456708 0.854409 0
293 3
0.437577 0.545929 0
0.517186 0.545366 0
0.517121 0.680062 0
294 3
0.517121 0.680062 0
0.515004 0.771029 0
0.437577 0.545929 0
295 3
0.437577 0.545929 0
0.535287 0.445392 0
0.517186 0.545366 0
296 3
0.177307 0.457526 0
0.158178 0.427997 0
0.173110 0.370313 0
297 3
0.218481 0.422554 0
0.173110 0.370313 0
0.215328 0.362071 0
298 3
0.177307 0.457526 0
0.173110 0.370313 0
0.218481 0.422554 0
299 3
0.257133 0.456075 0
0.259910 0.361452 0
0.270942 0.455566 0
300 3
0.215328 0.362071 0
0.259910 0.361452 0
0.218481 0.422554 0
301 3
0.164399 0.623404 0
0.164125 0.582660 0
0.197845 0.635879 0
302 3
0.163022 0.652770 0
0.164399 0.623404 0
0.197845 0.635879 0
303 3
0.343169 0.363586 0
0.342373 0.206140 0
0.437979 0.345816 0
304 3
0.343169 0.363586 0
0.437979 0.345816 0
0.390488 0.456254 0
305 3
0.173110 0.370313 0
0.240913 0.204553 0
0.215328 0.362071 0
306 3
0.173110 0.370313 0
0.142973 0.217512 0
0.240913 0.204553 0
307 3
0.157436 0.460936 0
0.158178 0.427997 0
0.177307 0.457526 0
308 3
0.215328 0.362071 0
0.240913 0.204553 0
0.259910 0.361452 0
309 3
0.437577 0.545929 0
0.344267 0.570185 0
0.390488 0.456254 0
310 3
0.270942 0.455566 0
0.263647 0.566900 0
0.257133 0.456075 0
311 3
0.257133 0.456075 0
0.263647 0.566900 0
0.218877 0.485166 0
312 3
0.218877 0.485166 0
0.177307 0.457526 0
0.218481 0.422554 0
313 3
0.218877 0.485166 0
0.218481 0.422554 0
0.257133 0.456075 0
314 3
0.218877 0.485166 0
0.196542 0.595455 0
0.177307 0.457526 0
315 3
0.218877 0.485166 0
0.263647 0.566900 0
0.196542 0.595455 0
316 3
0.263647 0.566900 0
0.197845 0.635879 0
0.196542 0.595455 0
317 3
0.159745 0.519337 0
0.157436 0.460936 0
0.196542 0.595455 0
318 3
0.196542 0.595455 0
0.197845 0.635879 0
0.164125 0.582660 0
319 3
0.159745 0.519337 0
0.196542 0.595455 0
0.164125 0.582660 0
320 3
0.196542 0.595455 0
0.157436 0.460936 0
0.177307 0.457526 0
4
0.000000 -90.000000 0.000000
0.000000 180.000000 0.000000
0.000000 0.000000 0.000000
13.885697 26.771395 17.102243
4
0.000000 0.000000 0.000000
0.000000 0.000000 0.000000
0.000000 0.000000 0.000000
10.603669 20.738550 15.671110
4
0.000000 0.000000 0.000000
0.000000 0.000000 0.000000
0.000000 0.000000 0.000000
16.643190 5.156547 10.899868
4
-90.000000 0.000000 0.000000
0.000000 0.000000 0.000000
0.000000 0.000000 0.000000
6.989926 3.994963 9.722086
4
0.000000 0.000000 0.000000
0.000000 0.000000 0.000000
0.000000 0.000000 0.000000
5.611434 26.100843 15.856139
