2
1
hd_snash
D:\3DBball\Objects\Heads\dallas\hd_snash.TGA
312
0 3
0.549191 0.343932 0
0.441764 0.320419 0
0.466439 0.398257 0
1 3
0.549191 0.343932 0
0.466439 0.398257 0
0.553699 0.485628 0
2 3
0.549191 0.343932 0
0.553699 0.485628 0
0.466439 0.398257 0
3 3
0.549191 0.343932 0
0.466439 0.398257 0
0.441764 0.320419 0
4 3
0.453074 0.114110 0
0.441764 0.320419 0
0.549191 0.343932 0
5 3
0.549191 0.343932 0
0.548531 0.120269 0
0.453074 0.114110 0
6 3
0.549191 0.343932 0
0.441764 0.320419 0
0.453074 0.114110 0
7 3
0.453074 0.114110 0
0.548531 0.120269 0
0.549191 0.343932 0
8 3
0.314757 0.036993 0
0.333363 0.084949 0
0.382491 0.104003 0
9 3
0.382491 0.104003 0
0.333363 0.084949 0
0.314757 0.037997 0
10 3
0.377347 0.045235 0
0.314757 0.036993 0
0.382491 0.104003 0
11 3
0.377347 0.044792 0
0.382491 0.104003 0
0.314757 0.037997 0
12 3
0.317546 0.994338 0
0.200204 0.995002 0
0.344902 0.834113 0
13 3
0.344902 0.834113 0
0.374321 0.878532 0
0.317546 0.994338 0
14 3
0.344902 0.834113 0
0.200204 0.995002 0
0.317546 0.994338 0
15 3
0.317546 0.994338 0
0.374321 0.878532 0
0.344902 0.834113 0
16 3
0.122625 0.958553 0
0.089559 0.940342 0
0.132963 0.877045 0
17 3
0.184908 0.877153 0
0.225588 0.940342 0
0.194049 0.958553 0
18 3
0.075688 0.848418 0
0.132963 0.877045 0
0.089559 0.940342 0
19 3
0.239418 0.848418 0
0.225588 0.940342 0
0.184908 0.877153 0
20 3
0.854431 0.836220 0
0.928589 0.837085 0
0.927308 0.787997 0
21 3
0.927308 0.787997 0
0.852903 0.787780 0
0.854431 0.836220 0
22 3
0.924279 0.793916 0
0.924755 0.832214 0
0.995326 0.831585 0
23 3
0.995326 0.831585 0
0.995074 0.793758 0
0.924279 0.793916 0
24 3
0.160376 0.096694 0
0.334859 0.084500 0
0.246458 0.367934 0
25 3
0.160376 0.096694 0
0.127735 0.381780 0
0.079474 0.367934 0
26 3
0.160376 0.096694 0
0.079474 0.367934 0
0.015770 0.084500 0
27 3
0.160376 0.096694 0
0.246458 0.367934 0
0.194061 0.381780 0
28 3
0.334859 0.084500 0
0.160376 0.096694 0
0.159660 0.051132 0
29 3
0.015770 0.084500 0
0.046027 0.034510 0
0.159660 0.051132 0
30 3
0.334859 0.084500 0
0.159660 0.051132 0
0.316009 0.038028 0
31 3
0.343634 0.372415 0
0.337704 0.523082 0
0.393301 0.456289 0
32 3
0.343634 0.372415 0
0.393301 0.456289 0
0.419758 0.395543 0
33 3
0.302623 0.464881 0
0.337704 0.523082 0
0.343634 0.372415 0
34 3
0.343634 0.372415 0
0.419758 0.395543 0
0.393300 0.456289 0
35 3
0.343634 0.372415 0
0.393300 0.456289 0
0.338389 0.523673 0
36 3
0.302623 0.464881 0
0.343634 0.372415 0
0.338389 0.523673 0
37 3
0.343634 0.372415 0
0.441764 0.320419 0
0.419758 0.395543 0
38 3
0.343634 0.372415 0
0.419758 0.395543 0
0.441764 0.320419 0
39 3
0.451297 0.403445 0
0.406395 0.407185 0
0.469499 0.450515 0
40 3
0.391843 0.457469 0
0.469240 0.449810 0
0.406174 0.409497 0
41 3
0.469499 0.450515 0
0.406395 0.407185 0
0.451297 0.403445 0
42 3
0.391843 0.457469 0
0.406174 0.409497 0
0.469240 0.449810 0
43 3
0.852903 0.787780 0
0.928201 0.749043 0
0.854272 0.749664 0
44 3
0.888178 0.717410 0
0.854272 0.749664 0
0.928201 0.749043 0
45 3
0.959787 0.725521 0
0.925107 0.751137 0
0.993832 0.751588 0
46 3
0.995074 0.793758 0
0.993832 0.751588 0
0.925107 0.751137 0
47 3
0.479606 0.491287 0
0.475353 0.564956 0
0.546538 0.632779 0
48 3
0.553699 0.485628 0
0.466439 0.398257 0
0.479606 0.491287 0
49 3
0.553699 0.485628 0
0.479606 0.491287 0
0.546538 0.632779 0
50 3
0.546538 0.632779 0
0.475353 0.564956 0
0.479606 0.491287 0
51 3
0.553699 0.485628 0
0.546538 0.632779 0
0.479606 0.491287 0
52 3
0.553699 0.485628 0
0.479606 0.491287 0
0.466439 0.398257 0
53 3
0.553699 0.485628 0
0.546538 0.632779 0
0.665372 0.584848 0
54 3
0.553699 0.485628 0
0.665372 0.584848 0
0.659030 0.432678 0
55 3
0.665777 0.584445 0
0.778719 0.584445 0
0.782729 0.435742 0
56 3
0.782729 0.435742 0
0.661766 0.435742 0
0.665777 0.584445 0
57 3
0.553699 0.485628 0
0.659030 0.432678 0
0.665372 0.584848 0
58 3
0.553699 0.485628 0
0.665372 0.584848 0
0.546538 0.632779 0
59 3
0.469311 0.553613 0
0.469240 0.449810 0
0.391843 0.457469 0
60 3
0.433481 0.637093 0
0.469311 0.553613 0
0.391843 0.457469 0
61 3
0.433481 0.637093 0
0.391843 0.457469 0
0.377029 0.594483 0
62 3
0.377029 0.594483 0
0.399078 0.666168 0
0.433481 0.637093 0
63 3
0.391843 0.457469 0
0.469240 0.449810 0
0.469311 0.553613 0
64 3
0.391843 0.457469 0
0.469311 0.553613 0
0.433481 0.637093 0
65 3
0.377029 0.594483 0
0.391843 0.457469 0
0.433481 0.637093 0
66 3
0.433481 0.637093 0
0.399078 0.666168 0
0.377029 0.594483 0
67 3
0.085727 0.757899 0
0.116017 0.658303 0
0.137508 0.747019 0
68 3
0.137508 0.747019 0
0.137736 0.776492 0
0.085727 0.757899 0
69 3
0.185114 0.747014 0
0.204108 0.660253 0
0.231719 0.758426 0
70 3
0.231719 0.758426 0
0.185088 0.776590 0
0.185114 0.747014 0
71 3
0.137736 0.776492 0
0.137508 0.747019 0
0.185114 0.747014 0
72 3
0.137736 0.776492 0
0.185114 0.747014 0
0.185088 0.776590 0
73 3
0.137508 0.747019 0
0.147983 0.684860 0
0.172679 0.684860 0
74 3
0.172679 0.684860 0
0.185114 0.747014 0
0.137508 0.747019 0
75 3
0.204108 0.660253 0
0.185114 0.747014 0
0.172679 0.684860 0
76 3
0.147983 0.684860 0
0.137508 0.747019 0
0.116017 0.658303 0
77 3
0.132963 0.877045 0
0.184908 0.877153 0
0.194049 0.958553 0
78 3
0.132963 0.877045 0
0.194049 0.958553 0
0.122625 0.958553 0
79 3
0.317546 0.994338 0
0.317546 0.994338 0
0.200204 0.995002 0
80 3
0.317546 0.994338 0
0.200204 0.995002 0
0.200204 0.995002 0
81 3
0.118575 0.997161 0
0.122625 0.958553 0
0.194049 0.958553 0
82 3
0.118575 0.997161 0
0.194049 0.958553 0
0.198870 0.997161 0
83 3
0.089559 0.940342 0
0.122625 0.958553 0
0.118575 0.997161 0
84 3
0.225588 0.940342 0
0.198870 0.997161 0
0.194049 0.958553 0
85 3
0.538530 0.998583 0
0.668776 0.996330 0
0.670386 0.732509 0
86 3
0.538530 0.998583 0
0.538796 0.769858 0
0.670386 0.732509 0
87 3
0.538530 0.998583 0
0.670386 0.732509 0
0.538796 0.769858 0
88 3
0.538530 0.998583 0
0.670386 0.732509 0
0.668776 0.996330 0
89 3
0.333363 0.084949 0
0.343634 0.372415 0
0.382491 0.104003 0
90 3
0.333363 0.084949 0
0.382491 0.104003 0
0.343634 0.372415 0
91 3
0.475353 0.564956 0
0.427825 0.665487 0
0.546538 0.632779 0
92 3
0.546538 0.632779 0
0.427825 0.665487 0
0.475353 0.564956 0
93 3
0.344902 0.834113 0
0.337704 0.523082 0
0.292044 0.582262 0
94 3
0.344902 0.834113 0
0.257159 0.735579 0
0.292044 0.582262 0
95 3
0.344902 0.834113 0
0.292044 0.582262 0
0.257159 0.735579 0
96 3
0.344902 0.834113 0
0.292044 0.582262 0
0.338389 0.523673 0
97 3
0.184908 0.877153 0
0.189057 0.810434 0
0.231719 0.758426 0
98 3
0.239418 0.848418 0
0.184908 0.877153 0
0.231719 0.758426 0
99 3
0.189057 0.810434 0
0.184908 0.877153 0
0.132963 0.877045 0
100 3
0.189057 0.810434 0
0.132963 0.877045 0
0.138788 0.810441 0
101 3
0.189057 0.810434 0
0.138788 0.810441 0
0.137736 0.776492 0
102 3
0.085727 0.757899 0
0.138788 0.810441 0
0.132963 0.877045 0
103 3
0.189057 0.810434 0
0.137736 0.776492 0
0.185088 0.776590 0
104 3
0.189057 0.810434 0
0.185088 0.776590 0
0.231719 0.758426 0
105 3
0.085727 0.757899 0
0.137736 0.776492 0
0.138788 0.810441 0
106 3
0.075688 0.848418 0
0.085727 0.757899 0
0.132963 0.877045 0
107 3
0.040369 0.585159 0
0.116017 0.658303 0
0.058650 0.737423 0
108 3
0.256066 0.737423 0
0.204108 0.660253 0
0.291920 0.583009 0
109 3
0.231719 0.758426 0
0.204108 0.660253 0
0.256066 0.737423 0
110 3
0.085727 0.757899 0
0.075688 0.848418 0
0.058650 0.737423 0
111 3
0.085727 0.757899 0
0.058650 0.737423 0
0.116017 0.658303 0
112 3
0.231719 0.758426 0
0.256066 0.737423 0
0.239418 0.848418 0
113 3
0.084449 0.423439 0
0.044050 0.456766 0
0.037825 0.373815 0
114 3
0.280477 0.373815 0
0.277917 0.457061 0
0.241655 0.423734 0
115 3
0.344902 0.834113 0
0.226580 0.938030 0
0.200204 0.995002 0
116 3
0.344902 0.834113 0
0.200204 0.995002 0
0.226580 0.938030 0
117 3
0.382491 0.104003 0
0.343634 0.372415 0
0.441764 0.320419 0
118 3
0.441764 0.320419 0
0.453074 0.114110 0
0.382491 0.104003 0
119 3
0.441764 0.320419 0
0.343634 0.372415 0
0.382491 0.104003 0
120 3
0.382491 0.104003 0
0.453074 0.114110 0
0.441764 0.320419 0
121 3
0.414384 0.730313 0
0.399867 0.994659 0
0.538530 0.998583 0
122 3
0.538530 0.998583 0
0.538796 0.769858 0
0.414384 0.730313 0
123 3
0.538530 0.998583 0
0.399867 0.994659 0
0.414384 0.730313 0
124 3
0.414384 0.730313 0
0.538796 0.769858 0
0.538530 0.998583 0
125 3
0.427825 0.665487 0
0.379483 0.723056 0
0.414384 0.730313 0
126 3
0.427825 0.665487 0
0.414384 0.730313 0
0.546538 0.632779 0
127 3
0.427825 0.665487 0
0.546538 0.632779 0
0.414384 0.730313 0
128 3
0.427825 0.665487 0
0.414384 0.730313 0
0.379483 0.723056 0
129 3
0.226580 0.938030 0
0.344902 0.834113 0
0.239519 0.847332 0
130 3
0.257159 0.735579 0
0.239519 0.847332 0
0.344902 0.834113 0
131 3
0.257159 0.735579 0
0.344902 0.834113 0
0.239518 0.847332 0
132 3
0.226580 0.938030 0
0.239518 0.847332 0
0.344902 0.834113 0
133 3
0.539100 0.999627 0
0.538530 0.998583 0
0.399785 0.996569 0
134 3
0.399785 0.996569 0
0.538530 0.998583 0
0.399867 0.994659 0
135 3
0.399785 0.996569 0
0.399867 0.994659 0
0.334630 0.994591 0
136 3
0.539100 0.999627 0
0.668776 0.996330 0
0.538530 0.998583 0
137 3
0.160999 0.051508 0
0.314757 0.036993 0
0.199161 0.014279 0
138 3
0.379483 0.723056 0
0.427825 0.665487 0
0.386221 0.670826 0
139 3
0.853401 0.959673 0
0.928465 0.916196 0
0.854236 0.914636 0
140 3
0.853401 0.959673 0
0.927290 0.960439 0
0.928465 0.916196 0
141 3
0.414384 0.730313 0
0.538796 0.769858 0
0.546538 0.632779 0
142 3
0.538796 0.769858 0
0.665372 0.584848 0
0.546538 0.632779 0
143 3
0.538796 0.769858 0
0.670386 0.732509 0
0.665372 0.584848 0
144 3
0.659526 0.120861 0
0.657346 0.046793 0
0.540440 0.041036 0
145 3
0.548531 0.120269 0
0.659526 0.120861 0
0.540440 0.041036 0
146 3
0.548531 0.120269 0
0.540440 0.041036 0
0.450526 0.048241 0
147 3
0.453074 0.114110 0
0.548531 0.120269 0
0.450526 0.048241 0
148 3
0.453074 0.114110 0
0.450526 0.048241 0
0.377347 0.045235 0
149 3
0.382491 0.104003 0
0.453074 0.114110 0
0.377347 0.045235 0
150 3
0.419758 0.395543 0
0.466439 0.398257 0
0.441764 0.320419 0
151 3
0.334630 0.994591 0
0.399867 0.994659 0
0.317546 0.994338 0
152 3
0.317546 0.994338 0
0.399867 0.994659 0
0.374321 0.878532 0
153 3
0.927290 0.960439 0
0.853401 0.959673 0
0.889711 0.993777 0
154 3
0.928201 0.749043 0
0.852903 0.787780 0
0.927308 0.787997 0
155 3
0.927458 0.872984 0
0.928589 0.837085 0
0.854431 0.836220 0
156 3
0.927458 0.872984 0
0.854431 0.836220 0
0.854172 0.871061 0
157 3
0.928465 0.916196 0
0.927458 0.872984 0
0.854172 0.871061 0
158 3
0.928465 0.916196 0
0.854172 0.871061 0
0.854236 0.914636 0
159 3
0.450526 0.048241 0
0.446611 0.013136 0
0.375043 0.007569 0
160 3
0.377347 0.045235 0
0.450526 0.048241 0
0.375043 0.007569 0
161 3
0.371698 0.031236 0
0.443993 0.036873 0
0.561620 0.004064 0
162 3
0.553699 0.485628 0
0.659030 0.432678 0
0.657590 0.329618 0
163 3
0.553699 0.485628 0
0.657590 0.329618 0
0.549191 0.343932 0
164 3
0.657590 0.329618 0
0.659526 0.120861 0
0.548531 0.120269 0
165 3
0.657590 0.329618 0
0.548531 0.120269 0
0.549191 0.343932 0
166 3
0.657346 0.046793 0
0.655791 0.013402 0
0.537446 0.009749 0
167 3
0.657346 0.046793 0
0.537446 0.009749 0
0.540440 0.041036 0
168 3
0.536916 0.038662 0
0.583634 0.043185 0
0.561620 0.004064 0
169 3
0.374321 0.878532 0
0.379483 0.723056 0
0.344902 0.834113 0
170 3
0.374321 0.878532 0
0.414384 0.730313 0
0.379483 0.723056 0
171 3
0.443993 0.036873 0
0.536916 0.038662 0
0.561620 0.004064 0
172 3
0.318661 0.026827 0
0.371698 0.031236 0
0.561620 0.004064 0
173 3
0.235643 0.018359 0
0.318661 0.026827 0
0.561620 0.004064 0
174 3
0.015770 0.084500 0
0.159660 0.051132 0
0.160376 0.096694 0
175 3
0.374321 0.878532 0
0.399867 0.994659 0
0.414384 0.730313 0
176 3
0.304258 0.010130 0
0.377347 0.045235 0
0.375043 0.007569 0
177 3
0.199161 0.014279 0
0.314757 0.036993 0
0.304258 0.010130 0
178 3
0.377347 0.045235 0
0.304258 0.010130 0
0.314757 0.036993 0
179 3
0.450526 0.048241 0
0.540440 0.041036 0
0.537446 0.009749 0
180 3
0.450526 0.048241 0
0.537446 0.009749 0
0.446611 0.013136 0
181 3
0.337704 0.523082 0
0.344902 0.834113 0
0.379483 0.723056 0
182 3
0.337704 0.523082 0
0.386221 0.670826 0
0.375285 0.593887 0
183 3
0.386221 0.670826 0
0.337704 0.523082 0
0.379483 0.723056 0
184 3
0.337704 0.523082 0
0.375285 0.593887 0
0.393301 0.456289 0
185 3
0.123348 0.462254 0
0.127735 0.381780 0
0.142663 0.445995 0
186 3
0.084449 0.423439 0
0.079474 0.367934 0
0.127735 0.381780 0
187 3
0.123348 0.462254 0
0.084449 0.423439 0
0.127735 0.381780 0
188 3
0.044050 0.456766 0
0.019639 0.464287 0
0.037825 0.373815 0
189 3
0.079474 0.367934 0
0.084449 0.423439 0
0.037825 0.373815 0
190 3
0.146731 0.651076 0
0.116017 0.658303 0
0.145178 0.602734 0
191 3
0.147983 0.684860 0
0.116017 0.658303 0
0.146731 0.651076 0
192 3
0.280001 0.373792 0
0.343634 0.372415 0
0.333363 0.084949 0
193 3
0.280001 0.373792 0
0.302623 0.464881 0
0.343634 0.372415 0
194 3
0.143439 0.483366 0
0.123348 0.462254 0
0.142663 0.445995 0
195 3
0.079474 0.367934 0
0.037825 0.373815 0
0.015770 0.084500 0
196 3
0.337704 0.523082 0
0.302623 0.464881 0
0.292044 0.582262 0
197 3
0.019639 0.464287 0
0.044050 0.456766 0
0.040369 0.585159 0
198 3
0.044050 0.456766 0
0.084036 0.483256 0
0.040369 0.585159 0
199 3
0.084036 0.483256 0
0.084449 0.423439 0
0.123348 0.462254 0
200 3
0.044050 0.456766 0
0.084449 0.423439 0
0.084036 0.483256 0
201 3
0.084036 0.483256 0
0.123348 0.462254 0
0.117157 0.617038 0
202 3
0.084036 0.483256 0
0.117157 0.617038 0
0.040369 0.585159 0
203 3
0.040369 0.585159 0
0.117157 0.617038 0
0.116017 0.658303 0
204 3
0.145161 0.528211 0
0.117157 0.617038 0
0.143439 0.483366 0
205 3
0.117157 0.617038 0
0.145178 0.602734 0
0.116017 0.658303 0
206 3
0.145161 0.528211 0
0.145178 0.602734 0
0.117157 0.617038 0
207 3
0.117157 0.617038 0
0.123348 0.462254 0
0.143439 0.483366 0
208 3
0.539100 0.999627 0
0.668776 0.996330 0
0.668776 0.996330 0
209 3
0.539100 0.999627 0
0.399785 0.996569 0
0.538530 0.998583 0
210 3
0.399785 0.996569 0
0.399867 0.994659 0
0.538530 0.998583 0
211 3
0.399785 0.996569 0
0.334630 0.994591 0
0.399867 0.994659 0
212 3
0.334630 0.994591 0
0.317546 0.994338 0
0.317546 0.994338 0
213 3
0.334630 0.994591 0
0.317546 0.994338 0
0.334630 0.994591 0
214 3
0.399785 0.996569 0
0.334630 0.994591 0
0.334630 0.994591 0
215 3
0.780257 0.121102 0
0.659959 0.047181 0
0.659863 0.121102 0
216 3
0.780257 0.121102 0
0.779779 0.049199 0
0.659959 0.047181 0
217 3
0.593770 0.040450 0
0.561620 0.004064 0
0.583634 0.043185 0
218 3
0.779779 0.049199 0
0.780460 0.013600 0
0.659288 0.013260 0
219 3
0.779779 0.049199 0
0.659288 0.013260 0
0.659959 0.047181 0
220 3
0.784239 0.328756 0
0.659863 0.121102 0
0.656090 0.328756 0
221 3
0.784239 0.328756 0
0.780257 0.121102 0
0.659863 0.121102 0
222 3
0.782729 0.435742 0
0.656090 0.328756 0
0.661766 0.435742 0
223 3
0.782729 0.435742 0
0.784239 0.328756 0
0.656090 0.328756 0
224 3
0.774445 0.732308 0
0.665777 0.584445 0
0.670050 0.732308 0
225 3
0.774445 0.732308 0
0.778719 0.584445 0
0.665777 0.584445 0
226 3
0.774746 0.995939 0
0.670050 0.732308 0
0.669750 0.995939 0
227 3
0.774746 0.995939 0
0.774445 0.732308 0
0.670050 0.732308 0
228 3
0.539100 0.999627 0
0.538530 0.998583 0
0.668776 0.996330 0
229 3
0.160999 0.051508 0
0.199161 0.014279 0
0.314757 0.037997 0
230 3
0.146731 0.651076 0
0.175111 0.602734 0
0.173932 0.651076 0
231 3
0.146731 0.651076 0
0.145178 0.602734 0
0.175111 0.602734 0
232 3
0.147983 0.684860 0
0.173932 0.651076 0
0.172679 0.684860 0
233 3
0.146731 0.651076 0
0.173932 0.651076 0
0.147983 0.684860 0
234 3
0.127735 0.381780 0
0.160376 0.096694 0
0.194061 0.381780 0
235 3
0.142663 0.445995 0
0.194061 0.381780 0
0.173467 0.445995 0
236 3
0.142663 0.445995 0
0.127735 0.381780 0
0.194061 0.381780 0
237 3
0.143439 0.483366 0
0.173467 0.445995 0
0.172692 0.483366 0
238 3
0.142663 0.445995 0
0.173467 0.445995 0
0.143439 0.483366 0
239 3
0.170797 0.528211 0
0.175111 0.602734 0
0.145178 0.602734 0
240 3
0.145161 0.528211 0
0.170797 0.528211 0
0.145178 0.602734 0
241 3
0.172692 0.483366 0
0.170797 0.528211 0
0.145161 0.528211 0
242 3
0.143439 0.483366 0
0.172692 0.483366 0
0.145161 0.528211 0
243 3
0.379483 0.723056 0
0.386221 0.670826 0
0.427825 0.665487 0
244 3
0.994907 0.958046 0
0.994143 0.919221 0
0.924582 0.917979 0
245 3
0.994907 0.958046 0
0.924582 0.917979 0
0.924018 0.957412 0
246 3
0.414384 0.730313 0
0.546538 0.632779 0
0.538796 0.769858 0
247 3
0.538796 0.769858 0
0.546538 0.632779 0
0.665372 0.584848 0
248 3
0.538796 0.769858 0
0.665372 0.584848 0
0.670386 0.732509 0
249 3
0.659526 0.120861 0
0.538357 0.040908 0
0.657346 0.048593 0
250 3
0.548531 0.120269 0
0.538357 0.040908 0
0.659526 0.120861 0
251 3
0.548531 0.120269 0
0.450526 0.048673 0
0.538357 0.040908 0
252 3
0.453074 0.114110 0
0.450526 0.048673 0
0.548531 0.120269 0
253 3
0.453074 0.114110 0
0.377347 0.044792 0
0.450526 0.048673 0
254 3
0.382491 0.104003 0
0.377347 0.044792 0
0.453074 0.114110 0
255 3
0.419758 0.395543 0
0.441764 0.320419 0
0.466439 0.398257 0
256 3
0.334630 0.994591 0
0.317546 0.994338 0
0.399867 0.994659 0
257 3
0.317546 0.994338 0
0.374321 0.878532 0
0.399867 0.994659 0
258 3
0.924018 0.957412 0
0.946936 0.980546 0
0.994907 0.958046 0
259 3
0.925107 0.751137 0
0.924279 0.793916 0
0.995074 0.793758 0
260 3
0.923865 0.878148 0
0.995326 0.831585 0
0.924755 0.832214 0
261 3
0.923865 0.878148 0
0.994202 0.877751 0
0.995326 0.831585 0
262 3
0.924582 0.917979 0
0.994202 0.877751 0
0.923865 0.878148 0
263 3
0.924582 0.917979 0
0.994143 0.919221 0
0.994202 0.877751 0
264 3
0.450526 0.048673 0
0.375043 0.008056 0
0.450124 0.011321 0
265 3
0.377347 0.044792 0
0.375043 0.008056 0
0.450526 0.048673 0
266 3
0.454616 0.020013 0
0.561620 0.004064 0
0.535916 0.029238 0
267 3
0.553699 0.485628 0
0.657590 0.329618 0
0.659030 0.432678 0
268 3
0.553699 0.485628 0
0.549191 0.343932 0
0.657590 0.329618 0
269 3
0.657590 0.329618 0
0.548531 0.120269 0
0.659526 0.120861 0
270 3
0.657590 0.329618 0
0.549191 0.343932 0
0.548531 0.120269 0
271 3
0.657346 0.048593 0
0.538519 0.011786 0
0.656178 0.011543 0
272 3
0.657346 0.048593 0
0.538357 0.040908 0
0.538519 0.011786 0
273 3
0.619606 0.033557 0
0.561620 0.004064 0
0.593770 0.040450 0
274 3
0.374321 0.878532 0
0.344902 0.834113 0
0.379483 0.723056 0
275 3
0.374321 0.878532 0
0.379483 0.723056 0
0.414384 0.730313 0
276 3
0.535916 0.029238 0
0.561620 0.004064 0
0.619606 0.033557 0
277 3
0.402036 0.004263 0
0.561620 0.004064 0
0.454616 0.020013 0
278 3
0.235643 0.018359 0
0.561620 0.004064 0
0.402036 0.004263 0
279 3
0.374321 0.878532 0
0.414384 0.730313 0
0.399867 0.994659 0
280 3
0.302174 0.009548 0
0.375043 0.008056 0
0.377347 0.044792 0
281 3
0.199161 0.014279 0
0.302174 0.009548 0
0.314757 0.037997 0
282 3
0.377347 0.044792 0
0.314757 0.037997 0
0.302174 0.009548 0
283 3
0.450526 0.048673 0
0.538519 0.011786 0
0.538357 0.040908 0
284 3
0.450526 0.048673 0
0.450124 0.011321 0
0.538519 0.011786 0
285 3
0.338389 0.523673 0
0.379483 0.723056 0
0.344902 0.834113 0
286 3
0.338389 0.523673 0
0.375285 0.593887 0
0.386221 0.670826 0
287 3
0.386221 0.670826 0
0.379483 0.723056 0
0.338389 0.523673 0
288 3
0.338389 0.523673 0
0.393300 0.456289 0
0.375285 0.593887 0
289 3
0.202755 0.462549 0
0.173467 0.445995 0
0.194061 0.381780 0
290 3
0.241655 0.423734 0
0.194061 0.381780 0
0.246458 0.367934 0
291 3
0.202755 0.462549 0
0.194061 0.381780 0
0.241655 0.423734 0
292 3
0.277917 0.457061 0
0.280477 0.373815 0
0.302109 0.464287 0
293 3
0.246458 0.367934 0
0.280477 0.373815 0
0.241655 0.423734 0
294 3
0.173932 0.651076 0
0.175111 0.602734 0
0.204108 0.660253 0
295 3
0.172679 0.684860 0
0.173932 0.651076 0
0.204108 0.660253 0
296 3
0.280001 0.373792 0
0.333363 0.084949 0
0.343634 0.372415 0
297 3
0.280001 0.373792 0
0.343634 0.372415 0
0.302623 0.464881 0
298 3
0.172692 0.483366 0
0.173467 0.445995 0
0.202755 0.462549 0
299 3
0.246458 0.367934 0
0.334859 0.084500 0
0.280477 0.373815 0
300 3
0.338389 0.523673 0
0.292044 0.582262 0
0.302623 0.464881 0
301 3
0.302109 0.464287 0
0.291920 0.583009 0
0.277917 0.457061 0
302 3
0.277917 0.457061 0
0.291920 0.583009 0
0.242068 0.483550 0
303 3
0.242068 0.483550 0
0.202755 0.462549 0
0.241655 0.423734 0
304 3
0.242068 0.483550 0
0.241655 0.423734 0
0.277917 0.457061 0
305 3
0.242068 0.483550 0
0.201704 0.618743 0
0.202755 0.462549 0
306 3
0.242068 0.483550 0
0.291920 0.583009 0
0.201704 0.618743 0
307 3
0.291920 0.583009 0
0.204108 0.660253 0
0.201704 0.618743 0
308 3
0.170797 0.528211 0
0.172692 0.483366 0
0.201704 0.618743 0
309 3
0.201704 0.618743 0
0.204108 0.660253 0
0.175111 0.602734 0
310 3
0.170797 0.528211 0
0.201704 0.618743 0
0.175111 0.602734 0
311 3
0.201704 0.618743 0
0.172692 0.483366 0
0.202755 0.462549 0
4
0.000000 0.000000 0.000000
0.000000 0.000000 0.000000
0.000000 0.000000 0.000000
1.000000 1.000000 1.000000
