1
1
Seattle\LWO\hd_sperk.tga
309
0 3
0.648279 0.789970 0
0.648219 0.687193 0
0.493369 0.691267 0
1 3
0.493369 0.691267 0
0.491743 0.789546 0
0.648279 0.789970 0
2 3
0.493369 0.691267 0
0.648219 0.687193 0
0.648279 0.789970 0
3 3
0.648279 0.789970 0
0.491743 0.789546 0
0.493369 0.691267 0
4 3
0.762447 0.004950 0
0.648419 0.005674 0
0.648035 0.074275 0
5 3
0.648035 0.074275 0
0.761173 0.069057 0
0.762447 0.004950 0
6 3
0.648035 0.074275 0
0.648419 0.005674 0
0.762447 0.004950 0
7 3
0.648035 0.074275 0
0.762447 0.004950 0
0.761173 0.069057 0
8 3
0.417768 0.908644 0
0.228813 0.934734 0
0.192174 0.987807 0
9 3
0.417768 0.908644 0
0.386680 0.962085 0
0.192174 0.987807 0
10 3
0.417768 0.908644 0
0.192174 0.987807 0
0.386680 0.962085 0
11 3
0.417768 0.908644 0
0.192174 0.987807 0
0.228813 0.934734 0
12 3
0.545989 0.467390 0
0.649067 0.412496 0
0.511747 0.284516 0
13 3
0.511747 0.284516 0
0.520059 0.436314 0
0.545989 0.467390 0
14 3
0.511747 0.284516 0
0.649067 0.412496 0
0.545989 0.467390 0
15 3
0.545989 0.467390 0
0.520059 0.436314 0
0.511747 0.284516 0
16 3
0.649634 0.581909 0
0.649067 0.412496 0
0.545989 0.467390 0
17 3
0.649634 0.581909 0
0.545989 0.467390 0
0.537824 0.610878 0
18 3
0.649634 0.581909 0
0.537824 0.610878 0
0.545989 0.467390 0
19 3
0.649634 0.581909 0
0.545989 0.467390 0
0.649067 0.412496 0
20 3
0.649634 0.581909 0
0.648219 0.687193 0
0.762443 0.700854 0
21 3
0.762443 0.700854 0
0.648219 0.687193 0
0.649634 0.581909 0
22 3
0.761944 0.589016 0
0.649634 0.581909 0
0.762443 0.700854 0
23 3
0.761944 0.589016 0
0.762443 0.700854 0
0.649634 0.581909 0
24 3
0.912312 0.815478 0
0.987330 0.933150 0
0.912341 0.931796 0
25 3
0.912312 0.815478 0
0.912341 0.931796 0
0.987330 0.933150 0
26 3
0.228813 0.934734 0
0.373616 0.864769 0
0.417768 0.908644 0
27 3
0.228813 0.934734 0
0.417768 0.908644 0
0.373616 0.864769 0
28 3
0.390039 0.545899 0
0.373616 0.864769 0
0.442227 0.789665 0
29 3
0.390039 0.545899 0
0.442227 0.789665 0
0.442672 0.693539 0
30 3
0.390039 0.545899 0
0.442672 0.693539 0
0.442055 0.622861 0
31 3
0.442227 0.789665 0
0.373616 0.864769 0
0.390039 0.545899 0
32 3
0.390039 0.545899 0
0.442055 0.622861 0
0.442672 0.693539 0
33 3
0.390039 0.545899 0
0.442672 0.693539 0
0.442227 0.789665 0
34 3
0.472069 0.453049 0
0.511747 0.284516 0
0.365818 0.318914 0
35 3
0.472069 0.453049 0
0.365818 0.318914 0
0.511747 0.284516 0
36 3
0.373616 0.864769 0
0.390039 0.545899 0
0.281126 0.579877 0
37 3
0.373616 0.864769 0
0.253951 0.765196 0
0.281126 0.579877 0
38 3
0.373616 0.864769 0
0.281126 0.579877 0
0.253951 0.765196 0
39 3
0.373616 0.864769 0
0.281126 0.579877 0
0.390039 0.545899 0
40 3
0.258873 0.191994 0
0.200623 0.348810 0
0.156470 0.205808 0
41 3
0.258873 0.191994 0
0.156470 0.205808 0
0.157148 0.095934 0
42 3
0.104880 0.348810 0
0.065757 0.345879 0
0.049758 0.191994 0
43 3
0.200623 0.348810 0
0.258873 0.191994 0
0.239455 0.345879 0
44 3
0.104880 0.348810 0
0.049758 0.191994 0
0.156470 0.205808 0
45 3
0.373616 0.864769 0
0.253951 0.765196 0
0.246051 0.843915 0
46 3
0.373616 0.864769 0
0.246051 0.843915 0
0.253951 0.765196 0
47 3
0.049758 0.191994 0
0.065192 0.081104 0
0.157148 0.095934 0
48 3
0.258873 0.191994 0
0.157148 0.095934 0
0.244776 0.081104 0
49 3
0.049758 0.191994 0
0.157148 0.095934 0
0.156470 0.205808 0
50 3
0.128518 0.933537 0
0.079345 0.934909 0
0.062232 0.844221 0
51 3
0.246514 0.844221 0
0.228903 0.934909 0
0.185510 0.933537 0
52 3
0.121404 0.842363 0
0.128518 0.933537 0
0.062232 0.844221 0
53 3
0.188216 0.842470 0
0.246514 0.844221 0
0.185510 0.933537 0
54 3
0.442672 0.693539 0
0.442227 0.789665 0
0.491743 0.789546 0
55 3
0.442672 0.693539 0
0.491743 0.789546 0
0.493369 0.691267 0
56 3
0.442672 0.693539 0
0.493369 0.691267 0
0.491743 0.789546 0
57 3
0.442672 0.693539 0
0.491743 0.789546 0
0.442227 0.789665 0
58 3
0.086442 0.763267 0
0.101315 0.637642 0
0.123354 0.700962 0
59 3
0.123354 0.700962 0
0.123789 0.754793 0
0.086442 0.763267 0
60 3
0.186042 0.700961 0
0.204014 0.637642 0
0.223469 0.763786 0
61 3
0.223469 0.763786 0
0.185832 0.754759 0
0.186042 0.700961 0
62 3
0.123789 0.754793 0
0.123354 0.700962 0
0.186042 0.700961 0
63 3
0.123789 0.754793 0
0.186042 0.700961 0
0.185832 0.754759 0
64 3
0.123354 0.700962 0
0.132421 0.653726 0
0.172951 0.653726 0
65 3
0.172951 0.653726 0
0.186042 0.700961 0
0.123354 0.700962 0
66 3
0.204014 0.637642 0
0.186042 0.700961 0
0.172951 0.653726 0
67 3
0.132421 0.653726 0
0.123354 0.700962 0
0.101315 0.637642 0
68 3
0.121404 0.842363 0
0.188216 0.842470 0
0.185510 0.933537 0
69 3
0.121404 0.842363 0
0.185510 0.933537 0
0.128518 0.933537 0
70 3
0.386680 0.962085 0
0.386680 0.962085 0
0.192174 0.987807 0
71 3
0.386680 0.962085 0
0.192174 0.987807 0
0.192174 0.987807 0
72 3
0.125523 0.990605 0
0.128518 0.933537 0
0.185510 0.933537 0
73 3
0.125523 0.990605 0
0.185510 0.933537 0
0.189439 0.990605 0
74 3
0.079345 0.934909 0
0.128518 0.933537 0
0.125523 0.990605 0
75 3
0.228903 0.934909 0
0.189439 0.990605 0
0.185510 0.933537 0
76 3
0.511747 0.284516 0
0.649290 0.278104 0
0.649067 0.412496 0
77 3
0.649252 0.991951 0
0.762185 0.992095 0
0.761970 0.789122 0
78 3
0.649252 0.991951 0
0.648279 0.789970 0
0.761970 0.789122 0
79 3
0.649252 0.991951 0
0.761970 0.789122 0
0.648279 0.789970 0
80 3
0.649252 0.991951 0
0.761970 0.789122 0
0.762185 0.992095 0
81 3
0.259568 0.189412 0
0.365818 0.318914 0
0.388194 0.171276 0
82 3
0.259568 0.189412 0
0.388194 0.171276 0
0.388517 0.073808 0
83 3
0.259568 0.189412 0
0.388517 0.073808 0
0.388194 0.171276 0
84 3
0.259568 0.189412 0
0.388194 0.171276 0
0.365818 0.318914 0
85 3
0.520059 0.436314 0
0.442055 0.622861 0
0.457836 0.680018 0
86 3
0.520059 0.436314 0
0.483121 0.669333 0
0.457836 0.680018 0
87 3
0.520059 0.436314 0
0.457836 0.680018 0
0.483121 0.669333 0
88 3
0.520059 0.436314 0
0.457836 0.680018 0
0.442055 0.622861 0
89 3
0.520059 0.436314 0
0.472069 0.453049 0
0.442055 0.622861 0
90 3
0.442055 0.622861 0
0.472069 0.453049 0
0.520059 0.436314 0
91 3
0.537824 0.610878 0
0.493369 0.691267 0
0.648219 0.687193 0
92 3
0.648219 0.687193 0
0.649634 0.581909 0
0.537824 0.610878 0
93 3
0.648219 0.687193 0
0.493369 0.691267 0
0.537824 0.610878 0
94 3
0.537824 0.610878 0
0.649634 0.581909 0
0.648219 0.687193 0
95 3
0.188216 0.842470 0
0.184760 0.822319 0
0.223469 0.763786 0
96 3
0.246514 0.844221 0
0.188216 0.842470 0
0.223469 0.763786 0
97 3
0.184760 0.822319 0
0.188216 0.842470 0
0.121404 0.842363 0
98 3
0.184760 0.822319 0
0.121404 0.842363 0
0.124862 0.822312 0
99 3
0.184760 0.822319 0
0.124862 0.822312 0
0.157014 0.754046 0
100 3
0.124862 0.822312 0
0.123757 0.753898 0
0.157014 0.754046 0
101 3
0.086442 0.763267 0
0.124862 0.822312 0
0.121404 0.842363 0
102 3
0.184760 0.822319 0
0.157014 0.754046 0
0.185864 0.753903 0
103 3
0.184760 0.822319 0
0.185864 0.753903 0
0.223469 0.763786 0
104 3
0.086442 0.763267 0
0.123757 0.753898 0
0.124862 0.822312 0
105 3
0.062232 0.844221 0
0.086442 0.763267 0
0.121404 0.842363 0
106 3
0.022406 0.581592 0
0.101315 0.637642 0
0.050014 0.762872 0
107 3
0.253647 0.762872 0
0.204014 0.637642 0
0.281255 0.581592 0
108 3
0.223469 0.763786 0
0.204014 0.637642 0
0.253647 0.762872 0
109 3
0.086442 0.763267 0
0.062232 0.844221 0
0.050014 0.762872 0
110 3
0.086442 0.763267 0
0.050014 0.762872 0
0.101315 0.637642 0
111 3
0.223469 0.763786 0
0.253647 0.762872 0
0.246514 0.844221 0
112 3
0.028220 0.461176 0
0.037418 0.428113 0
0.063399 0.426330 0
113 3
0.017958 0.356836 0
0.037418 0.428113 0
0.028220 0.461176 0
114 3
0.063399 0.426330 0
0.037418 0.428113 0
0.017958 0.356836 0
115 3
0.238087 0.417686 0
0.258796 0.419469 0
0.273267 0.442724 0
116 3
0.282442 0.356836 0
0.258796 0.419469 0
0.238087 0.417686 0
117 3
0.273267 0.442724 0
0.258796 0.419469 0
0.282442 0.356836 0
118 3
0.388517 0.073808 0
0.244419 0.078697 0
0.259568 0.189412 0
119 3
0.259568 0.189412 0
0.244419 0.078697 0
0.388517 0.073808 0
120 3
0.388194 0.171276 0
0.365818 0.318914 0
0.511747 0.284516 0
121 3
0.511747 0.284516 0
0.510617 0.155753 0
0.388194 0.171276 0
122 3
0.511747 0.284516 0
0.365818 0.318914 0
0.388194 0.171276 0
123 3
0.388194 0.171276 0
0.510617 0.155753 0
0.511747 0.284516 0
124 3
0.365818 0.318914 0
0.390039 0.545899 0
0.472069 0.453049 0
125 3
0.365818 0.318914 0
0.305476 0.433819 0
0.390039 0.545899 0
126 3
0.365818 0.318914 0
0.472069 0.453049 0
0.390039 0.545899 0
127 3
0.390039 0.545899 0
0.305476 0.433819 0
0.365818 0.318914 0
128 3
0.491743 0.789546 0
0.491161 0.992897 0
0.649252 0.991951 0
129 3
0.649252 0.991951 0
0.648279 0.789970 0
0.491743 0.789546 0
130 3
0.649252 0.991951 0
0.491161 0.992897 0
0.491743 0.789546 0
131 3
0.491743 0.789546 0
0.648279 0.789970 0
0.649252 0.991951 0
132 3
0.520059 0.436314 0
0.483121 0.669333 0
0.525735 0.609512 0
133 3
0.525735 0.609512 0
0.545989 0.467390 0
0.520059 0.436314 0
134 3
0.520059 0.436314 0
0.545989 0.467390 0
0.525735 0.609512 0
135 3
0.520059 0.436314 0
0.525735 0.609512 0
0.483121 0.669333 0
136 3
0.228813 0.934734 0
0.373616 0.864769 0
0.246051 0.843915 0
137 3
0.228813 0.934734 0
0.246051 0.843915 0
0.373616 0.864769 0
138 3
0.646868 0.993130 0
0.649252 0.991951 0
0.501399 0.992827 0
139 3
0.501399 0.992827 0
0.649252 0.991951 0
0.491161 0.992897 0
140 3
0.501399 0.992827 0
0.491161 0.992897 0
0.386577 0.993013 0
141 3
0.646868 0.993130 0
0.762185 0.992095 0
0.649252 0.991951 0
142 3
0.157148 0.095934 0
0.065192 0.081104 0
0.156991 0.013352 0
143 3
0.912532 0.995051 0
0.987502 0.988582 0
0.912440 0.984464 0
144 3
0.912532 0.995051 0
0.987702 0.990833 0
0.987502 0.988582 0
145 3
0.648279 0.789970 0
0.762443 0.700854 0
0.648219 0.687193 0
146 3
0.648279 0.789970 0
0.761970 0.789122 0
0.762443 0.700854 0
147 3
0.762065 0.148279 0
0.761173 0.069057 0
0.648035 0.074275 0
148 3
0.649950 0.156518 0
0.762065 0.148279 0
0.648035 0.074275 0
149 3
0.649950 0.156518 0
0.648035 0.074275 0
0.512018 0.075481 0
150 3
0.510617 0.155753 0
0.649950 0.156518 0
0.512018 0.075481 0
151 3
0.510617 0.155753 0
0.512018 0.075481 0
0.388517 0.073808 0
152 3
0.388194 0.171276 0
0.510617 0.155753 0
0.388517 0.073808 0
153 3
0.511747 0.284516 0
0.649067 0.412496 0
0.649290 0.278104 0
154 3
0.472069 0.453049 0
0.520059 0.436314 0
0.511747 0.284516 0
155 3
0.649634 0.581909 0
0.761944 0.589016 0
0.760984 0.404896 0
156 3
0.649634 0.581909 0
0.760984 0.404896 0
0.649067 0.412496 0
157 3
0.386577 0.993013 0
0.491161 0.992897 0
0.386680 0.962085 0
158 3
0.386680 0.962085 0
0.491161 0.992897 0
0.417768 0.908644 0
159 3
0.987702 0.990833 0
0.912532 0.995051 0
0.912550 0.945022 0
160 3
0.987502 0.988582 0
0.987330 0.933150 0
0.912341 0.931796 0
161 3
0.987502 0.988582 0
0.912341 0.931796 0
0.912440 0.984464 0
162 3
0.512018 0.075481 0
0.510326 0.005923 0
0.446011 0.005823 0
163 3
0.388517 0.073808 0
0.512018 0.075481 0
0.446011 0.005823 0
164 3
0.577945 0.006417 0
0.671493 0.004674 0
0.589209 0.119870 0
165 3
0.649067 0.412496 0
0.760984 0.404896 0
0.762208 0.270853 0
166 3
0.649067 0.412496 0
0.762208 0.270853 0
0.649290 0.278104 0
167 3
0.762208 0.270853 0
0.762065 0.148279 0
0.649950 0.156518 0
168 3
0.762208 0.270853 0
0.649950 0.156518 0
0.649290 0.278104 0
169 3
0.754914 0.028237 0
0.824106 0.098284 0
0.589209 0.119870 0
170 3
0.417768 0.908644 0
0.442227 0.789665 0
0.373616 0.864769 0
171 3
0.417768 0.908644 0
0.491743 0.789546 0
0.442227 0.789665 0
172 3
0.671493 0.004674 0
0.754914 0.028237 0
0.589209 0.119870 0
173 3
0.487268 0.028471 0
0.577945 0.006417 0
0.589209 0.119870 0
174 3
0.428215 0.119723 0
0.487268 0.028471 0
0.589209 0.119870 0
175 3
0.417768 0.908644 0
0.491161 0.992897 0
0.491743 0.789546 0
176 3
0.511747 0.284516 0
0.649290 0.278104 0
0.649950 0.156518 0
177 3
0.511747 0.284516 0
0.649950 0.156518 0
0.510617 0.155753 0
178 3
0.380596 0.004628 0
0.388517 0.073808 0
0.446011 0.005823 0
179 3
0.156991 0.013352 0
0.065192 0.081104 0
0.088495 0.004950 0
180 3
0.388517 0.073808 0
0.380596 0.004628 0
0.244419 0.078697 0
181 3
0.512018 0.075481 0
0.648035 0.074275 0
0.648419 0.005674 0
182 3
0.512018 0.075481 0
0.648419 0.005674 0
0.510326 0.005923 0
183 3
0.390039 0.545899 0
0.442055 0.622861 0
0.472069 0.453049 0
184 3
0.101454 0.455002 0
0.104880 0.348810 0
0.128989 0.389800 0
185 3
0.063399 0.426330 0
0.065757 0.345879 0
0.104880 0.348810 0
186 3
0.101454 0.455002 0
0.063399 0.426330 0
0.104880 0.348810 0
187 3
0.028220 0.461176 0
0.003665 0.433512 0
0.017958 0.356836 0
188 3
0.065757 0.345879 0
0.063399 0.426330 0
0.017958 0.356836 0
189 3
0.131010 0.607550 0
0.101315 0.637642 0
0.131291 0.571440 0
190 3
0.132421 0.653726 0
0.101315 0.637642 0
0.131010 0.607550 0
191 3
0.282633 0.354686 0
0.365818 0.318914 0
0.259568 0.189412 0
192 3
0.282633 0.354686 0
0.305476 0.433819 0
0.365818 0.318914 0
193 3
0.134156 0.431260 0
0.101454 0.455002 0
0.128989 0.389800 0
194 3
0.065757 0.345879 0
0.017958 0.356836 0
0.049758 0.191994 0
195 3
0.390039 0.545899 0
0.305476 0.433819 0
0.281126 0.579877 0
196 3
0.003665 0.433512 0
0.028220 0.461176 0
0.022406 0.581592 0
197 3
0.028220 0.461176 0
0.062995 0.483205 0
0.022406 0.581592 0
198 3
0.062995 0.483205 0
0.063399 0.426330 0
0.101454 0.455002 0
199 3
0.028220 0.461176 0
0.063399 0.426330 0
0.062995 0.483205 0
200 3
0.062995 0.483205 0
0.101454 0.455002 0
0.102412 0.581471 0
201 3
0.062995 0.483205 0
0.102412 0.581471 0
0.022406 0.581592 0
202 3
0.022406 0.581592 0
0.102412 0.581471 0
0.101315 0.637642 0
203 3
0.136200 0.486703 0
0.102412 0.581471 0
0.134156 0.431260 0
204 3
0.102412 0.581471 0
0.131291 0.571440 0
0.101315 0.637642 0
205 3
0.136200 0.486703 0
0.131291 0.571440 0
0.102412 0.581471 0
206 3
0.102412 0.581471 0
0.101454 0.455002 0
0.134156 0.431260 0
207 3
0.797917 0.990605 0
0.891021 0.989934 0
0.761027 0.989934 0
208 3
0.646868 0.993130 0
0.501399 0.992827 0
0.649252 0.991951 0
209 3
0.501399 0.992827 0
0.491161 0.992897 0
0.649252 0.991951 0
210 3
0.501399 0.992827 0
0.386577 0.993013 0
0.491161 0.992897 0
211 3
0.386577 0.993013 0
0.386680 0.962085 0
0.386680 0.962085 0
212 3
0.386577 0.993013 0
0.386680 0.962085 0
0.386577 0.993013 0
213 3
0.501399 0.992827 0
0.386577 0.993013 0
0.386577 0.993013 0
214 3
0.891218 0.146379 0
0.761192 0.070016 0
0.760956 0.146379 0
215 3
0.891218 0.146379 0
0.890562 0.070016 0
0.761192 0.070016 0
216 3
0.827316 0.041118 0
0.589209 0.119870 0
0.824106 0.098284 0
217 3
0.890562 0.070016 0
0.889660 0.004950 0
0.761516 0.004950 0
218 3
0.890562 0.070016 0
0.761516 0.004950 0
0.761192 0.070016 0
219 3
0.891435 0.270988 0
0.760956 0.146379 0
0.760878 0.270988 0
220 3
0.891435 0.270988 0
0.891218 0.146379 0
0.760956 0.146379 0
221 3
0.891341 0.406008 0
0.760878 0.270988 0
0.760912 0.406008 0
222 3
0.891341 0.406008 0
0.891435 0.270988 0
0.760878 0.270988 0
223 3
0.891180 0.588052 0
0.760912 0.406008 0
0.760970 0.588052 0
224 3
0.891180 0.588052 0
0.891341 0.406008 0
0.760912 0.406008 0
225 3
0.891122 0.701257 0
0.760970 0.588052 0
0.760991 0.701257 0
226 3
0.891122 0.701257 0
0.891180 0.588052 0
0.760970 0.588052 0
227 3
0.890971 0.789966 0
0.760991 0.701257 0
0.761045 0.789966 0
228 3
0.890971 0.789966 0
0.891122 0.701257 0
0.760991 0.701257 0
229 3
0.891021 0.989934 0
0.761045 0.789966 0
0.761027 0.989934 0
230 3
0.891021 0.989934 0
0.890971 0.789966 0
0.761045 0.789966 0
231 3
0.646868 0.993130 0
0.649252 0.991951 0
0.762185 0.992095 0
232 3
0.157148 0.095934 0
0.156991 0.013352 0
0.244776 0.081104 0
233 3
0.131010 0.607550 0
0.174080 0.571440 0
0.174362 0.607550 0
234 3
0.131010 0.607550 0
0.131291 0.571440 0
0.174080 0.571440 0
235 3
0.132421 0.653726 0
0.174362 0.607550 0
0.172951 0.653726 0
236 3
0.131010 0.607550 0
0.174362 0.607550 0
0.132421 0.653726 0
237 3
0.104880 0.348810 0
0.156470 0.205808 0
0.200623 0.348810 0
238 3
0.128989 0.389800 0
0.200623 0.348810 0
0.172107 0.389800 0
239 3
0.128989 0.389800 0
0.104880 0.348810 0
0.200623 0.348810 0
240 3
0.134156 0.431260 0
0.172107 0.389800 0
0.166939 0.431260 0
241 3
0.128989 0.389800 0
0.172107 0.389800 0
0.134156 0.431260 0
242 3
0.165187 0.486703 0
0.174080 0.571440 0
0.131291 0.571440 0
243 3
0.136200 0.486703 0
0.165187 0.486703 0
0.131291 0.571440 0
244 3
0.166939 0.431260 0
0.165187 0.486703 0
0.136200 0.486703 0
245 3
0.134156 0.431260 0
0.166939 0.431260 0
0.136200 0.486703 0
246 3
0.912532 0.995051 0
0.912440 0.984464 0
0.987502 0.988582 0
247 3
0.912532 0.995051 0
0.987502 0.988582 0
0.987702 0.990833 0
248 3
0.648279 0.789970 0
0.648219 0.687193 0
0.762443 0.700854 0
249 3
0.648279 0.789970 0
0.762443 0.700854 0
0.761970 0.789122 0
250 3
0.762065 0.148279 0
0.648035 0.074275 0
0.761173 0.069057 0
251 3
0.649950 0.156518 0
0.648035 0.074275 0
0.762065 0.148279 0
252 3
0.649950 0.156518 0
0.512018 0.075481 0
0.648035 0.074275 0
253 3
0.510617 0.155753 0
0.512018 0.075481 0
0.649950 0.156518 0
254 3
0.510617 0.155753 0
0.388517 0.073808 0
0.512018 0.075481 0
255 3
0.388194 0.171276 0
0.388517 0.073808 0
0.510617 0.155753 0
256 3
0.472069 0.453049 0
0.511747 0.284516 0
0.520059 0.436314 0
257 3
0.649634 0.581909 0
0.760984 0.404896 0
0.761944 0.589016 0
258 3
0.649634 0.581909 0
0.649067 0.412496 0
0.760984 0.404896 0
259 3
0.386577 0.993013 0
0.386680 0.962085 0
0.491161 0.992897 0
260 3
0.386680 0.962085 0
0.417768 0.908644 0
0.491161 0.992897 0
261 3
0.987702 0.990833 0
0.912550 0.945022 0
0.912532 0.995051 0
262 3
0.987502 0.988582 0
0.912341 0.931796 0
0.987330 0.933150 0
263 3
0.987502 0.988582 0
0.912440 0.984464 0
0.912341 0.931796 0
264 3
0.512018 0.075481 0
0.446011 0.005823 0
0.510326 0.005923 0
265 3
0.388517 0.073808 0
0.446011 0.005823 0
0.512018 0.075481 0
266 3
0.573612 0.003958 0
0.589209 0.119870 0
0.667186 0.004635 0
267 3
0.649067 0.412496 0
0.762208 0.270853 0
0.760984 0.404896 0
268 3
0.649067 0.412496 0
0.649290 0.278104 0
0.762208 0.270853 0
269 3
0.762208 0.270853 0
0.649950 0.156518 0
0.762065 0.148279 0
270 3
0.762208 0.270853 0
0.649290 0.278104 0
0.649950 0.156518 0
271 3
0.761756 0.006067 0
0.589209 0.119870 0
0.827316 0.041118 0
272 3
0.417768 0.908644 0
0.373616 0.864769 0
0.442227 0.789665 0
273 3
0.417768 0.908644 0
0.442227 0.789665 0
0.491743 0.789546 0
274 3
0.667186 0.004635 0
0.589209 0.119870 0
0.761756 0.006067 0
275 3
0.471480 0.003106 0
0.589209 0.119870 0
0.573612 0.003958 0
276 3
0.428215 0.119723 0
0.589209 0.119870 0
0.471480 0.003106 0
277 3
0.417768 0.908644 0
0.491743 0.789546 0
0.491161 0.992897 0
278 3
0.511747 0.284516 0
0.649950 0.156518 0
0.649290 0.278104 0
279 3
0.511747 0.284516 0
0.510617 0.155753 0
0.649950 0.156518 0
280 3
0.380596 0.004628 0
0.446011 0.005823 0
0.388517 0.073808 0
281 3
0.156991 0.013352 0
0.221416 0.004950 0
0.244776 0.081104 0
282 3
0.388517 0.073808 0
0.244419 0.078697 0
0.380596 0.004628 0
283 3
0.512018 0.075481 0
0.648419 0.005674 0
0.648035 0.074275 0
284 3
0.512018 0.075481 0
0.510326 0.005923 0
0.648419 0.005674 0
285 3
0.390039 0.545899 0
0.472069 0.453049 0
0.442055 0.622861 0
286 3
0.199742 0.451721 0
0.172107 0.389800 0
0.200623 0.348810 0
287 3
0.238087 0.417686 0
0.200623 0.348810 0
0.239455 0.345879 0
288 3
0.199742 0.451721 0
0.200623 0.348810 0
0.238087 0.417686 0
289 3
0.273267 0.442724 0
0.282442 0.356836 0
0.306247 0.433512 0
290 3
0.239455 0.345879 0
0.282442 0.356836 0
0.238087 0.417686 0
291 3
0.174362 0.607550 0
0.174080 0.571440 0
0.204014 0.637642 0
292 3
0.172951 0.653726 0
0.174362 0.607550 0
0.204014 0.637642 0
293 3
0.282633 0.354686 0
0.259568 0.189412 0
0.365818 0.318914 0
294 3
0.282633 0.354686 0
0.365818 0.318914 0
0.305476 0.433819 0
295 3
0.166939 0.431260 0
0.172107 0.389800 0
0.199742 0.451721 0
296 3
0.239455 0.345879 0
0.258873 0.191994 0
0.282442 0.356836 0
297 3
0.390039 0.545899 0
0.281126 0.579877 0
0.305476 0.433819 0
298 3
0.306247 0.433512 0
0.281255 0.581592 0
0.273267 0.442724 0
299 3
0.273267 0.442724 0
0.281255 0.581592 0
0.238492 0.467894 0
300 3
0.238492 0.467894 0
0.199742 0.451721 0
0.238087 0.417686 0
301 3
0.238492 0.467894 0
0.238087 0.417686 0
0.273267 0.442724 0
302 3
0.238492 0.467894 0
0.202679 0.581471 0
0.199742 0.451721 0
303 3
0.238492 0.467894 0
0.281255 0.581592 0
0.202679 0.581471 0
304 3
0.281255 0.581592 0
0.204014 0.637642 0
0.202679 0.581471 0
305 3
0.165187 0.486703 0
0.166939 0.431260 0
0.202679 0.581471 0
306 3
0.202679 0.581471 0
0.204014 0.637642 0
0.174080 0.571440 0
307 3
0.165187 0.486703 0
0.202679 0.581471 0
0.174080 0.571440 0
308 3
0.202679 0.581471 0
0.166939 0.431260 0
0.199742 0.451721 0
4
0.000000 0.000000 0.000000
0.000000 0.000000 0.000000
0.000000 0.000000 0.000000
1.000000 1.000000 1.000000
