1
5
C:\MIDWAY\NBAonNBC\HEADS\Minnesota_Timberwolves\LWO\hd_tgugi.TGA
C:\MIDWAY\NBAonNBC\HEADS\Minnesota_Timberwolves\LWO\hd_tgugi.TGA
C:\MIDWAY\NBAonNBC\HEADS\Minnesota_Timberwolves\LWO\hd_tgugi.TGA
C:\MIDWAY\NBAonNBC\HEADS\Minnesota_Timberwolves\LWO\hd_tgugi.TGA
C:\MIDWAY\NBAonNBC\HEADS\Minnesota_Timberwolves\LWO\hd_tgugi.TGA
317
0 3
0.624696 0.471773 0
0.724697 0.455751 0
0.724891 0.282539 0
1 3
0.624696 0.471773 0
0.724891 0.282539 0
0.602570 0.437625 0
2 3
0.624696 0.471773 0
0.724891 0.282539 0
0.724697 0.455751 0
3 3
0.624696 0.471773 0
0.602570 0.437625 0
0.724891 0.282539 0
4 3
0.602570 0.437625 0
0.724891 0.282539 0
0.584335 0.297123 0
5 3
0.602570 0.437625 0
0.584335 0.297123 0
0.724891 0.282539 0
6 3
0.476109 0.889215 0
0.434178 0.847595 0
0.336405 0.937385 0
7 3
0.476109 0.889215 0
0.334605 0.981286 0
0.336405 0.937385 0
8 3
0.476109 0.889215 0
0.336405 0.937385 0
0.334605 0.981286 0
9 3
0.476109 0.889215 0
0.336405 0.937385 0
0.434178 0.847595 0
10 3
0.334605 0.981286 0
0.421472 0.957940 0
0.476109 0.889215 0
11 3
0.334605 0.981286 0
0.476109 0.889215 0
0.421472 0.957940 0
12 3
0.537205 0.683461 0
0.429477 0.618403 0
0.434178 0.847595 0
13 3
0.434178 0.847595 0
0.535063 0.815381 0
0.537205 0.683461 0
14 3
0.434178 0.847595 0
0.429477 0.618403 0
0.537205 0.683461 0
15 3
0.537205 0.683461 0
0.535063 0.815381 0
0.434178 0.847595 0
16 3
0.448022 0.061169 0
0.574727 0.086084 0
0.487644 0.008575 0
17 3
0.448022 0.061169 0
0.487644 0.013744 0
0.574727 0.086084 0
18 3
0.409950 0.007872 0
0.448022 0.061169 0
0.487644 0.008575 0
19 3
0.409950 0.012359 0
0.487644 0.013744 0
0.448022 0.061169 0
20 3
0.536693 0.611527 0
0.545089 0.669836 0
0.578920 0.657071 0
21 3
0.536693 0.611527 0
0.578920 0.657071 0
0.615958 0.570805 0
22 3
0.550043 0.481572 0
0.536693 0.611527 0
0.615958 0.570805 0
23 3
0.591848 0.444900 0
0.550043 0.481572 0
0.615958 0.570805 0
24 3
0.615958 0.570805 0
0.611919 0.475991 0
0.591848 0.444900 0
25 3
0.578920 0.657071 0
0.545089 0.669836 0
0.536693 0.611527 0
26 3
0.615958 0.570805 0
0.578920 0.657071 0
0.536693 0.611527 0
27 3
0.615958 0.570805 0
0.536693 0.611527 0
0.550043 0.481572 0
28 3
0.615958 0.570805 0
0.550043 0.481572 0
0.591848 0.444900 0
29 3
0.591848 0.444900 0
0.611919 0.475991 0
0.615958 0.570805 0
30 3
0.550043 0.481572 0
0.434523 0.136159 0
0.341207 0.378782 0
31 3
0.550043 0.481572 0
0.341207 0.378782 0
0.394912 0.481586 0
32 3
0.341207 0.378782 0
0.434523 0.136159 0
0.550043 0.481572 0
33 3
0.550043 0.481572 0
0.394912 0.481586 0
0.341207 0.378782 0
34 3
0.434178 0.847595 0
0.429477 0.618403 0
0.354550 0.613172 0
35 3
0.434178 0.847595 0
0.354550 0.613172 0
0.429477 0.618403 0
36 3
0.429477 0.618403 0
0.394912 0.481586 0
0.354550 0.613172 0
37 3
0.429477 0.618403 0
0.354550 0.613172 0
0.394912 0.481586 0
38 3
0.394912 0.481586 0
0.429477 0.618403 0
0.550043 0.481572 0
39 3
0.550043 0.481572 0
0.429477 0.618403 0
0.394912 0.481586 0
40 3
0.846378 0.382674 0
0.783733 0.474409 0
0.719146 0.382674 0
41 3
0.782540 0.251259 0
0.846378 0.382674 0
0.719146 0.382674 0
42 3
0.724547 0.561104 0
0.700374 0.700417 0
0.785116 0.783488 0
43 3
0.785116 0.783488 0
0.700374 0.700417 0
0.724547 0.561104 0
44 3
0.851633 0.557781 0
0.724547 0.561104 0
0.785116 0.783488 0
45 3
0.851633 0.557781 0
0.785116 0.783488 0
0.724547 0.561104 0
46 3
0.746634 0.820307 0
0.785116 0.783488 0
0.700374 0.700417 0
47 3
0.700374 0.700417 0
0.785116 0.783488 0
0.746634 0.820307 0
48 3
0.671835 0.803802 0
0.746634 0.820307 0
0.700374 0.700417 0
49 3
0.671835 0.803802 0
0.700374 0.700417 0
0.746634 0.820307 0
50 3
0.122105 0.944993 0
0.086266 0.934978 0
0.070016 0.847848 0
51 3
0.222682 0.847848 0
0.206433 0.934978 0
0.170593 0.944993 0
52 3
0.125437 0.854206 0
0.122105 0.944993 0
0.070016 0.847848 0
53 3
0.175595 0.854302 0
0.222682 0.847848 0
0.170593 0.944993 0
54 3
0.111868 0.992309 0
0.122105 0.944993 0
0.170593 0.944993 0
55 3
0.111868 0.992309 0
0.170593 0.944993 0
0.180907 0.992309 0
56 3
0.125437 0.854206 0
0.175595 0.854302 0
0.170593 0.944993 0
57 3
0.170593 0.944993 0
0.122105 0.944993 0
0.125437 0.854206 0
58 3
0.086266 0.934978 0
0.122105 0.944993 0
0.111868 0.992309 0
59 3
0.206433 0.934978 0
0.180907 0.992309 0
0.170593 0.944993 0
60 3
0.421472 0.957940 0
0.421472 0.957940 0
0.334605 0.981286 0
61 3
0.421472 0.957940 0
0.334605 0.981286 0
0.334605 0.981286 0
62 3
0.746634 0.820307 0
0.671835 0.803802 0
0.672934 0.993137 0
63 3
0.672934 0.993137 0
0.671835 0.803802 0
0.746634 0.820307 0
64 3
0.742590 0.989944 0
0.746634 0.820307 0
0.672934 0.993137 0
65 3
0.742590 0.989944 0
0.672934 0.993137 0
0.746634 0.820307 0
66 3
0.700374 0.700417 0
0.724547 0.561104 0
0.626823 0.571460 0
67 3
0.700374 0.700417 0
0.626823 0.571460 0
0.578944 0.678218 0
68 3
0.700374 0.700417 0
0.578944 0.678218 0
0.626823 0.571460 0
69 3
0.700374 0.700417 0
0.626823 0.571460 0
0.724547 0.561104 0
70 3
0.724891 0.282539 0
0.724025 0.181886 0
0.575929 0.170235 0
71 3
0.575929 0.170235 0
0.724025 0.181886 0
0.724891 0.282539 0
72 3
0.584335 0.297123 0
0.724891 0.282539 0
0.575929 0.170235 0
73 3
0.584335 0.297123 0
0.575929 0.170235 0
0.724891 0.282539 0
74 3
0.584335 0.297123 0
0.434523 0.136159 0
0.550043 0.481572 0
75 3
0.550043 0.481572 0
0.574232 0.435568 0
0.584335 0.297123 0
76 3
0.550043 0.481572 0
0.434523 0.136159 0
0.584335 0.297123 0
77 3
0.584335 0.297123 0
0.574232 0.435568 0
0.550043 0.481572 0
78 3
0.175595 0.854302 0
0.176575 0.814377 0
0.211295 0.777279 0
79 3
0.085569 0.776715 0
0.124459 0.814377 0
0.125437 0.854206 0
80 3
0.176575 0.814377 0
0.175595 0.854302 0
0.125437 0.854206 0
81 3
0.176575 0.814377 0
0.125437 0.854206 0
0.124459 0.814377 0
82 3
0.449088 0.097003 0
0.434523 0.136159 0
0.584335 0.297123 0
83 3
0.449088 0.097003 0
0.584335 0.297123 0
0.434523 0.136159 0
84 3
0.449088 0.097003 0
0.340777 0.116045 0
0.434523 0.136159 0
85 3
0.449088 0.097003 0
0.434523 0.136159 0
0.340777 0.116045 0
86 3
0.449088 0.097003 0
0.448022 0.061169 0
0.318572 0.056853 0
87 3
0.449088 0.097003 0
0.318572 0.056853 0
0.340777 0.116045 0
88 3
0.449088 0.097003 0
0.340777 0.116045 0
0.318572 0.056853 0
89 3
0.449088 0.097003 0
0.318572 0.056853 0
0.448022 0.061169 0
90 3
0.060523 0.128002 0
0.068688 0.051999 0
0.146290 0.048539 0
91 3
0.060523 0.128002 0
0.146290 0.048539 0
0.146296 0.099393 0
92 3
0.146290 0.048539 0
0.225574 0.051999 0
0.230516 0.114669 0
93 3
0.230516 0.114669 0
0.146296 0.099393 0
0.146290 0.048539 0
94 3
0.434178 0.847595 0
0.345652 0.807409 0
0.354550 0.613172 0
95 3
0.434178 0.847595 0
0.354550 0.613172 0
0.345652 0.807409 0
96 3
0.222682 0.847848 0
0.175595 0.854302 0
0.211295 0.777279 0
97 3
0.176575 0.814377 0
0.124459 0.814377 0
0.148432 0.781706 0
98 3
0.124459 0.814377 0
0.129545 0.780861 0
0.148432 0.781706 0
99 3
0.176575 0.814377 0
0.148432 0.781706 0
0.167320 0.780861 0
100 3
0.176575 0.814377 0
0.167320 0.780861 0
0.211295 0.777279 0
101 3
0.085569 0.776715 0
0.129545 0.780861 0
0.124459 0.814377 0
102 3
0.070016 0.847848 0
0.085569 0.776715 0
0.125437 0.854206 0
103 3
0.045622 0.610232 0
0.108874 0.643721 0
0.063396 0.771647 0
104 3
0.235553 0.771647 0
0.192353 0.643721 0
0.257139 0.610232 0
105 3
0.211295 0.777279 0
0.192353 0.643721 0
0.235553 0.771647 0
106 3
0.085569 0.776715 0
0.108874 0.643721 0
0.129575 0.780364 0
107 3
0.192353 0.643721 0
0.167290 0.780329 0
0.157770 0.666884 0
108 3
0.157770 0.666884 0
0.167290 0.780329 0
0.147337 0.666884 0
109 3
0.167290 0.780329 0
0.129575 0.780364 0
0.147337 0.666884 0
110 3
0.147337 0.666884 0
0.129575 0.780364 0
0.108874 0.643721 0
111 3
0.085569 0.776715 0
0.070016 0.847848 0
0.063396 0.771647 0
112 3
0.085569 0.776715 0
0.063396 0.771647 0
0.108874 0.643721 0
113 3
0.211295 0.777279 0
0.167290 0.780329 0
0.192353 0.643721 0
114 3
0.211295 0.777279 0
0.235553 0.771647 0
0.222682 0.847848 0
115 3
0.034615 0.460962 0
0.043781 0.430119 0
0.069757 0.427225 0
116 3
0.036656 0.373418 0
0.043781 0.430119 0
0.034615 0.460962 0
117 3
0.069757 0.427225 0
0.043781 0.430119 0
0.036656 0.373418 0
118 3
0.222941 0.427225 0
0.248056 0.430119 0
0.258084 0.460962 0
119 3
0.257218 0.373418 0
0.248056 0.430119 0
0.222941 0.427225 0
120 3
0.258084 0.460962 0
0.248056 0.430119 0
0.257218 0.373418 0
121 3
0.575929 0.170235 0
0.449088 0.097003 0
0.584335 0.297123 0
122 3
0.449088 0.097003 0
0.575929 0.170235 0
0.584335 0.297123 0
123 3
0.572155 0.806930 0
0.478443 0.991636 0
0.672934 0.993137 0
124 3
0.672934 0.993137 0
0.671835 0.803802 0
0.572155 0.806930 0
125 3
0.672934 0.993137 0
0.478443 0.991636 0
0.572155 0.806930 0
126 3
0.572155 0.806930 0
0.671835 0.803802 0
0.672934 0.993137 0
127 3
0.578944 0.678218 0
0.535063 0.815381 0
0.572155 0.806930 0
128 3
0.578944 0.678218 0
0.572155 0.806930 0
0.700374 0.700417 0
129 3
0.578944 0.678218 0
0.700374 0.700417 0
0.572155 0.806930 0
130 3
0.578944 0.678218 0
0.572155 0.806930 0
0.535063 0.815381 0
131 3
0.336405 0.937385 0
0.434178 0.847595 0
0.340197 0.873439 0
132 3
0.345652 0.807409 0
0.340197 0.873439 0
0.434178 0.847595 0
133 3
0.345652 0.807409 0
0.434178 0.847595 0
0.340197 0.873439 0
134 3
0.336405 0.937385 0
0.340197 0.873439 0
0.434178 0.847595 0
135 3
0.673112 0.991069 0
0.672934 0.993137 0
0.481465 0.992816 0
136 3
0.481465 0.992816 0
0.672934 0.993137 0
0.478443 0.991636 0
137 3
0.481465 0.992816 0
0.478443 0.991636 0
0.426886 0.992639 0
138 3
0.673112 0.991069 0
0.742590 0.989944 0
0.672934 0.993137 0
139 3
0.146290 0.048539 0
0.068688 0.051999 0
0.147579 0.012760 0
140 3
0.535063 0.815381 0
0.578944 0.678218 0
0.537205 0.683461 0
141 3
0.914199 0.985538 0
0.940396 0.977980 0
0.913919 0.975268 0
142 3
0.914199 0.985538 0
0.932156 0.982197 0
0.940396 0.977980 0
143 3
0.572155 0.806930 0
0.671835 0.803802 0
0.700374 0.700417 0
144 3
0.851373 0.185071 0
0.850454 0.097988 0
0.723926 0.097108 0
145 3
0.724025 0.181886 0
0.851373 0.185071 0
0.723926 0.097108 0
146 3
0.724025 0.181886 0
0.723926 0.097108 0
0.574727 0.086084 0
147 3
0.575929 0.170235 0
0.724025 0.181886 0
0.574727 0.086084 0
148 3
0.575929 0.170235 0
0.574727 0.086084 0
0.448022 0.061169 0
149 3
0.449088 0.097003 0
0.575929 0.170235 0
0.448022 0.061169 0
150 3
0.574232 0.435568 0
0.602570 0.437625 0
0.584335 0.297123 0
151 3
0.724547 0.561104 0
0.851633 0.557781 0
0.851813 0.448568 0
152 3
0.724547 0.561104 0
0.851813 0.448568 0
0.724697 0.455751 0
153 3
0.626823 0.571460 0
0.724547 0.561104 0
0.724697 0.455751 0
154 3
0.626823 0.571460 0
0.724697 0.455751 0
0.624696 0.471773 0
155 3
0.426886 0.992639 0
0.478443 0.991636 0
0.421472 0.957940 0
156 3
0.421472 0.957940 0
0.478443 0.991636 0
0.476109 0.889215 0
157 3
0.932156 0.982197 0
0.914199 0.985538 0
0.913984 0.936839 0
158 3
0.912164 0.840734 0
0.914219 0.813509 0
0.929413 0.814940 0
159 3
0.929413 0.814940 0
0.914219 0.813509 0
0.932326 0.814807 0
160 3
0.942726 0.839354 0
0.932326 0.814807 0
0.914219 0.813509 0
161 3
0.912372 0.840959 0
0.942726 0.839354 0
0.914219 0.813509 0
162 3
0.940266 0.924919 0
0.942726 0.839354 0
0.912372 0.840959 0
163 3
0.940266 0.924919 0
0.912372 0.840959 0
0.914337 0.924392 0
164 3
0.940396 0.977980 0
0.940266 0.924919 0
0.914337 0.924392 0
165 3
0.940396 0.977980 0
0.914337 0.924392 0
0.913919 0.975268 0
166 3
0.574727 0.086084 0
0.573847 0.023684 0
0.487644 0.008575 0
167 3
0.685596 0.269177 0
0.684589 0.194987 0
0.782540 0.251259 0
168 3
0.724697 0.455751 0
0.851813 0.448568 0
0.850256 0.282850 0
169 3
0.724697 0.455751 0
0.850256 0.282850 0
0.724891 0.282539 0
170 3
0.850256 0.282850 0
0.851373 0.185071 0
0.724025 0.181886 0
171 3
0.850256 0.282850 0
0.724025 0.181886 0
0.724891 0.282539 0
172 3
0.850454 0.097988 0
0.851202 0.037686 0
0.725536 0.036636 0
173 3
0.850454 0.097988 0
0.725536 0.036636 0
0.723926 0.097108 0
174 3
0.695812 0.079915 0
0.754115 0.033293 0
0.782540 0.251259 0
175 3
0.476109 0.889215 0
0.535063 0.815381 0
0.434178 0.847595 0
176 3
0.476109 0.889215 0
0.572155 0.806930 0
0.535063 0.815381 0
177 3
0.684589 0.194987 0
0.695812 0.079915 0
0.782540 0.251259 0
178 3
0.719146 0.382674 0
0.685596 0.269177 0
0.782540 0.251259 0
179 3
0.476109 0.889215 0
0.478443 0.991636 0
0.572155 0.806930 0
180 3
0.309653 0.007400 0
0.318572 0.056853 0
0.409950 0.007872 0
181 3
0.448022 0.061169 0
0.409950 0.007872 0
0.318572 0.056853 0
182 3
0.574727 0.086084 0
0.723926 0.097108 0
0.725536 0.036636 0
183 3
0.574727 0.086084 0
0.725536 0.036636 0
0.573847 0.023684 0
184 3
0.429477 0.618403 0
0.537205 0.683461 0
0.536693 0.611527 0
185 3
0.429477 0.618403 0
0.536693 0.611527 0
0.550043 0.481572 0
186 3
0.106770 0.461040 0
0.125358 0.373400 0
0.137090 0.426345 0
187 3
0.069757 0.427225 0
0.079846 0.361914 0
0.125358 0.373400 0
188 3
0.106770 0.461040 0
0.069757 0.427225 0
0.125358 0.373400 0
189 3
0.034615 0.460962 0
0.008397 0.456154 0
0.036656 0.373418 0
190 3
0.079846 0.361914 0
0.069757 0.427225 0
0.036656 0.373418 0
191 3
0.146130 0.641663 0
0.108874 0.643721 0
0.138036 0.588340 0
192 3
0.147337 0.666884 0
0.108874 0.643721 0
0.146130 0.641663 0
193 3
0.341207 0.378782 0
0.434523 0.136159 0
0.340777 0.116045 0
194 3
0.125358 0.373400 0
0.079846 0.361914 0
0.060523 0.128002 0
195 3
0.125358 0.373400 0
0.060523 0.128002 0
0.146296 0.099393 0
196 3
0.137677 0.457837 0
0.106770 0.461040 0
0.137090 0.426345 0
197 3
0.079846 0.361914 0
0.036656 0.373418 0
0.060523 0.128002 0
198 3
0.008397 0.456154 0
0.034615 0.460962 0
0.045622 0.610232 0
199 3
0.034615 0.460962 0
0.069354 0.480121 0
0.045622 0.610232 0
200 3
0.069354 0.480121 0
0.069757 0.427225 0
0.106770 0.461040 0
201 3
0.034615 0.460962 0
0.069757 0.427225 0
0.069354 0.480121 0
202 3
0.069354 0.480121 0
0.106770 0.461040 0
0.108510 0.606287 0
203 3
0.069354 0.480121 0
0.108510 0.606287 0
0.045622 0.610232 0
204 3
0.045622 0.610232 0
0.108510 0.606287 0
0.108874 0.643721 0
205 3
0.137749 0.536071 0
0.108510 0.606287 0
0.137677 0.457837 0
206 3
0.108510 0.606287 0
0.138036 0.588340 0
0.108874 0.643721 0
207 3
0.137749 0.536071 0
0.138036 0.588340 0
0.108510 0.606287 0
208 3
0.108510 0.606287 0
0.106770 0.461040 0
0.137677 0.457837 0
209 3
0.810003 0.992800 0
0.878727 0.991703 0
0.736589 0.991703 0
210 3
0.673112 0.991069 0
0.481465 0.992816 0
0.672934 0.993137 0
211 3
0.481465 0.992816 0
0.478443 0.991636 0
0.672934 0.993137 0
212 3
0.481465 0.992816 0
0.426886 0.992639 0
0.478443 0.991636 0
213 3
0.426886 0.992639 0
0.421472 0.957940 0
0.421472 0.957940 0
214 3
0.426886 0.992639 0
0.421472 0.957940 0
0.426886 0.992639 0
215 3
0.481465 0.992816 0
0.426886 0.992639 0
0.426886 0.992639 0
216 3
0.894539 0.151554 0
0.748664 0.047786 0
0.726024 0.151554 0
217 3
0.894539 0.151554 0
0.871899 0.047786 0
0.748664 0.047786 0
218 3
0.815185 0.034834 0
0.782540 0.251259 0
0.754115 0.033293 0
219 3
0.871899 0.047786 0
0.844990 0.007912 0
0.781123 0.006661 0
220 3
0.871899 0.047786 0
0.781123 0.006661 0
0.748664 0.047786 0
221 3
0.897019 0.280027 0
0.726024 0.151554 0
0.723545 0.280027 0
222 3
0.897019 0.280027 0
0.894539 0.151554 0
0.726024 0.151554 0
223 3
0.893518 0.448170 0
0.723545 0.280027 0
0.727046 0.448170 0
224 3
0.893518 0.448170 0
0.897019 0.280027 0
0.723545 0.280027 0
225 3
0.885900 0.553654 0
0.727046 0.448170 0
0.734663 0.553654 0
226 3
0.885900 0.553654 0
0.893518 0.448170 0
0.727046 0.448170 0
227 3
0.886045 0.783621 0
0.734663 0.553654 0
0.733961 0.783621 0
228 3
0.886045 0.783621 0
0.885900 0.553654 0
0.734663 0.553654 0
229 3
0.882926 0.817157 0
0.733961 0.783621 0
0.737080 0.817157 0
230 3
0.882926 0.817157 0
0.886045 0.783621 0
0.733961 0.783621 0
231 3
0.878727 0.991703 0
0.737080 0.817157 0
0.736589 0.991703 0
232 3
0.878727 0.991703 0
0.882926 0.817157 0
0.737080 0.817157 0
233 3
0.673112 0.991069 0
0.672934 0.993137 0
0.742590 0.989944 0
234 3
0.146290 0.048539 0
0.147579 0.012760 0
0.225574 0.051999 0
235 3
0.146130 0.641663 0
0.164987 0.588340 0
0.158978 0.641663 0
236 3
0.146130 0.641663 0
0.138036 0.588340 0
0.164987 0.588340 0
237 3
0.147337 0.666884 0
0.158978 0.641663 0
0.157770 0.666884 0
238 3
0.146130 0.641663 0
0.158978 0.641663 0
0.147337 0.666884 0
239 3
0.125358 0.373400 0
0.146296 0.099393 0
0.174236 0.373400 0
240 3
0.137090 0.426345 0
0.174236 0.373400 0
0.162504 0.426345 0
241 3
0.137090 0.426345 0
0.125358 0.373400 0
0.174236 0.373400 0
242 3
0.137677 0.457837 0
0.162504 0.426345 0
0.161916 0.457837 0
243 3
0.137090 0.426345 0
0.162504 0.426345 0
0.137677 0.457837 0
244 3
0.163560 0.536071 0
0.164987 0.588340 0
0.138036 0.588340 0
245 3
0.137749 0.536071 0
0.163560 0.536071 0
0.138036 0.588340 0
246 3
0.161916 0.457837 0
0.163560 0.536071 0
0.137749 0.536071 0
247 3
0.137677 0.457837 0
0.161916 0.457837 0
0.137749 0.536071 0
248 3
0.535063 0.815381 0
0.537205 0.683461 0
0.578944 0.678218 0
249 3
0.991924 0.987975 0
0.992204 0.977705 0
0.963478 0.980416 0
250 3
0.991924 0.987975 0
0.963478 0.980416 0
0.976216 0.984634 0
251 3
0.572155 0.806930 0
0.700374 0.700417 0
0.671835 0.803802 0
252 3
0.851373 0.185071 0
0.723926 0.097108 0
0.850454 0.097988 0
253 3
0.724025 0.181886 0
0.723926 0.097108 0
0.851373 0.185071 0
254 3
0.724025 0.181886 0
0.574727 0.086084 0
0.723926 0.097108 0
255 3
0.575929 0.170235 0
0.574727 0.086084 0
0.724025 0.181886 0
256 3
0.575929 0.170235 0
0.448022 0.061169 0
0.574727 0.086084 0
257 3
0.449088 0.097003 0
0.448022 0.061169 0
0.575929 0.170235 0
258 3
0.574232 0.435568 0
0.584335 0.297123 0
0.602570 0.437625 0
259 3
0.724547 0.561104 0
0.851813 0.448568 0
0.851633 0.557781 0
260 3
0.724547 0.561104 0
0.724697 0.455751 0
0.851813 0.448568 0
261 3
0.626823 0.571460 0
0.724697 0.455751 0
0.724547 0.561104 0
262 3
0.626823 0.571460 0
0.624696 0.471773 0
0.724697 0.455751 0
263 3
0.426886 0.992639 0
0.421472 0.957940 0
0.478443 0.991636 0
264 3
0.421472 0.957940 0
0.476109 0.889215 0
0.478443 0.991636 0
265 3
0.976216 0.984634 0
0.992139 0.939275 0
0.991924 0.987975 0
266 3
0.991738 0.813509 0
0.991545 0.840734 0
0.976544 0.814940 0
267 3
0.976544 0.814940 0
0.973631 0.814807 0
0.991738 0.813509 0
268 3
0.963232 0.839354 0
0.991738 0.813509 0
0.973631 0.814807 0
269 3
0.993585 0.840959 0
0.991738 0.813509 0
0.963232 0.839354 0
270 3
0.963608 0.924919 0
0.993585 0.840959 0
0.963232 0.839354 0
271 3
0.963608 0.924919 0
0.991786 0.924392 0
0.993585 0.840959 0
272 3
0.963478 0.980416 0
0.991786 0.924392 0
0.963608 0.924919 0
273 3
0.963478 0.980416 0
0.992204 0.977705 0
0.991786 0.924392 0
274 3
0.574727 0.086084 0
0.487644 0.013744 0
0.573847 0.028912 0
275 3
0.880989 0.269177 0
0.782540 0.251259 0
0.882158 0.194987 0
276 3
0.724697 0.455751 0
0.850256 0.282850 0
0.851813 0.448568 0
277 3
0.724697 0.455751 0
0.724891 0.282539 0
0.850256 0.282850 0
278 3
0.850256 0.282850 0
0.724025 0.181886 0
0.851373 0.185071 0
279 3
0.850256 0.282850 0
0.724891 0.282539 0
0.724025 0.181886 0
280 3
0.850454 0.097988 0
0.722419 0.040721 0
0.850147 0.039068 0
281 3
0.850454 0.097988 0
0.723926 0.097108 0
0.722419 0.040721 0
282 3
0.876266 0.084469 0
0.782540 0.251259 0
0.815185 0.034834 0
283 3
0.476109 0.889215 0
0.434178 0.847595 0
0.535063 0.815381 0
284 3
0.476109 0.889215 0
0.535063 0.815381 0
0.572155 0.806930 0
285 3
0.882158 0.194987 0
0.782540 0.251259 0
0.876266 0.084469 0
286 3
0.846378 0.382674 0
0.782540 0.251259 0
0.880989 0.269177 0
287 3
0.476109 0.889215 0
0.572155 0.806930 0
0.478443 0.991636 0
288 3
0.309653 0.007400 0
0.409950 0.012359 0
0.318572 0.056853 0
289 3
0.448022 0.061169 0
0.318572 0.056853 0
0.409950 0.012359 0
290 3
0.574727 0.086084 0
0.722419 0.040721 0
0.723926 0.097108 0
291 3
0.574727 0.086084 0
0.573847 0.028912 0
0.722419 0.040721 0
292 3
0.429477 0.618403 0
0.536693 0.611527 0
0.537205 0.683461 0
293 3
0.429477 0.618403 0
0.550043 0.481572 0
0.536693 0.611527 0
294 3
0.185929 0.461040 0
0.162504 0.426345 0
0.174236 0.373400 0
295 3
0.222941 0.427225 0
0.174236 0.373400 0
0.212737 0.361914 0
296 3
0.185929 0.461040 0
0.174236 0.373400 0
0.222941 0.427225 0
297 3
0.258084 0.460962 0
0.257218 0.373418 0
0.290550 0.456154 0
298 3
0.212737 0.361914 0
0.257218 0.373418 0
0.222941 0.427225 0
299 3
0.158978 0.641663 0
0.164987 0.588340 0
0.192353 0.643721 0
300 3
0.157770 0.666884 0
0.158978 0.641663 0
0.192353 0.643721 0
301 3
0.341207 0.378782 0
0.340777 0.116045 0
0.434523 0.136159 0
302 3
0.174236 0.373400 0
0.230516 0.114669 0
0.212737 0.361914 0
303 3
0.174236 0.373400 0
0.146296 0.099393 0
0.230516 0.114669 0
304 3
0.161916 0.457837 0
0.162504 0.426345 0
0.185929 0.461040 0
305 3
0.212737 0.361914 0
0.230516 0.114669 0
0.257218 0.373418 0
306 3
0.290550 0.456154 0
0.257139 0.610232 0
0.258084 0.460962 0
307 3
0.258084 0.460962 0
0.257139 0.610232 0
0.223345 0.480121 0
308 3
0.223345 0.480121 0
0.185929 0.461040 0
0.222941 0.427225 0
309 3
0.223345 0.480121 0
0.222941 0.427225 0
0.258084 0.460962 0
310 3
0.223345 0.480121 0
0.192522 0.606287 0
0.185929 0.461040 0
311 3
0.223345 0.480121 0
0.257139 0.610232 0
0.192522 0.606287 0
312 3
0.257139 0.610232 0
0.192353 0.643721 0
0.192522 0.606287 0
313 3
0.163560 0.536071 0
0.161916 0.457837 0
0.192522 0.606287 0
314 3
0.192522 0.606287 0
0.192353 0.643721 0
0.164987 0.588340 0
315 3
0.163560 0.536071 0
0.192522 0.606287 0
0.164987 0.588340 0
316 3
0.192522 0.606287 0
0.161916 0.457837 0
0.185929 0.461040 0
4
0.000000 -90.000000 0.000000
0.000000 180.000000 0.000000
0.000000 0.000000 0.000000
14.889297 28.778593 17.612984
4
-90.000000 0.000000 0.000000
0.000000 0.000000 0.000000
0.000000 0.000000 0.000000
8.422132 4.711066 13.193871
4
0.000000 0.000000 0.000000
0.000000 0.000000 0.000000
0.000000 0.000000 0.000000
10.938951 21.846567 16.392759
4
0.000000 0.000000 0.000000
0.000000 0.000000 0.000000
0.000000 0.000000 0.000000
18.424520 5.542790 11.983656
4
0.000000 0.000000 0.000000
0.000000 0.000000 0.000000
0.000000 0.000000 0.000000
7.071085 27.920395 17.495741
