2
1
hd_tkizr
D:\3DBball\Objects\Heads\misc\hd_tkizr.TGA
317
0 3
0.598394 0.324331 0
0.457940 0.318386 0
0.530108 0.397625 0
1 3
0.598394 0.324331 0
0.530108 0.397625 0
0.604859 0.453460 0
2 3
0.598394 0.324331 0
0.604859 0.453460 0
0.530108 0.397625 0
3 3
0.598394 0.324331 0
0.530108 0.397625 0
0.457940 0.318386 0
4 3
0.469149 0.153636 0
0.457940 0.318386 0
0.598394 0.324331 0
5 3
0.598394 0.324331 0
0.572700 0.183762 0
0.469149 0.153636 0
6 3
0.598394 0.324331 0
0.457940 0.318386 0
0.469149 0.153636 0
7 3
0.469149 0.153636 0
0.572700 0.183762 0
0.598394 0.324331 0
8 3
0.284605 0.023359 0
0.267160 0.069749 0
0.346818 0.076355 0
9 3
0.346818 0.076355 0
0.267160 0.069749 0
0.283811 0.023153 0
10 3
0.361779 0.039649 0
0.284605 0.023359 0
0.346818 0.076355 0
11 3
0.362073 0.040289 0
0.346818 0.076355 0
0.283811 0.023153 0
12 3
0.375409 0.959041 0
0.201729 0.994536 0
0.353419 0.844565 0
13 3
0.353419 0.844565 0
0.399256 0.883461 0
0.375409 0.959041 0
14 3
0.353419 0.844565 0
0.201729 0.994536 0
0.375409 0.959041 0
15 3
0.375409 0.959041 0
0.399256 0.883461 0
0.353419 0.844565 0
16 3
0.123545 0.944274 0
0.095142 0.930125 0
0.136865 0.867671 0
17 3
0.185256 0.867784 0
0.224398 0.930125 0
0.197401 0.944274 0
18 3
0.078151 0.836638 0
0.136865 0.867671 0
0.095142 0.930125 0
19 3
0.241508 0.836638 0
0.224398 0.930125 0
0.185256 0.867784 0
20 3
0.857087 0.779531 0
0.919283 0.780071 0
0.918933 0.716265 0
21 3
0.918933 0.716265 0
0.858536 0.716339 0
0.857087 0.779531 0
22 3
0.924593 0.714963 0
0.924287 0.779953 0
0.982537 0.779419 0
23 3
0.982537 0.779419 0
0.981269 0.715037 0
0.924593 0.714963 0
24 3
0.159935 0.063721 0
0.268038 0.069770 0
0.246200 0.327550 0
25 3
0.159935 0.063721 0
0.126246 0.341340 0
0.079210 0.327550 0
26 3
0.159935 0.063721 0
0.079210 0.327550 0
0.045414 0.067619 0
27 3
0.159935 0.063721 0
0.246200 0.327550 0
0.189827 0.341340 0
28 3
0.268038 0.069770 0
0.159935 0.063721 0
0.159165 0.002448 0
29 3
0.045414 0.067619 0
0.062538 0.002629 0
0.159165 0.002448 0
30 3
0.268038 0.069770 0
0.159165 0.002448 0
0.283200 0.022017 0
31 3
0.364525 0.303873 0
0.350646 0.491620 0
0.428004 0.438627 0
32 3
0.364525 0.303873 0
0.428004 0.438627 0
0.451354 0.399618 0
33 3
0.301585 0.434364 0
0.350646 0.491620 0
0.364525 0.303873 0
34 3
0.364525 0.303873 0
0.451354 0.399618 0
0.428004 0.438627 0
35 3
0.364525 0.303873 0
0.428004 0.438627 0
0.351352 0.492384 0
36 3
0.301585 0.433841 0
0.364525 0.303873 0
0.351352 0.492384 0
37 3
0.364525 0.303873 0
0.457940 0.318386 0
0.451354 0.399618 0
38 3
0.364525 0.303873 0
0.451354 0.399618 0
0.457940 0.318386 0
39 3
0.522521 0.407294 0
0.468448 0.412352 0
0.536564 0.460467 0
40 3
0.431684 0.471415 0
0.536564 0.460467 0
0.468448 0.412352 0
41 3
0.536564 0.460467 0
0.468448 0.412352 0
0.522521 0.407294 0
42 3
0.431684 0.471415 0
0.468448 0.412352 0
0.536564 0.460467 0
43 3
0.858536 0.716339 0
0.919625 0.659321 0
0.858068 0.658033 0
44 3
0.918705 0.625270 0
0.858068 0.658033 0
0.919625 0.659321 0
45 3
0.924913 0.616696 0
0.923987 0.662659 0
0.982005 0.663356 0
46 3
0.981269 0.715037 0
0.982005 0.663356 0
0.923987 0.662659 0
47 3
0.544072 0.509217 0
0.533944 0.591694 0
0.604932 0.723572 0
48 3
0.604859 0.453460 0
0.530108 0.397625 0
0.544072 0.509217 0
49 3
0.604859 0.453460 0
0.544072 0.509217 0
0.604932 0.723572 0
50 3
0.604932 0.723572 0
0.533944 0.591694 0
0.544072 0.509217 0
51 3
0.604859 0.453460 0
0.604932 0.723572 0
0.544072 0.509217 0
52 3
0.604859 0.453460 0
0.544072 0.509217 0
0.530108 0.397625 0
53 3
0.604859 0.453460 0
0.604932 0.723572 0
0.714810 0.770490 0
54 3
0.604859 0.453460 0
0.714810 0.770490 0
0.714684 0.529466 0
55 3
0.715511 0.769584 0
0.837045 0.767434 0
0.835795 0.525008 0
56 3
0.835795 0.525008 0
0.715182 0.529310 0
0.715511 0.769584 0
57 3
0.604859 0.453460 0
0.714684 0.529466 0
0.714810 0.770490 0
58 3
0.604859 0.453460 0
0.714810 0.770490 0
0.604932 0.723572 0
59 3
0.530641 0.574958 0
0.536564 0.460467 0
0.431684 0.471415 0
60 3
0.490945 0.646707 0
0.530641 0.574958 0
0.431684 0.471415 0
61 3
0.490945 0.646707 0
0.431684 0.471415 0
0.430686 0.629247 0
62 3
0.430686 0.629247 0
0.449209 0.685803 0
0.490945 0.646707 0
63 3
0.431684 0.471415 0
0.536564 0.460467 0
0.530641 0.574958 0
64 3
0.431684 0.471415 0
0.530641 0.574958 0
0.490945 0.646707 0
65 3
0.430686 0.629247 0
0.431684 0.471415 0
0.490945 0.646707 0
66 3
0.490945 0.646707 0
0.449209 0.685803 0
0.430686 0.629247 0
67 3
0.097900 0.756790 0
0.116914 0.620682 0
0.138776 0.724475 0
68 3
0.138776 0.724475 0
0.139020 0.758795 0
0.097900 0.756790 0
69 3
0.183125 0.724471 0
0.206303 0.622680 0
0.223828 0.757366 0
70 3
0.223828 0.757366 0
0.183101 0.758745 0
0.183125 0.724471 0
71 3
0.139020 0.758795 0
0.138776 0.724475 0
0.183125 0.724471 0
72 3
0.139020 0.758795 0
0.183125 0.724471 0
0.183101 0.758745 0
73 3
0.138776 0.724475 0
0.147155 0.642419 0
0.176989 0.642419 0
74 3
0.176989 0.642419 0
0.183125 0.724471 0
0.138776 0.724475 0
75 3
0.206303 0.622680 0
0.183125 0.724471 0
0.176989 0.642419 0
76 3
0.147155 0.642419 0
0.138776 0.724475 0
0.116914 0.620682 0
77 3
0.136865 0.867671 0
0.185256 0.867784 0
0.197401 0.944274 0
78 3
0.136865 0.867671 0
0.197401 0.944274 0
0.123545 0.944274 0
79 3
0.375409 0.959041 0
0.375409 0.959041 0
0.201729 0.994536 0
80 3
0.375409 0.959041 0
0.201729 0.994536 0
0.201729 0.994536 0
81 3
0.123461 0.995150 0
0.123545 0.944274 0
0.197401 0.944274 0
82 3
0.123461 0.995150 0
0.197401 0.944274 0
0.198263 0.995150 0
83 3
0.095142 0.930125 0
0.123545 0.944274 0
0.123461 0.995150 0
84 3
0.224398 0.930125 0
0.198263 0.995150 0
0.197401 0.944274 0
85 3
0.605102 0.996596 0
0.711477 0.997738 0
0.713723 0.868861 0
86 3
0.605102 0.996596 0
0.605212 0.850912 0
0.713723 0.868861 0
87 3
0.605102 0.996596 0
0.713723 0.868861 0
0.605212 0.850912 0
88 3
0.605102 0.996596 0
0.713723 0.868861 0
0.711477 0.997738 0
89 3
0.267160 0.069749 0
0.364525 0.303873 0
0.346818 0.076355 0
90 3
0.267160 0.069749 0
0.346818 0.076355 0
0.364525 0.303873 0
91 3
0.533944 0.591694 0
0.475727 0.694544 0
0.604932 0.723572 0
92 3
0.604932 0.723572 0
0.475727 0.694544 0
0.533944 0.591694 0
93 3
0.353419 0.844565 0
0.350646 0.491620 0
0.276562 0.539903 0
94 3
0.353419 0.844565 0
0.254290 0.742604 0
0.276562 0.539903 0
95 3
0.353419 0.844565 0
0.276562 0.539903 0
0.254290 0.742604 0
96 3
0.353419 0.844565 0
0.276562 0.539903 0
0.351352 0.492384 0
97 3
0.185256 0.867784 0
0.182153 0.797396 0
0.223828 0.757366 0
98 3
0.241508 0.836638 0
0.185256 0.867784 0
0.223828 0.757366 0
99 3
0.182153 0.797396 0
0.185256 0.867784 0
0.136865 0.867671 0
100 3
0.182153 0.797396 0
0.136865 0.867671 0
0.139969 0.797403 0
101 3
0.182153 0.797396 0
0.139969 0.797403 0
0.159134 0.758724 0
102 3
0.139969 0.797403 0
0.138989 0.758640 0
0.159134 0.758724 0
103 3
0.097900 0.756790 0
0.139969 0.797403 0
0.136865 0.867671 0
104 3
0.182153 0.797396 0
0.159134 0.758724 0
0.183132 0.758632 0
105 3
0.182153 0.797396 0
0.183132 0.758632 0
0.223828 0.757366 0
106 3
0.097900 0.756790 0
0.138989 0.758640 0
0.139969 0.797403 0
107 3
0.078151 0.836638 0
0.097900 0.756790 0
0.136865 0.867671 0
108 3
0.047694 0.542007 0
0.116914 0.620682 0
0.065833 0.742582 0
109 3
0.253300 0.742582 0
0.206303 0.622680 0
0.277923 0.542007 0
110 3
0.223828 0.757366 0
0.206303 0.622680 0
0.253300 0.742582 0
111 3
0.097900 0.756790 0
0.078151 0.836638 0
0.065833 0.742582 0
112 3
0.097900 0.756790 0
0.065833 0.742582 0
0.116914 0.620682 0
113 3
0.223828 0.757366 0
0.253300 0.742582 0
0.241508 0.836638 0
114 3
0.040442 0.429813 0
0.053834 0.385738 0
0.079815 0.386117 0
115 3
0.047337 0.349251 0
0.053834 0.385738 0
0.040442 0.429813 0
116 3
0.079815 0.386117 0
0.053834 0.385738 0
0.047337 0.349251 0
117 3
0.236213 0.392410 0
0.261547 0.394025 0
0.271556 0.432120 0
118 3
0.279354 0.341279 0
0.261547 0.394025 0
0.236213 0.392410 0
119 3
0.271556 0.432120 0
0.261547 0.394025 0
0.279354 0.341279 0
120 3
0.353419 0.844565 0
0.224420 0.930217 0
0.201729 0.994536 0
121 3
0.353419 0.844565 0
0.201729 0.994536 0
0.224420 0.930217 0
122 3
0.346818 0.076355 0
0.364525 0.303873 0
0.457940 0.318386 0
123 3
0.457940 0.318386 0
0.469149 0.153636 0
0.346818 0.076355 0
124 3
0.457940 0.318386 0
0.364525 0.303873 0
0.346818 0.076355 0
125 3
0.346818 0.076355 0
0.469149 0.153636 0
0.457940 0.318386 0
126 3
0.450246 0.796362 0
0.441289 0.996136 0
0.605102 0.996596 0
127 3
0.605102 0.996596 0
0.605212 0.850912 0
0.450246 0.796362 0
128 3
0.605102 0.996596 0
0.441289 0.996136 0
0.450246 0.796362 0
129 3
0.450246 0.796362 0
0.605212 0.850912 0
0.605102 0.996596 0
130 3
0.475727 0.694544 0
0.424131 0.753687 0
0.450246 0.796362 0
131 3
0.475727 0.694544 0
0.450246 0.796362 0
0.604932 0.723572 0
132 3
0.475727 0.694544 0
0.604932 0.723572 0
0.450246 0.796362 0
133 3
0.475727 0.694544 0
0.450246 0.796362 0
0.424131 0.753687 0
134 3
0.224420 0.930217 0
0.353419 0.844565 0
0.241614 0.835639 0
135 3
0.254290 0.742604 0
0.241614 0.835639 0
0.353419 0.844565 0
136 3
0.254290 0.742604 0
0.353419 0.844565 0
0.241614 0.835639 0
137 3
0.224420 0.930217 0
0.241614 0.835639 0
0.353419 0.844565 0
138 3
0.605620 0.996948 0
0.605102 0.996596 0
0.441517 0.996550 0
139 3
0.441517 0.996550 0
0.605102 0.996596 0
0.441289 0.996136 0
140 3
0.441517 0.996550 0
0.441289 0.996136 0
0.383536 0.996994 0
141 3
0.605620 0.996948 0
0.711477 0.997738 0
0.605102 0.996596 0
142 3
0.155456 0.003668 0
0.284605 0.023359 0
0.275208 0.010527 0
143 3
0.424131 0.753687 0
0.475727 0.694544 0
0.432221 0.683420 0
144 3
0.857528 0.948850 0
0.918598 0.892270 0
0.858131 0.891683 0
145 3
0.857528 0.948850 0
0.918734 0.949885 0
0.918598 0.892270 0
146 3
0.450246 0.796362 0
0.605212 0.850912 0
0.604932 0.723572 0
147 3
0.605212 0.850912 0
0.714810 0.770490 0
0.604932 0.723572 0
148 3
0.605212 0.850912 0
0.713723 0.868861 0
0.714810 0.770490 0
149 3
0.716109 0.218437 0
0.714784 0.118733 0
0.634157 0.113174 0
150 3
0.572700 0.183762 0
0.716109 0.218437 0
0.634157 0.113174 0
151 3
0.572700 0.183762 0
0.634157 0.113174 0
0.480443 0.106590 0
152 3
0.469149 0.153636 0
0.572700 0.183762 0
0.480443 0.106590 0
153 3
0.469149 0.153636 0
0.480443 0.106590 0
0.361779 0.039649 0
154 3
0.346818 0.076355 0
0.469149 0.153636 0
0.361779 0.039649 0
155 3
0.451354 0.399618 0
0.530108 0.397625 0
0.457940 0.318386 0
156 3
0.383536 0.996994 0
0.441289 0.996136 0
0.375409 0.959041 0
157 3
0.375409 0.959041 0
0.441289 0.996136 0
0.399256 0.883461 0
158 3
0.918734 0.949885 0
0.857528 0.948850 0
0.918946 0.991037 0
159 3
0.919625 0.659321 0
0.858536 0.716339 0
0.918933 0.716265 0
160 3
0.919261 0.833411 0
0.919283 0.780071 0
0.857087 0.779531 0
161 3
0.919261 0.833411 0
0.857087 0.779531 0
0.857795 0.833551 0
162 3
0.918598 0.892270 0
0.919261 0.833411 0
0.857795 0.833551 0
163 3
0.918598 0.892270 0
0.857795 0.833551 0
0.858131 0.891683 0
164 3
0.480443 0.106590 0
0.491983 0.051820 0
0.444186 0.046446 0
165 3
0.361779 0.039649 0
0.480443 0.106590 0
0.444186 0.046446 0
166 3
0.444186 0.046446 0
0.491983 0.051820 0
0.504400 0.002908 0
167 3
0.604859 0.453460 0
0.714684 0.529466 0
0.715022 0.400332 0
168 3
0.604859 0.453460 0
0.715022 0.400332 0
0.598394 0.324331 0
169 3
0.715022 0.400332 0
0.716109 0.218437 0
0.572700 0.183762 0
170 3
0.715022 0.400332 0
0.572700 0.183762 0
0.598394 0.324331 0
171 3
0.714784 0.118733 0
0.715411 0.056279 0
0.598937 0.056294 0
172 3
0.714784 0.118733 0
0.598937 0.056294 0
0.634157 0.113174 0
173 3
0.598937 0.056294 0
0.715411 0.056279 0
0.504400 0.002908 0
174 3
0.399256 0.883461 0
0.424131 0.753687 0
0.353419 0.844565 0
175 3
0.399256 0.883461 0
0.450246 0.796362 0
0.424131 0.753687 0
176 3
0.491983 0.051820 0
0.598937 0.056294 0
0.504400 0.002908 0
177 3
0.377928 0.018182 0
0.444186 0.046446 0
0.504400 0.002908 0
178 3
0.275208 0.010527 0
0.377928 0.018182 0
0.504400 0.002908 0
179 3
0.045414 0.067619 0
0.159165 0.002448 0
0.159935 0.063721 0
180 3
0.399256 0.883461 0
0.441289 0.996136 0
0.450246 0.796362 0
181 3
0.377928 0.018182 0
0.361779 0.039649 0
0.444186 0.046446 0
182 3
0.275208 0.010527 0
0.284605 0.023359 0
0.377928 0.018182 0
183 3
0.361779 0.039649 0
0.377928 0.018182 0
0.284605 0.023359 0
184 3
0.480443 0.106590 0
0.634157 0.113174 0
0.598937 0.056294 0
185 3
0.480443 0.106590 0
0.598937 0.056294 0
0.491983 0.051820 0
186 3
0.350646 0.491620 0
0.353419 0.844565 0
0.424131 0.753687 0
187 3
0.350646 0.491620 0
0.432221 0.683420 0
0.422348 0.608816 0
188 3
0.432221 0.683420 0
0.350646 0.491620 0
0.424131 0.753687 0
189 3
0.350646 0.491620 0
0.422348 0.608816 0
0.428004 0.438627 0
190 3
0.121971 0.424889 0
0.126246 0.341340 0
0.147505 0.383214 0
191 3
0.079815 0.386117 0
0.079210 0.327550 0
0.126246 0.341340 0
192 3
0.121971 0.424889 0
0.079815 0.386117 0
0.126246 0.341340 0
193 3
0.040442 0.429813 0
0.021125 0.428801 0
0.047337 0.349251 0
194 3
0.079210 0.327550 0
0.079815 0.386117 0
0.047337 0.349251 0
195 3
0.145693 0.605167 0
0.116914 0.620682 0
0.146413 0.553008 0
196 3
0.147155 0.642419 0
0.116914 0.620682 0
0.145693 0.605167 0
197 3
0.278923 0.344948 0
0.364525 0.303873 0
0.267160 0.069749 0
198 3
0.278923 0.344948 0
0.301585 0.434364 0
0.364525 0.303873 0
199 3
0.148227 0.421897 0
0.121971 0.424889 0
0.147505 0.383214 0
200 3
0.079210 0.327550 0
0.047337 0.349251 0
0.045414 0.067619 0
201 3
0.350646 0.491620 0
0.301585 0.434364 0
0.276562 0.539903 0
202 3
0.021125 0.428801 0
0.040442 0.429813 0
0.047694 0.542007 0
203 3
0.040442 0.429813 0
0.079413 0.437991 0
0.047694 0.542007 0
204 3
0.079413 0.437991 0
0.079815 0.386117 0
0.121971 0.424889 0
205 3
0.040442 0.429813 0
0.079815 0.386117 0
0.079413 0.437991 0
206 3
0.079413 0.437991 0
0.121971 0.424889 0
0.118051 0.575761 0
207 3
0.079413 0.437991 0
0.118051 0.575761 0
0.047694 0.542007 0
208 3
0.047694 0.542007 0
0.118051 0.575761 0
0.116914 0.620682 0
209 3
0.149832 0.470784 0
0.118051 0.575761 0
0.148227 0.421897 0
210 3
0.118051 0.575761 0
0.146413 0.553008 0
0.116914 0.620682 0
211 3
0.149832 0.470784 0
0.146413 0.553008 0
0.118051 0.575761 0
212 3
0.118051 0.575761 0
0.121971 0.424889 0
0.148227 0.421897 0
213 3
0.605620 0.996948 0
0.711477 0.997738 0
0.711477 0.997738 0
214 3
0.605620 0.996948 0
0.441517 0.996550 0
0.605102 0.996596 0
215 3
0.441517 0.996550 0
0.441289 0.996136 0
0.605102 0.996596 0
216 3
0.441517 0.996550 0
0.383536 0.996994 0
0.441289 0.996136 0
217 3
0.383536 0.996994 0
0.375409 0.959041 0
0.375409 0.959041 0
218 3
0.383536 0.996994 0
0.375409 0.959041 0
0.383536 0.996994 0
219 3
0.441517 0.996550 0
0.383536 0.996994 0
0.383536 0.996994 0
220 3
0.837213 0.218784 0
0.715548 0.119993 0
0.715623 0.218784 0
221 3
0.837213 0.218784 0
0.837230 0.120010 0
0.715548 0.119993 0
222 3
0.837370 0.054299 0
0.774435 0.006495 0
0.715612 0.055989 0
223 3
0.837230 0.120010 0
0.837370 0.054299 0
0.715612 0.055989 0
224 3
0.837230 0.120010 0
0.715612 0.055989 0
0.715548 0.119993 0
225 3
0.837271 0.399149 0
0.715623 0.218784 0
0.715218 0.401300 0
226 3
0.837271 0.399149 0
0.837213 0.218784 0
0.715623 0.218784 0
227 3
0.835795 0.525008 0
0.715218 0.401300 0
0.715182 0.529310 0
228 3
0.835795 0.525008 0
0.837271 0.399149 0
0.715218 0.401300 0
229 3
0.836387 0.868310 0
0.715511 0.769584 0
0.713968 0.868310 0
230 3
0.836387 0.868310 0
0.837045 0.767434 0
0.715511 0.769584 0
231 3
0.836746 0.995099 0
0.713968 0.868310 0
0.713609 0.997250 0
232 3
0.836746 0.995099 0
0.836387 0.868310 0
0.713968 0.868310 0
233 3
0.605620 0.996948 0
0.605102 0.996596 0
0.711477 0.997738 0
234 3
0.155456 0.003668 0
0.275208 0.010527 0
0.283811 0.023153 0
235 3
0.145693 0.605167 0
0.178303 0.555006 0
0.178451 0.605167 0
236 3
0.145693 0.605167 0
0.146413 0.553008 0
0.178303 0.555006 0
237 3
0.147155 0.642419 0
0.178451 0.605167 0
0.176989 0.642419 0
238 3
0.145693 0.605167 0
0.178451 0.605167 0
0.147155 0.642419 0
239 3
0.126246 0.341340 0
0.159935 0.063721 0
0.189827 0.341340 0
240 3
0.147505 0.383214 0
0.189827 0.341340 0
0.176202 0.383214 0
241 3
0.147505 0.383214 0
0.126246 0.341340 0
0.189827 0.341340 0
242 3
0.148227 0.421897 0
0.176202 0.383214 0
0.175479 0.421897 0
243 3
0.147505 0.383214 0
0.176202 0.383214 0
0.148227 0.421897 0
244 3
0.173714 0.470784 0
0.178303 0.555006 0
0.146413 0.553008 0
245 3
0.149832 0.470784 0
0.173714 0.470784 0
0.146413 0.553008 0
246 3
0.175479 0.421897 0
0.173714 0.470784 0
0.149832 0.470784 0
247 3
0.148227 0.421897 0
0.175479 0.421897 0
0.149832 0.470784 0
248 3
0.424131 0.753687 0
0.432221 0.683420 0
0.475727 0.694544 0
249 3
0.982471 0.950652 0
0.981623 0.890191 0
0.924887 0.890771 0
250 3
0.982471 0.950652 0
0.924887 0.890771 0
0.924133 0.951674 0
251 3
0.450246 0.796362 0
0.604932 0.723572 0
0.605212 0.850912 0
252 3
0.605212 0.850912 0
0.604932 0.723572 0
0.714810 0.770490 0
253 3
0.605212 0.850912 0
0.714810 0.770490 0
0.713723 0.868861 0
254 3
0.716109 0.218437 0
0.634449 0.113838 0
0.714991 0.120462 0
255 3
0.572700 0.183762 0
0.634449 0.113838 0
0.716109 0.218437 0
256 3
0.572700 0.183762 0
0.480807 0.106374 0
0.634449 0.113838 0
257 3
0.469149 0.153636 0
0.480807 0.106374 0
0.572700 0.183762 0
258 3
0.469149 0.153636 0
0.362073 0.040289 0
0.480807 0.106374 0
259 3
0.346818 0.076355 0
0.362073 0.040289 0
0.469149 0.153636 0
260 3
0.451354 0.399618 0
0.457940 0.318386 0
0.530108 0.397625 0
261 3
0.383536 0.996994 0
0.375409 0.959041 0
0.441289 0.996136 0
262 3
0.375409 0.959041 0
0.399256 0.883461 0
0.441289 0.996136 0
263 3
0.924133 0.951674 0
0.924066 0.988923 0
0.982471 0.950652 0
264 3
0.923987 0.662659 0
0.924593 0.714963 0
0.981269 0.715037 0
265 3
0.924306 0.836574 0
0.982537 0.779419 0
0.924287 0.779953 0
266 3
0.924306 0.836574 0
0.981918 0.836712 0
0.982537 0.779419 0
267 3
0.924887 0.890771 0
0.981918 0.836712 0
0.924306 0.836574 0
268 3
0.924887 0.890771 0
0.981623 0.890191 0
0.981918 0.836712 0
269 3
0.480807 0.106374 0
0.442838 0.047116 0
0.492721 0.051259 0
270 3
0.362073 0.040289 0
0.442838 0.047116 0
0.480807 0.106374 0
271 3
0.442838 0.047116 0
0.504400 0.002908 0
0.492721 0.051259 0
272 3
0.604859 0.453460 0
0.715022 0.400332 0
0.714684 0.529466 0
273 3
0.604859 0.453460 0
0.598394 0.324331 0
0.715022 0.400332 0
274 3
0.715022 0.400332 0
0.572700 0.183762 0
0.716109 0.218437 0
275 3
0.715022 0.400332 0
0.598394 0.324331 0
0.572700 0.183762 0
276 3
0.714991 0.120462 0
0.597517 0.056658 0
0.715492 0.055269 0
277 3
0.714991 0.120462 0
0.634449 0.113838 0
0.597517 0.056658 0
278 3
0.597517 0.056658 0
0.504400 0.002908 0
0.715492 0.055269 0
279 3
0.399256 0.883461 0
0.353419 0.844565 0
0.424131 0.753687 0
280 3
0.399256 0.883461 0
0.424131 0.753687 0
0.450246 0.796362 0
281 3
0.492721 0.051259 0
0.504400 0.002908 0
0.597517 0.056658 0
282 3
0.378570 0.019074 0
0.504400 0.002908 0
0.442838 0.047116 0
283 3
0.275208 0.010527 0
0.504400 0.002908 0
0.378570 0.019074 0
284 3
0.399256 0.883461 0
0.450246 0.796362 0
0.441289 0.996136 0
285 3
0.378570 0.019074 0
0.442838 0.047116 0
0.362073 0.040289 0
286 3
0.275208 0.010527 0
0.378570 0.019074 0
0.283811 0.023153 0
287 3
0.362073 0.040289 0
0.283811 0.023153 0
0.378570 0.019074 0
288 3
0.480807 0.106374 0
0.597517 0.056658 0
0.634449 0.113838 0
289 3
0.480807 0.106374 0
0.492721 0.051259 0
0.597517 0.056658 0
290 3
0.351352 0.492384 0
0.424131 0.753687 0
0.353419 0.844565 0
291 3
0.351352 0.492384 0
0.422348 0.608816 0
0.432221 0.683420 0
292 3
0.432221 0.683420 0
0.424131 0.753687 0
0.351352 0.492384 0
293 3
0.351352 0.492384 0
0.428004 0.438627 0
0.422348 0.608816 0
294 3
0.198301 0.425204 0
0.176202 0.383214 0
0.189827 0.341340 0
295 3
0.236213 0.392410 0
0.189827 0.341340 0
0.246200 0.327550 0
296 3
0.198301 0.425204 0
0.189827 0.341340 0
0.236213 0.392410 0
297 3
0.271556 0.432120 0
0.279354 0.341279 0
0.300438 0.434780 0
298 3
0.246200 0.327550 0
0.279354 0.341279 0
0.236213 0.392410 0
299 3
0.178451 0.605167 0
0.178303 0.555006 0
0.206303 0.622680 0
300 3
0.176989 0.642419 0
0.178451 0.605167 0
0.206303 0.622680 0
301 3
0.278923 0.345645 0
0.267160 0.069749 0
0.364525 0.303873 0
302 3
0.278923 0.345645 0
0.364525 0.303873 0
0.301585 0.433841 0
303 3
0.175479 0.421897 0
0.176202 0.383214 0
0.198301 0.425204 0
304 3
0.246200 0.327550 0
0.268038 0.069770 0
0.279354 0.341279 0
305 3
0.351352 0.492384 0
0.276562 0.539903 0
0.301585 0.433841 0
306 3
0.300438 0.434780 0
0.277923 0.542007 0
0.271556 0.432120 0
307 3
0.271556 0.432120 0
0.277923 0.542007 0
0.236616 0.444285 0
308 3
0.236616 0.444285 0
0.198301 0.425204 0
0.236213 0.392410 0
309 3
0.236616 0.444285 0
0.236213 0.392410 0
0.271556 0.432120 0
310 3
0.236616 0.444285 0
0.205491 0.575761 0
0.198301 0.425204 0
311 3
0.236616 0.444285 0
0.277923 0.542007 0
0.205491 0.575761 0
312 3
0.277923 0.542007 0
0.206303 0.622680 0
0.205491 0.575761 0
313 3
0.173714 0.470784 0
0.175479 0.421897 0
0.205491 0.575761 0
314 3
0.205491 0.575761 0
0.206303 0.622680 0
0.178303 0.555006 0
315 3
0.173714 0.470784 0
0.205491 0.575761 0
0.178303 0.555006 0
316 3
0.205491 0.575761 0
0.175479 0.421897 0
0.198301 0.425204 0
4
0.000000 0.000000 0.000000
0.000000 0.000000 0.000000
0.000000 0.000000 0.000000
1.000000 1.000000 1.000000
