2
1
head
NBAonNBC\HEADS\Miami_Heat\LWO\hd_thard.TGA
304
0 3
0.377319 0.850226 0
0.383723 0.591455 0
0.319743 0.587981 0
1 3
0.377319 0.850226 0
0.284460 0.795659 0
0.319743 0.587981 0
2 3
0.377319 0.850226 0
0.319743 0.587981 0
0.284460 0.795659 0
3 3
0.377319 0.850226 0
0.319743 0.587981 0
0.383723 0.591455 0
4 3
0.388964 0.098358 0
0.272058 0.053024 0
0.290518 0.201873 0
5 3
0.290518 0.201873 0
0.272058 0.053024 0
0.388964 0.098358 0
6 3
0.390712 0.207141 0
0.388964 0.098358 0
0.290518 0.201873 0
7 3
0.390712 0.207141 0
0.290518 0.201873 0
0.388964 0.098358 0
8 3
0.390712 0.207141 0
0.391286 0.330438 0
0.521971 0.297931 0
9 3
0.521971 0.297931 0
0.521196 0.194517 0
0.390712 0.207141 0
10 3
0.521971 0.297931 0
0.391286 0.330438 0
0.390712 0.207141 0
11 3
0.390712 0.207141 0
0.521196 0.194517 0
0.521971 0.297931 0
12 3
0.377319 0.850226 0
0.338846 0.988762 0
0.388057 0.957816 0
13 3
0.377319 0.850226 0
0.388057 0.957816 0
0.460120 0.861809 0
14 3
0.377319 0.850226 0
0.460120 0.861809 0
0.388057 0.957816 0
15 3
0.377319 0.850226 0
0.388057 0.957816 0
0.338846 0.988762 0
16 3
0.383723 0.591455 0
0.469111 0.444960 0
0.391286 0.330438 0
17 3
0.391286 0.330438 0
0.338616 0.418000 0
0.383723 0.591455 0
18 3
0.391286 0.330438 0
0.469111 0.444960 0
0.383723 0.591455 0
19 3
0.383723 0.591455 0
0.338616 0.418000 0
0.391286 0.330438 0
20 3
0.520831 0.750150 0
0.456176 0.992119 0
0.621754 0.991315 0
21 3
0.621754 0.991315 0
0.621707 0.747691 0
0.520831 0.750150 0
22 3
0.621754 0.991315 0
0.456176 0.992119 0
0.520831 0.750150 0
23 3
0.520831 0.750150 0
0.621707 0.747691 0
0.621754 0.991315 0
24 3
0.139275 0.811210 0
0.164000 0.628068 0
0.191463 0.628068 0
25 3
0.139275 0.811210 0
0.191463 0.628068 0
0.207854 0.811210 0
26 3
0.120096 0.623435 0
0.164000 0.628068 0
0.067426 0.794968 0
27 3
0.233415 0.623435 0
0.283871 0.794968 0
0.191463 0.628068 0
28 3
0.377319 0.850226 0
0.251826 0.935965 0
0.223731 0.989038 0
29 3
0.377319 0.850226 0
0.338846 0.988762 0
0.223731 0.989038 0
30 3
0.139275 0.811210 0
0.067426 0.794968 0
0.164000 0.628068 0
31 3
0.207854 0.811210 0
0.191463 0.628068 0
0.283871 0.794968 0
32 3
0.527295 0.408486 0
0.521225 0.627758 0
0.552455 0.535029 0
33 3
0.552455 0.535029 0
0.551264 0.444792 0
0.527295 0.408486 0
34 3
0.527295 0.408486 0
0.551264 0.444792 0
0.552455 0.535029 0
35 3
0.527295 0.408486 0
0.552455 0.535029 0
0.521225 0.627758 0
36 3
0.521225 0.627758 0
0.527295 0.408486 0
0.469111 0.444960 0
37 3
0.521225 0.627758 0
0.469111 0.444960 0
0.453465 0.579063 0
38 3
0.453465 0.579063 0
0.486875 0.636889 0
0.521225 0.627758 0
39 3
0.469111 0.444960 0
0.527295 0.408486 0
0.521225 0.627758 0
40 3
0.453465 0.579063 0
0.469111 0.444960 0
0.521225 0.627758 0
41 3
0.521225 0.627758 0
0.486875 0.636889 0
0.453465 0.579063 0
42 3
0.525499 0.667151 0
0.449167 0.752639 0
0.520831 0.750150 0
43 3
0.525499 0.667151 0
0.520831 0.750150 0
0.626425 0.638777 0
44 3
0.525499 0.667151 0
0.626425 0.638777 0
0.520831 0.750150 0
45 3
0.525499 0.667151 0
0.520831 0.750150 0
0.449167 0.752639 0
46 3
0.099969 0.934519 0
0.081186 0.855476 0
0.173565 0.855476 0
47 3
0.173565 0.855476 0
0.270561 0.855476 0
0.251328 0.934519 0
48 3
0.139275 0.811210 0
0.173565 0.855476 0
0.081186 0.855476 0
49 3
0.173565 0.930971 0
0.099969 0.934519 0
0.173565 0.855476 0
50 3
0.067426 0.794968 0
0.139275 0.811210 0
0.081186 0.855476 0
51 3
0.251826 0.935965 0
0.377319 0.850226 0
0.269645 0.856452 0
52 3
0.284460 0.795659 0
0.269645 0.856452 0
0.377319 0.850226 0
53 3
0.207854 0.811210 0
0.173565 0.855476 0
0.139275 0.811210 0
54 3
0.173565 0.930971 0
0.173565 0.855476 0
0.251328 0.934519 0
55 3
0.207854 0.811210 0
0.270561 0.855476 0
0.173565 0.855476 0
56 3
0.283871 0.794968 0
0.270561 0.855476 0
0.207854 0.811210 0
57 3
0.284460 0.795659 0
0.377319 0.850226 0
0.269645 0.856452 0
58 3
0.251826 0.935965 0
0.269645 0.856452 0
0.377319 0.850226 0
59 3
0.623271 0.991929 0
0.621754 0.991315 0
0.465859 0.990854 0
60 3
0.465859 0.990854 0
0.621754 0.991315 0
0.456176 0.992119 0
61 3
0.465859 0.990854 0
0.456176 0.992119 0
0.386379 0.990616 0
62 3
0.623271 0.991929 0
0.734403 0.990669 0
0.621754 0.991315 0
63 3
0.173565 0.061086 0
0.082058 0.053963 0
0.173565 0.010038 0
64 3
0.171482 0.204195 0
0.082058 0.053963 0
0.173565 0.061086 0
65 3
0.449167 0.752639 0
0.525499 0.667151 0
0.453744 0.663271 0
66 3
0.912925 0.994109 0
0.943179 0.976091 0
0.912151 0.973093 0
67 3
0.912925 0.994109 0
0.939364 0.990416 0
0.943179 0.976091 0
68 3
0.621754 0.991315 0
0.734403 0.990669 0
0.621707 0.747691 0
69 3
0.621707 0.747691 0
0.734403 0.990669 0
0.734406 0.755139 0
70 3
0.520831 0.750150 0
0.621707 0.747691 0
0.626425 0.638777 0
71 3
0.621707 0.747691 0
0.734415 0.643379 0
0.626425 0.638777 0
72 3
0.621707 0.747691 0
0.734406 0.755139 0
0.734415 0.643379 0
73 3
0.173565 0.930971 0
0.128714 0.989122 0
0.099969 0.934519 0
74 3
0.734449 0.193809 0
0.734437 0.083067 0
0.630863 0.082935 0
75 3
0.641099 0.192343 0
0.734449 0.193809 0
0.630863 0.082935 0
76 3
0.641099 0.192343 0
0.630863 0.082935 0
0.514074 0.090170 0
77 3
0.521196 0.194517 0
0.641099 0.192343 0
0.514074 0.090170 0
78 3
0.521196 0.194517 0
0.514074 0.090170 0
0.388964 0.098358 0
79 3
0.390712 0.207141 0
0.521196 0.194517 0
0.388964 0.098358 0
80 3
0.568214 0.449186 0
0.646131 0.443998 0
0.646708 0.294737 0
81 3
0.568214 0.449186 0
0.646708 0.294737 0
0.540728 0.392547 0
82 3
0.540728 0.392547 0
0.646708 0.294737 0
0.521971 0.297931 0
83 3
0.508489 0.392735 0
0.540728 0.392547 0
0.521971 0.297931 0
84 3
0.508489 0.392735 0
0.521971 0.297931 0
0.391286 0.330438 0
85 3
0.637943 0.537147 0
0.734429 0.540497 0
0.734446 0.441468 0
86 3
0.637943 0.537147 0
0.734446 0.441468 0
0.646131 0.443998 0
87 3
0.565565 0.535775 0
0.637943 0.537147 0
0.646131 0.443998 0
88 3
0.565565 0.535775 0
0.646131 0.443998 0
0.568214 0.449186 0
89 3
0.626425 0.638777 0
0.734415 0.643379 0
0.734429 0.540497 0
90 3
0.626425 0.638777 0
0.734429 0.540497 0
0.637943 0.537147 0
91 3
0.525499 0.667151 0
0.626425 0.638777 0
0.637943 0.537147 0
92 3
0.525499 0.667151 0
0.637943 0.537147 0
0.565565 0.535775 0
93 3
0.386379 0.990616 0
0.456176 0.992119 0
0.388057 0.957816 0
94 3
0.388057 0.957816 0
0.456176 0.992119 0
0.460120 0.861809 0
95 3
0.939364 0.990416 0
0.912925 0.994109 0
0.912080 0.938366 0
96 3
0.391286 0.330438 0
0.469111 0.444960 0
0.508489 0.392735 0
97 3
0.913554 0.832064 0
0.912751 0.812256 0
0.941286 0.813838 0
98 3
0.941286 0.813838 0
0.912751 0.812256 0
0.942399 0.813692 0
99 3
0.943137 0.831894 0
0.942399 0.813692 0
0.912751 0.812256 0
100 3
0.910763 0.833669 0
0.943137 0.831894 0
0.912751 0.812256 0
101 3
0.942537 0.904726 0
0.943137 0.831894 0
0.910763 0.833669 0
102 3
0.942537 0.904726 0
0.910763 0.833669 0
0.912540 0.904144 0
103 3
0.943179 0.976091 0
0.942537 0.904726 0
0.912540 0.904144 0
104 3
0.943179 0.976091 0
0.912540 0.904144 0
0.912151 0.973093 0
105 3
0.514074 0.090170 0
0.504104 0.008427 0
0.451033 0.012406 0
106 3
0.388964 0.098358 0
0.514074 0.090170 0
0.451033 0.012406 0
107 3
0.916132 0.751114 0
0.915266 0.640096 0
0.993671 0.697519 0
108 3
0.646131 0.443998 0
0.734446 0.441468 0
0.734452 0.295091 0
109 3
0.646131 0.443998 0
0.734452 0.295091 0
0.646708 0.294737 0
110 3
0.734452 0.295091 0
0.734449 0.193809 0
0.641099 0.192343 0
111 3
0.734452 0.295091 0
0.641099 0.192343 0
0.646708 0.294737 0
112 3
0.734437 0.083067 0
0.734430 0.013654 0
0.617548 0.010869 0
113 3
0.734437 0.083067 0
0.617548 0.010869 0
0.630863 0.082935 0
114 3
0.911676 0.573855 0
0.992215 0.547892 0
0.961811 0.735632 0
115 3
0.460120 0.861809 0
0.449167 0.752639 0
0.377319 0.850226 0
116 3
0.460120 0.861809 0
0.520831 0.750150 0
0.449167 0.752639 0
117 3
0.915266 0.640096 0
0.923593 0.531725 0
0.993671 0.697519 0
118 3
0.930718 0.691193 0
0.912546 0.573985 0
0.989290 0.530315 0
119 3
0.989290 0.765949 0
0.930718 0.691193 0
0.989290 0.530315 0
120 3
0.171482 0.204195 0
0.062785 0.201207 0
0.082058 0.053963 0
121 3
0.290518 0.201873 0
0.391286 0.330438 0
0.390712 0.207141 0
122 3
0.460120 0.861809 0
0.456176 0.992119 0
0.520831 0.750150 0
123 3
0.521971 0.297931 0
0.646708 0.294737 0
0.641099 0.192343 0
124 3
0.521971 0.297931 0
0.641099 0.192343 0
0.521196 0.194517 0
125 3
0.337527 0.011584 0
0.388964 0.098358 0
0.451033 0.012406 0
126 3
0.173824 0.010576 0
0.272058 0.053024 0
0.337527 0.011584 0
127 3
0.388964 0.098358 0
0.337527 0.011584 0
0.272058 0.053024 0
128 3
0.514074 0.090170 0
0.630863 0.082935 0
0.617548 0.010869 0
129 3
0.514074 0.090170 0
0.617548 0.010869 0
0.504104 0.008427 0
130 3
0.383723 0.591455 0
0.377319 0.850226 0
0.449167 0.752639 0
131 3
0.383723 0.591455 0
0.453744 0.663271 0
0.453465 0.579063 0
132 3
0.453744 0.663271 0
0.383723 0.591455 0
0.449167 0.752639 0
133 3
0.383723 0.591455 0
0.453465 0.579063 0
0.469111 0.444960 0
134 3
0.133394 0.427336 0
0.143328 0.337143 0
0.164407 0.392296 0
135 3
0.086036 0.395635 0
0.085454 0.323835 0
0.143328 0.337143 0
136 3
0.133394 0.427336 0
0.086036 0.395635 0
0.143328 0.337143 0
137 3
0.037167 0.428818 0
0.012094 0.417402 0
0.047953 0.320707 0
138 3
0.086036 0.395635 0
0.037167 0.428818 0
0.047953 0.320707 0
139 3
0.085454 0.323835 0
0.086036 0.395635 0
0.047953 0.320707 0
140 3
0.162405 0.611859 0
0.120096 0.623435 0
0.162723 0.554147 0
141 3
0.164000 0.628068 0
0.120096 0.623435 0
0.162405 0.611859 0
142 3
0.305917 0.323048 0
0.391286 0.330438 0
0.290518 0.201873 0
143 3
0.305917 0.323048 0
0.338616 0.418000 0
0.391286 0.330438 0
144 3
0.143328 0.337143 0
0.085454 0.323835 0
0.062785 0.201207 0
145 3
0.143328 0.337143 0
0.062785 0.201207 0
0.171482 0.204195 0
146 3
0.165182 0.430381 0
0.133394 0.427336 0
0.164407 0.392296 0
147 3
0.085454 0.323835 0
0.047953 0.320707 0
0.062785 0.201207 0
148 3
0.383723 0.591455 0
0.338616 0.418000 0
0.319743 0.587981 0
149 3
0.012094 0.417402 0
0.037167 0.428818 0
0.032687 0.590309 0
150 3
0.037167 0.428818 0
0.085540 0.460576 0
0.032687 0.590309 0
151 3
0.085540 0.460576 0
0.086036 0.395635 0
0.133394 0.427336 0
152 3
0.037167 0.428818 0
0.086036 0.395635 0
0.085540 0.460576 0
153 3
0.377319 0.850226 0
0.223731 0.989038 0
0.338846 0.988762 0
154 3
0.085540 0.460576 0
0.133394 0.427336 0
0.130969 0.558037 0
155 3
0.085540 0.460576 0
0.130969 0.558037 0
0.032687 0.590309 0
156 3
0.032687 0.590309 0
0.130969 0.558037 0
0.120096 0.623435 0
157 3
0.120096 0.623435 0
0.067426 0.794968 0
0.032687 0.590309 0
158 3
0.164852 0.491978 0
0.130969 0.558037 0
0.165182 0.430381 0
159 3
0.130969 0.558037 0
0.162723 0.554147 0
0.120096 0.623435 0
160 3
0.164852 0.491978 0
0.162723 0.554147 0
0.130969 0.558037 0
161 3
0.130969 0.558037 0
0.133394 0.427336 0
0.165182 0.430381 0
162 3
0.824637 0.988807 0
0.873932 0.984666 0
0.734529 0.984666 0
163 3
0.623271 0.991929 0
0.465859 0.990854 0
0.621754 0.991315 0
164 3
0.465859 0.990854 0
0.456176 0.992119 0
0.621754 0.991315 0
165 3
0.465859 0.990854 0
0.386379 0.990616 0
0.456176 0.992119 0
166 3
0.223731 0.989038 0
0.223731 0.989038 0
0.338846 0.988762 0
167 3
0.128714 0.989122 0
0.173565 0.930971 0
0.223644 0.989122 0
168 3
0.338846 0.988762 0
0.223731 0.989038 0
0.338846 0.988762 0
169 3
0.338846 0.988762 0
0.338846 0.988762 0
0.388057 0.957816 0
170 3
0.338846 0.988762 0
0.388057 0.957816 0
0.388057 0.957816 0
171 3
0.386379 0.990616 0
0.388057 0.957816 0
0.388057 0.957816 0
172 3
0.386379 0.990616 0
0.388057 0.957816 0
0.386379 0.990616 0
173 3
0.465859 0.990854 0
0.386379 0.990616 0
0.386379 0.990616 0
174 3
0.882174 0.192852 0
0.734526 0.088799 0
0.734521 0.192852 0
175 3
0.882174 0.192852 0
0.875077 0.088799 0
0.734526 0.088799 0
176 3
0.992643 0.576623 0
0.957312 0.763511 0
0.921982 0.576623 0
177 3
0.875077 0.088799 0
0.862306 0.009840 0
0.734534 0.009840 0
178 3
0.875077 0.088799 0
0.734534 0.009840 0
0.734526 0.088799 0
179 3
0.883967 0.291211 0
0.734521 0.192852 0
0.734521 0.291211 0
180 3
0.883967 0.291211 0
0.882174 0.192852 0
0.734521 0.192852 0
181 3
0.881341 0.439560 0
0.734521 0.291211 0
0.734522 0.439560 0
182 3
0.881341 0.439560 0
0.883967 0.291211 0
0.734521 0.291211 0
183 3
0.879464 0.532565 0
0.734522 0.439560 0
0.734524 0.532565 0
184 3
0.879464 0.532565 0
0.881341 0.439560 0
0.734522 0.439560 0
185 3
0.877443 0.646286 0
0.734524 0.532565 0
0.734525 0.646286 0
186 3
0.877443 0.646286 0
0.879464 0.532565 0
0.734524 0.532565 0
187 3
0.873189 0.749007 0
0.734525 0.646286 0
0.734526 0.749007 0
188 3
0.873189 0.749007 0
0.877443 0.646286 0
0.734525 0.646286 0
189 3
0.873932 0.984666 0
0.734526 0.749007 0
0.734529 0.984666 0
190 3
0.873932 0.984666 0
0.873189 0.749007 0
0.734526 0.749007 0
191 3
0.623271 0.991929 0
0.621754 0.991315 0
0.734403 0.990669 0
192 3
0.173565 0.061086 0
0.173565 0.010038 0
0.272202 0.053963 0
193 3
0.171482 0.204195 0
0.173565 0.061086 0
0.272202 0.053963 0
194 3
0.162405 0.611859 0
0.192740 0.554147 0
0.193058 0.611859 0
195 3
0.162405 0.611859 0
0.162723 0.554147 0
0.192740 0.554147 0
196 3
0.164000 0.628068 0
0.193058 0.611859 0
0.191463 0.628068 0
197 3
0.162405 0.611859 0
0.193058 0.611859 0
0.164000 0.628068 0
198 3
0.143328 0.337143 0
0.171482 0.204195 0
0.203802 0.337143 0
199 3
0.164407 0.392296 0
0.203802 0.337143 0
0.191056 0.392296 0
200 3
0.164407 0.392296 0
0.143328 0.337143 0
0.203802 0.337143 0
201 3
0.165182 0.430381 0
0.191056 0.392296 0
0.190281 0.430381 0
202 3
0.164407 0.392296 0
0.191056 0.392296 0
0.165182 0.430381 0
203 3
0.190611 0.491978 0
0.192740 0.554147 0
0.162723 0.554147 0
204 3
0.164852 0.491978 0
0.190611 0.491978 0
0.162723 0.554147 0
205 3
0.190281 0.430381 0
0.190611 0.491978 0
0.164852 0.491978 0
206 3
0.165182 0.430381 0
0.190281 0.430381 0
0.164852 0.491978 0
207 3
0.449167 0.752639 0
0.453744 0.663271 0
0.525499 0.667151 0
208 3
0.988984 0.992206 0
0.989758 0.971189 0
0.954562 0.974187 0
209 3
0.988984 0.992206 0
0.954562 0.974187 0
0.958378 0.988512 0
210 3
0.621754 0.991315 0
0.621707 0.747691 0
0.734403 0.990669 0
211 3
0.621707 0.747691 0
0.734406 0.755139 0
0.734403 0.990669 0
212 3
0.520831 0.750150 0
0.626425 0.638777 0
0.621707 0.747691 0
213 3
0.621707 0.747691 0
0.626425 0.638777 0
0.734415 0.643379 0
214 3
0.621707 0.747691 0
0.734415 0.643379 0
0.734406 0.755139 0
215 3
0.173565 0.930971 0
0.251328 0.934519 0
0.223644 0.989122 0
216 3
0.734449 0.193809 0
0.630863 0.082935 0
0.734437 0.083067 0
217 3
0.641099 0.192343 0
0.630863 0.082935 0
0.734449 0.193809 0
218 3
0.641099 0.192343 0
0.514074 0.090170 0
0.630863 0.082935 0
219 3
0.521196 0.194517 0
0.514074 0.090170 0
0.641099 0.192343 0
220 3
0.521196 0.194517 0
0.388964 0.098358 0
0.514074 0.090170 0
221 3
0.390712 0.207141 0
0.388964 0.098358 0
0.521196 0.194517 0
222 3
0.568214 0.449186 0
0.646708 0.294737 0
0.646131 0.443998 0
223 3
0.568214 0.449186 0
0.540728 0.392547 0
0.646708 0.294737 0
224 3
0.540728 0.392547 0
0.521971 0.297931 0
0.646708 0.294737 0
225 3
0.508489 0.392735 0
0.521971 0.297931 0
0.540728 0.392547 0
226 3
0.508489 0.392735 0
0.391286 0.330438 0
0.521971 0.297931 0
227 3
0.637943 0.537147 0
0.734446 0.441468 0
0.734429 0.540497 0
228 3
0.637943 0.537147 0
0.646131 0.443998 0
0.734446 0.441468 0
229 3
0.565565 0.535775 0
0.646131 0.443998 0
0.637943 0.537147 0
230 3
0.565565 0.535775 0
0.568214 0.449186 0
0.646131 0.443998 0
231 3
0.626425 0.638777 0
0.734429 0.540497 0
0.734415 0.643379 0
232 3
0.626425 0.638777 0
0.637943 0.537147 0
0.734429 0.540497 0
233 3
0.525499 0.667151 0
0.637943 0.537147 0
0.626425 0.638777 0
234 3
0.525499 0.667151 0
0.565565 0.535775 0
0.637943 0.537147 0
235 3
0.386379 0.990616 0
0.388057 0.957816 0
0.456176 0.992119 0
236 3
0.388057 0.957816 0
0.460120 0.861809 0
0.456176 0.992119 0
237 3
0.958378 0.988512 0
0.991570 0.940270 0
0.988984 0.992206 0
238 3
0.391286 0.330438 0
0.508489 0.392735 0
0.469111 0.444960 0
239 3
0.990899 0.810352 0
0.993581 0.832064 0
0.958198 0.811934 0
240 3
0.958198 0.811934 0
0.957084 0.811788 0
0.990899 0.810352 0
241 3
0.956347 0.829990 0
0.990899 0.810352 0
0.957084 0.811788 0
242 3
0.992887 0.831765 0
0.990899 0.810352 0
0.956347 0.829990 0
243 3
0.956947 0.902822 0
0.992887 0.831765 0
0.956347 0.829990 0
244 3
0.956947 0.902822 0
0.991111 0.902240 0
0.992887 0.831765 0
245 3
0.954562 0.974187 0
0.991111 0.902240 0
0.956947 0.902822 0
246 3
0.954562 0.974187 0
0.989758 0.971189 0
0.991111 0.902240 0
247 3
0.514074 0.090170 0
0.451033 0.012406 0
0.504104 0.008427 0
248 3
0.388964 0.098358 0
0.451033 0.012406 0
0.514074 0.090170 0
249 3
0.990287 0.756838 0
0.910018 0.710195 0
0.991184 0.660221 0
250 3
0.646131 0.443998 0
0.734452 0.295091 0
0.734446 0.441468 0
251 3
0.646131 0.443998 0
0.646708 0.294737 0
0.734452 0.295091 0
252 3
0.734452 0.295091 0
0.641099 0.192343 0
0.734449 0.193809 0
253 3
0.734452 0.295091 0
0.646708 0.294737 0
0.641099 0.192343 0
254 3
0.734437 0.083067 0
0.617548 0.010869 0
0.734430 0.013654 0
255 3
0.734437 0.083067 0
0.630863 0.082935 0
0.617548 0.010869 0
256 3
0.985759 0.565908 0
0.910018 0.710195 0
0.935110 0.510592 0
257 3
0.460120 0.861809 0
0.377319 0.850226 0
0.449167 0.752639 0
258 3
0.460120 0.861809 0
0.449167 0.752639 0
0.520831 0.750150 0
259 3
0.991184 0.660221 0
0.910018 0.710195 0
0.985759 0.565908 0
260 3
0.974217 0.678558 0
0.914922 0.509050 0
0.992614 0.555063 0
261 3
0.914922 0.757323 0
0.914922 0.509050 0
0.974217 0.678558 0
262 3
0.171482 0.204195 0
0.272202 0.053963 0
0.290595 0.201207 0
263 3
0.290518 0.201873 0
0.390712 0.207141 0
0.391286 0.330438 0
264 3
0.460120 0.861809 0
0.520831 0.750150 0
0.456176 0.992119 0
265 3
0.521971 0.297931 0
0.641099 0.192343 0
0.646708 0.294737 0
266 3
0.521971 0.297931 0
0.521196 0.194517 0
0.641099 0.192343 0
267 3
0.337527 0.011584 0
0.451033 0.012406 0
0.388964 0.098358 0
268 3
0.173824 0.010576 0
0.337527 0.011584 0
0.272058 0.053024 0
269 3
0.388964 0.098358 0
0.272058 0.053024 0
0.337527 0.011584 0
270 3
0.514074 0.090170 0
0.617548 0.010869 0
0.630863 0.082935 0
271 3
0.514074 0.090170 0
0.504104 0.008427 0
0.617548 0.010869 0
272 3
0.383723 0.591455 0
0.449167 0.752639 0
0.377319 0.850226 0
273 3
0.383723 0.591455 0
0.453465 0.579063 0
0.453744 0.663271 0
274 3
0.453744 0.663271 0
0.449167 0.752639 0
0.383723 0.591455 0
275 3
0.383723 0.591455 0
0.469111 0.444960 0
0.453465 0.579063 0
276 3
0.213736 0.427336 0
0.191056 0.392296 0
0.203802 0.337143 0
277 3
0.261095 0.395635 0
0.203802 0.337143 0
0.261676 0.323835 0
278 3
0.213736 0.427336 0
0.203802 0.337143 0
0.261095 0.395635 0
279 3
0.314129 0.428818 0
0.305355 0.320707 0
0.339203 0.417402 0
280 3
0.261095 0.395635 0
0.305355 0.320707 0
0.314129 0.428818 0
281 3
0.261676 0.323835 0
0.305355 0.320707 0
0.261095 0.395635 0
282 3
0.193058 0.611859 0
0.192740 0.554147 0
0.233415 0.623435 0
283 3
0.191463 0.628068 0
0.193058 0.611859 0
0.233415 0.623435 0
284 3
0.305917 0.323048 0
0.290518 0.201873 0
0.391286 0.330438 0
285 3
0.305917 0.323048 0
0.391286 0.330438 0
0.338616 0.418000 0
286 3
0.203802 0.337143 0
0.290595 0.201207 0
0.261676 0.323835 0
287 3
0.203802 0.337143 0
0.171482 0.204195 0
0.290595 0.201207 0
288 3
0.190281 0.430381 0
0.191056 0.392296 0
0.213736 0.427336 0
289 3
0.261676 0.323835 0
0.290595 0.201207 0
0.305355 0.320707 0
290 3
0.383723 0.591455 0
0.319743 0.587981 0
0.338616 0.418000 0
291 3
0.339203 0.417402 0
0.318610 0.590309 0
0.314129 0.428818 0
292 3
0.314129 0.428818 0
0.318610 0.590309 0
0.261591 0.460576 0
293 3
0.261591 0.460576 0
0.213736 0.427336 0
0.261095 0.395635 0
294 3
0.314129 0.428818 0
0.261591 0.460576 0
0.261095 0.395635 0
295 3
0.377319 0.850226 0
0.223731 0.989038 0
0.251826 0.935965 0
296 3
0.261591 0.460576 0
0.226578 0.558037 0
0.213736 0.427336 0
297 3
0.261591 0.460576 0
0.318610 0.590309 0
0.226578 0.558037 0
298 3
0.318610 0.590309 0
0.233415 0.623435 0
0.226578 0.558037 0
299 3
0.233415 0.623435 0
0.318610 0.590309 0
0.283871 0.794968 0
300 3
0.190611 0.491978 0
0.190281 0.430381 0
0.226578 0.558037 0
301 3
0.226578 0.558037 0
0.233415 0.623435 0
0.192740 0.554147 0
302 3
0.190611 0.491978 0
0.226578 0.558037 0
0.192740 0.554147 0
303 3
0.226578 0.558037 0
0.190281 0.430381 0
0.213736 0.427336 0
4
0.000000 0.000000 0.000000
0.000000 0.000000 0.000000
0.000000 0.000000 0.000000
1.000000 1.000000 1.000000
