1
5
C:\MIDWAY\NBAonNBC\HEADS\Milwaukee\LWO\hd_thill.TGA
C:\MIDWAY\NBAonNBC\HEADS\Milwaukee\LWO\hd_thill.TGA
C:\MIDWAY\NBAonNBC\HEADS\Milwaukee\LWO\hd_thill.TGA
C:\MIDWAY\NBAonNBC\HEADS\Milwaukee\LWO\hd_thill.TGA
C:\MIDWAY\NBAonNBC\HEADS\Milwaukee\LWO\hd_thill.TGA
321
0 3
0.452947 0.544624 0
0.372215 0.558075 0
0.348182 0.731704 0
1 3
0.465776 0.851291 0
0.452947 0.544624 0
0.348182 0.731704 0
2 3
0.465776 0.851291 0
0.348182 0.731704 0
0.337897 0.829764 0
3 3
0.348182 0.731704 0
0.372215 0.558075 0
0.452947 0.544624 0
4 3
0.465776 0.851291 0
0.337897 0.829764 0
0.348182 0.731704 0
5 3
0.465776 0.851291 0
0.348182 0.731704 0
0.452947 0.544624 0
6 3
0.068890 0.184631 0
0.101277 0.069831 0
0.159888 0.072093 0
7 3
0.250150 0.184631 0
0.159502 0.189737 0
0.159888 0.072093 0
8 3
0.250150 0.184631 0
0.159888 0.072093 0
0.215246 0.069831 0
9 3
0.068890 0.184631 0
0.159888 0.072093 0
0.159502 0.189737 0
10 3
0.138415 0.929532 0
0.091466 0.940360 0
0.077092 0.839004 0
11 3
0.236546 0.839004 0
0.222192 0.940360 0
0.181493 0.929532 0
12 3
0.137470 0.821048 0
0.138415 0.929532 0
0.077092 0.839004 0
13 3
0.182438 0.821154 0
0.236546 0.839004 0
0.181493 0.929532 0
14 3
0.518802 0.676275 0
0.505700 0.762654 0
0.534619 0.747660 0
15 3
0.518802 0.676275 0
0.534619 0.747660 0
0.578063 0.667799 0
16 3
0.518802 0.676275 0
0.578063 0.667799 0
0.534619 0.747660 0
17 3
0.518802 0.676275 0
0.534619 0.747660 0
0.505700 0.762654 0
18 3
0.089828 0.731161 0
0.108807 0.615574 0
0.135165 0.667137 0
19 3
0.135165 0.667137 0
0.135753 0.734787 0
0.089828 0.731161 0
20 3
0.184521 0.667136 0
0.215199 0.615574 0
0.230080 0.731851 0
21 3
0.230080 0.731851 0
0.184155 0.734752 0
0.184521 0.667136 0
22 3
0.135753 0.734787 0
0.135165 0.667137 0
0.184521 0.667136 0
23 3
0.135753 0.734787 0
0.184521 0.667136 0
0.184155 0.734752 0
24 3
0.135165 0.667137 0
0.139652 0.617036 0
0.179837 0.617036 0
25 3
0.179837 0.617036 0
0.184521 0.667136 0
0.135165 0.667137 0
26 3
0.215199 0.615574 0
0.184521 0.667136 0
0.179837 0.617036 0
27 3
0.139652 0.617036 0
0.135165 0.667137 0
0.108807 0.615574 0
28 3
0.137470 0.821048 0
0.182438 0.821154 0
0.181493 0.929532 0
29 3
0.137470 0.821048 0
0.181493 0.929532 0
0.138415 0.929532 0
30 3
0.342868 0.979447 0
0.465776 0.851291 0
0.495869 0.886005 0
31 3
0.342868 0.979447 0
0.431029 0.963264 0
0.495869 0.886005 0
32 3
0.342868 0.979447 0
0.495869 0.886005 0
0.431029 0.963264 0
33 3
0.342868 0.979447 0
0.495869 0.886005 0
0.465776 0.851291 0
34 3
0.431029 0.963264 0
0.431029 0.963264 0
0.342868 0.979447 0
35 3
0.431029 0.963264 0
0.342868 0.979447 0
0.342868 0.979447 0
36 3
0.132599 0.992319 0
0.138415 0.929532 0
0.181493 0.929532 0
37 3
0.132599 0.992319 0
0.181493 0.929532 0
0.188021 0.992319 0
38 3
0.091466 0.940360 0
0.138415 0.929532 0
0.132599 0.992319 0
39 3
0.222192 0.940360 0
0.188021 0.992319 0
0.181493 0.929532 0
40 3
0.578643 0.331476 0
0.607332 0.394505 0
0.686496 0.424377 0
41 3
0.578643 0.331476 0
0.685666 0.315696 0
0.686496 0.424377 0
42 3
0.607332 0.394505 0
0.629256 0.451003 0
0.686496 0.424377 0
43 3
0.686496 0.424377 0
0.629256 0.451003 0
0.607332 0.394505 0
44 3
0.687169 0.986646 0
0.790423 0.986427 0
0.791245 0.738845 0
45 3
0.687169 0.986646 0
0.686122 0.743989 0
0.791245 0.738845 0
46 3
0.687169 0.986646 0
0.791245 0.738845 0
0.686122 0.743989 0
47 3
0.687169 0.986646 0
0.791245 0.738845 0
0.790423 0.986427 0
48 3
0.353355 0.193118 0
0.453393 0.342568 0
0.452452 0.188400 0
49 3
0.353355 0.193118 0
0.452452 0.188400 0
0.452355 0.078571 0
50 3
0.353355 0.193118 0
0.452355 0.078571 0
0.452452 0.188400 0
51 3
0.353355 0.193118 0
0.452452 0.188400 0
0.453393 0.342568 0
52 3
0.591152 0.396483 0
0.522403 0.587694 0
0.531893 0.666476 0
53 3
0.591152 0.396483 0
0.569902 0.652262 0
0.531893 0.666476 0
54 3
0.591152 0.396483 0
0.531893 0.666476 0
0.569902 0.652262 0
55 3
0.591152 0.396483 0
0.531893 0.666476 0
0.522403 0.587694 0
56 3
0.591152 0.396483 0
0.547940 0.446200 0
0.522403 0.587694 0
57 3
0.522403 0.587694 0
0.547940 0.446200 0
0.591152 0.396483 0
58 3
0.627065 0.587267 0
0.578063 0.667799 0
0.685880 0.634065 0
59 3
0.685880 0.634065 0
0.686881 0.549380 0
0.627065 0.587267 0
60 3
0.685880 0.634065 0
0.578063 0.667799 0
0.627065 0.587267 0
61 3
0.627065 0.587267 0
0.686881 0.549380 0
0.685880 0.634065 0
62 3
0.182438 0.821154 0
0.183537 0.783719 0
0.230080 0.731851 0
63 3
0.236546 0.839004 0
0.182438 0.821154 0
0.230080 0.731851 0
64 3
0.183537 0.783719 0
0.182438 0.821154 0
0.137470 0.821048 0
65 3
0.183537 0.783719 0
0.137470 0.821048 0
0.136372 0.783712 0
66 3
0.183537 0.783719 0
0.136372 0.783712 0
0.159954 0.734043 0
67 3
0.136372 0.783712 0
0.135721 0.735332 0
0.159954 0.734043 0
68 3
0.089828 0.731161 0
0.136372 0.783712 0
0.137470 0.821048 0
69 3
0.183537 0.783719 0
0.159954 0.734043 0
0.184187 0.735335 0
70 3
0.183537 0.783719 0
0.184187 0.735335 0
0.230080 0.731851 0
71 3
0.089828 0.731161 0
0.135721 0.735332 0
0.136372 0.783712 0
72 3
0.077092 0.839004 0
0.089828 0.731161 0
0.137470 0.821048 0
73 3
0.037891 0.556169 0
0.108807 0.615574 0
0.064715 0.736288 0
74 3
0.248943 0.736288 0
0.215199 0.615574 0
0.282018 0.556169 0
75 3
0.230080 0.731851 0
0.215199 0.615574 0
0.248943 0.736288 0
76 3
0.089828 0.731161 0
0.077092 0.839004 0
0.064715 0.736288 0
77 3
0.089828 0.731161 0
0.064715 0.736288 0
0.108807 0.615574 0
78 3
0.230080 0.731851 0
0.248943 0.736288 0
0.236546 0.839004 0
79 3
0.036029 0.442289 0
0.045148 0.411574 0
0.075278 0.409797 0
80 3
0.034129 0.337240 0
0.045148 0.411574 0
0.036029 0.442289 0
81 3
0.075278 0.409797 0
0.045148 0.411574 0
0.034129 0.337240 0
82 3
0.244630 0.409797 0
0.273903 0.411574 0
0.283879 0.442289 0
83 3
0.278643 0.337240 0
0.273903 0.411574 0
0.244630 0.409797 0
84 3
0.283879 0.442289 0
0.273903 0.411574 0
0.278643 0.337240 0
85 3
0.465776 0.851291 0
0.340141 0.928720 0
0.342868 0.979447 0
86 3
0.465776 0.851291 0
0.342868 0.979447 0
0.340141 0.928720 0
87 3
0.452355 0.078571 0
0.377564 0.081038 0
0.353355 0.193118 0
88 3
0.353355 0.193118 0
0.377564 0.081038 0
0.452355 0.078571 0
89 3
0.452452 0.188400 0
0.453393 0.342568 0
0.578643 0.331476 0
90 3
0.578643 0.331476 0
0.577229 0.178665 0
0.452452 0.188400 0
91 3
0.578643 0.331476 0
0.453393 0.342568 0
0.452452 0.188400 0
92 3
0.452452 0.188400 0
0.577229 0.178665 0
0.578643 0.331476 0
93 3
0.452947 0.544624 0
0.547940 0.446200 0
0.453393 0.342568 0
94 3
0.453393 0.342568 0
0.399023 0.444189 0
0.452947 0.544624 0
95 3
0.453393 0.342568 0
0.547940 0.446200 0
0.452947 0.544624 0
96 3
0.452947 0.544624 0
0.399023 0.444189 0
0.453393 0.342568 0
97 3
0.534619 0.747660 0
0.511783 0.989512 0
0.687169 0.986646 0
98 3
0.687169 0.986646 0
0.686122 0.743989 0
0.534619 0.747660 0
99 3
0.687169 0.986646 0
0.511783 0.989512 0
0.534619 0.747660 0
100 3
0.534619 0.747660 0
0.686122 0.743989 0
0.687169 0.986646 0
101 3
0.591152 0.396483 0
0.569902 0.652262 0
0.612902 0.585812 0
102 3
0.612902 0.585812 0
0.616514 0.438963 0
0.591152 0.396483 0
103 3
0.591152 0.396483 0
0.616514 0.438963 0
0.612902 0.585812 0
104 3
0.591152 0.396483 0
0.612902 0.585812 0
0.569902 0.652262 0
105 3
0.578063 0.667799 0
0.534619 0.747660 0
0.685880 0.634065 0
106 3
0.578063 0.667799 0
0.685880 0.634065 0
0.534619 0.747660 0
107 3
0.340141 0.928720 0
0.465776 0.851291 0
0.337897 0.829764 0
108 3
0.340141 0.928720 0
0.337897 0.829764 0
0.465776 0.851291 0
109 3
0.698648 0.988337 0
0.687169 0.986646 0
0.516668 0.991714 0
110 3
0.516668 0.991714 0
0.687169 0.986646 0
0.511783 0.989512 0
111 3
0.516668 0.991714 0
0.511783 0.989512 0
0.432523 0.990651 0
112 3
0.698648 0.988337 0
0.790423 0.986427 0
0.687169 0.986646 0
113 3
0.159888 0.072093 0
0.101277 0.069831 0
0.159892 0.007185 0
114 3
0.917591 0.991312 0
0.942419 0.981865 0
0.915003 0.976150 0
115 3
0.917591 0.991312 0
0.918279 0.975741 0
0.942419 0.981865 0
116 3
0.534619 0.747660 0
0.686122 0.743989 0
0.685880 0.634065 0
117 3
0.686122 0.743989 0
0.789957 0.628119 0
0.685880 0.634065 0
118 3
0.686122 0.743989 0
0.791245 0.738845 0
0.789957 0.628119 0
119 3
0.788618 0.163475 0
0.788297 0.072388 0
0.686936 0.071599 0
120 3
0.686825 0.168417 0
0.788618 0.163475 0
0.686936 0.071599 0
121 3
0.686825 0.168417 0
0.686936 0.071599 0
0.573328 0.073132 0
122 3
0.577229 0.178665 0
0.686825 0.168417 0
0.573328 0.073132 0
123 3
0.577229 0.178665 0
0.573328 0.073132 0
0.452355 0.078571 0
124 3
0.452452 0.188400 0
0.577229 0.178665 0
0.452355 0.078571 0
125 3
0.578643 0.331476 0
0.686496 0.424377 0
0.685666 0.315696 0
126 3
0.569211 0.390474 0
0.607332 0.394505 0
0.578643 0.331476 0
127 3
0.569211 0.390474 0
0.578643 0.331476 0
0.453393 0.342568 0
128 3
0.686881 0.549380 0
0.790999 0.537275 0
0.791186 0.421216 0
129 3
0.686881 0.549380 0
0.791186 0.421216 0
0.686496 0.424377 0
130 3
0.627065 0.587267 0
0.686881 0.549380 0
0.686496 0.424377 0
131 3
0.627065 0.587267 0
0.686496 0.424377 0
0.629256 0.451003 0
132 3
0.685880 0.634065 0
0.789957 0.628119 0
0.790999 0.537275 0
133 3
0.685880 0.634065 0
0.790999 0.537275 0
0.686881 0.549380 0
134 3
0.432523 0.990651 0
0.511783 0.989512 0
0.431029 0.963264 0
135 3
0.431029 0.963264 0
0.511783 0.989512 0
0.495869 0.886005 0
136 3
0.918279 0.975741 0
0.917591 0.991312 0
0.914856 0.932555 0
137 3
0.453393 0.342568 0
0.547940 0.446200 0
0.569211 0.390474 0
138 3
0.912296 0.850839 0
0.920633 0.812836 0
0.939139 0.820006 0
139 3
0.939139 0.820006 0
0.920633 0.812836 0
0.939838 0.822857 0
140 3
0.941415 0.839235 0
0.939838 0.822857 0
0.920633 0.812836 0
141 3
0.913620 0.836324 0
0.941415 0.839235 0
0.920633 0.812836 0
142 3
0.941545 0.927501 0
0.941415 0.839235 0
0.913620 0.836324 0
143 3
0.941545 0.927501 0
0.913620 0.836324 0
0.916091 0.926577 0
144 3
0.942419 0.981865 0
0.941545 0.927501 0
0.916091 0.926577 0
145 3
0.942419 0.981865 0
0.916091 0.926577 0
0.915003 0.976150 0
146 3
0.573328 0.073132 0
0.573058 0.006554 0
0.497293 0.006749 0
147 3
0.452355 0.078571 0
0.573328 0.073132 0
0.497293 0.006749 0
148 3
0.987191 0.678755 0
0.987732 0.548527 0
0.920676 0.638221 0
149 3
0.686496 0.424377 0
0.791186 0.421216 0
0.788153 0.312314 0
150 3
0.686496 0.424377 0
0.788153 0.312314 0
0.685666 0.315696 0
151 3
0.788153 0.312314 0
0.788618 0.163475 0
0.686825 0.168417 0
152 3
0.788153 0.312314 0
0.686825 0.168417 0
0.685666 0.315696 0
153 3
0.788297 0.072388 0
0.789472 0.006925 0
0.684793 0.006432 0
154 3
0.788297 0.072388 0
0.684793 0.006432 0
0.686936 0.071599 0
155 3
0.988949 0.457872 0
0.919190 0.459891 0
0.920676 0.638221 0
156 3
0.495869 0.886005 0
0.505700 0.762654 0
0.465776 0.851291 0
157 3
0.495869 0.886005 0
0.534619 0.747660 0
0.505700 0.762654 0
158 3
0.987732 0.548527 0
0.988949 0.457872 0
0.920676 0.638221 0
159 3
0.986085 0.778496 0
0.987191 0.678755 0
0.920676 0.638221 0
160 3
0.920642 0.779674 0
0.986085 0.778496 0
0.920676 0.638221 0
161 3
0.495869 0.886005 0
0.511783 0.989512 0
0.534619 0.747660 0
162 3
0.578643 0.331476 0
0.685666 0.315696 0
0.686825 0.168417 0
163 3
0.578643 0.331476 0
0.686825 0.168417 0
0.577229 0.178665 0
164 3
0.453971 0.006679 0
0.452355 0.078571 0
0.497293 0.006749 0
165 3
0.377364 0.006586 0
0.377564 0.081038 0
0.453971 0.006679 0
166 3
0.452355 0.078571 0
0.453971 0.006679 0
0.377564 0.081038 0
167 3
0.573328 0.073132 0
0.686936 0.071599 0
0.684793 0.006432 0
168 3
0.573328 0.073132 0
0.684793 0.006432 0
0.573058 0.006554 0
169 3
0.452947 0.544624 0
0.465776 0.851291 0
0.505700 0.762654 0
170 3
0.452947 0.544624 0
0.518802 0.676275 0
0.522403 0.587694 0
171 3
0.518802 0.676275 0
0.452947 0.544624 0
0.505700 0.762654 0
172 3
0.452947 0.544624 0
0.522403 0.587694 0
0.547940 0.446200 0
173 3
0.117089 0.443694 0
0.129827 0.353283 0
0.144990 0.401740 0
174 3
0.075278 0.409797 0
0.078480 0.337840 0
0.129827 0.353283 0
175 3
0.117089 0.443694 0
0.075278 0.409797 0
0.129827 0.353283 0
176 3
0.036029 0.442289 0
0.022020 0.441795 0
0.034129 0.337240 0
177 3
0.078480 0.337840 0
0.075278 0.409797 0
0.034129 0.337240 0
178 3
0.138254 0.581118 0
0.108807 0.615574 0
0.138533 0.541626 0
179 3
0.139652 0.617036 0
0.108807 0.615574 0
0.138254 0.581118 0
180 3
0.352689 0.337350 0
0.453393 0.342568 0
0.353355 0.193118 0
181 3
0.352689 0.337350 0
0.399023 0.444189 0
0.453393 0.342568 0
182 3
0.129827 0.353283 0
0.078480 0.337840 0
0.068890 0.184631 0
183 3
0.129827 0.353283 0
0.068890 0.184631 0
0.159502 0.189737 0
184 3
0.145743 0.426211 0
0.117089 0.443694 0
0.144990 0.401740 0
185 3
0.078480 0.337840 0
0.034129 0.337240 0
0.068890 0.184631 0
186 3
0.452947 0.544624 0
0.399023 0.444189 0
0.372215 0.558075 0
187 3
0.022020 0.441795 0
0.036029 0.442289 0
0.037891 0.556169 0
188 3
0.036029 0.442289 0
0.074876 0.470485 0
0.037891 0.556169 0
189 3
0.074876 0.470485 0
0.075278 0.409797 0
0.117089 0.443694 0
190 3
0.036029 0.442289 0
0.075278 0.409797 0
0.074876 0.470485 0
191 3
0.074876 0.470485 0
0.117089 0.443694 0
0.109895 0.583846 0
192 3
0.074876 0.470485 0
0.109895 0.583846 0
0.037891 0.556169 0
193 3
0.037891 0.556169 0
0.109895 0.583846 0
0.108807 0.615574 0
194 3
0.143399 0.495158 0
0.109895 0.583846 0
0.145743 0.426211 0
195 3
0.109895 0.583846 0
0.138533 0.541626 0
0.108807 0.615574 0
196 3
0.143399 0.495158 0
0.138533 0.541626 0
0.109895 0.583846 0
197 3
0.109895 0.583846 0
0.117089 0.443694 0
0.145743 0.426211 0
198 3
0.844486 0.989684 0
0.887035 0.990655 0
0.789437 0.990655 0
199 3
0.698648 0.988337 0
0.516668 0.991714 0
0.687169 0.986646 0
200 3
0.516668 0.991714 0
0.511783 0.989512 0
0.687169 0.986646 0
201 3
0.516668 0.991714 0
0.432523 0.990651 0
0.511783 0.989512 0
202 3
0.432523 0.990651 0
0.431029 0.963264 0
0.431029 0.963264 0
203 3
0.432523 0.990651 0
0.431029 0.963264 0
0.432523 0.990651 0
204 3
0.516668 0.991714 0
0.432523 0.990651 0
0.432523 0.990651 0
205 3
0.886418 0.157801 0
0.799069 0.068633 0
0.786791 0.157801 0
206 3
0.886418 0.157801 0
0.865807 0.068633 0
0.799069 0.068633 0
207 3
0.947474 0.462178 0
0.920676 0.638221 0
0.919190 0.459891 0
208 3
0.865807 0.068633 0
0.847877 0.005853 0
0.816998 0.005853 0
209 3
0.865807 0.068633 0
0.816998 0.005853 0
0.799069 0.068633 0
210 3
0.890501 0.314147 0
0.786791 0.157801 0
0.786875 0.314147 0
211 3
0.890501 0.314147 0
0.886418 0.157801 0
0.786791 0.157801 0
212 3
0.891156 0.425187 0
0.786875 0.314147 0
0.786162 0.425187 0
213 3
0.891156 0.425187 0
0.890501 0.314147 0
0.786875 0.314147 0
214 3
0.889559 0.537905 0
0.786162 0.425187 0
0.787276 0.537905 0
215 3
0.889559 0.537905 0
0.891156 0.425187 0
0.786162 0.425187 0
216 3
0.889523 0.623538 0
0.787276 0.537905 0
0.787197 0.623538 0
217 3
0.889523 0.623538 0
0.889559 0.537905 0
0.787276 0.537905 0
218 3
0.887432 0.739405 0
0.787197 0.623538 0
0.788990 0.739405 0
219 3
0.887432 0.739405 0
0.889523 0.623538 0
0.787197 0.623538 0
220 3
0.887035 0.990655 0
0.788990 0.739405 0
0.789437 0.990655 0
221 3
0.887035 0.990655 0
0.887432 0.739405 0
0.788990 0.739405 0
222 3
0.698648 0.988337 0
0.687169 0.986646 0
0.790423 0.986427 0
223 3
0.159888 0.072093 0
0.159892 0.007185 0
0.215246 0.069831 0
224 3
0.138254 0.581118 0
0.180956 0.541626 0
0.181235 0.581118 0
225 3
0.138254 0.581118 0
0.138533 0.541626 0
0.180956 0.541626 0
226 3
0.139652 0.617036 0
0.181235 0.581118 0
0.179837 0.617036 0
227 3
0.138254 0.581118 0
0.181235 0.581118 0
0.139652 0.617036 0
228 3
0.129827 0.353283 0
0.159502 0.189737 0
0.190081 0.353283 0
229 3
0.144990 0.401740 0
0.190081 0.353283 0
0.174918 0.401740 0
230 3
0.144990 0.401740 0
0.129827 0.353283 0
0.190081 0.353283 0
231 3
0.145743 0.426211 0
0.174918 0.401740 0
0.174165 0.426211 0
232 3
0.144990 0.401740 0
0.174918 0.401740 0
0.145743 0.426211 0
233 3
0.176509 0.495158 0
0.180956 0.541626 0
0.138533 0.541626 0
234 3
0.143399 0.495158 0
0.176509 0.495158 0
0.138533 0.541626 0
235 3
0.174165 0.426211 0
0.176509 0.495158 0
0.143399 0.495158 0
236 3
0.145743 0.426211 0
0.174165 0.426211 0
0.143399 0.495158 0
237 3
0.989555 0.993428 0
0.994414 0.980381 0
0.964852 0.981758 0
238 3
0.989555 0.993428 0
0.964852 0.981758 0
0.988867 0.977857 0
239 3
0.534619 0.747660 0
0.685880 0.634065 0
0.686122 0.743989 0
240 3
0.686122 0.743989 0
0.685880 0.634065 0
0.789957 0.628119 0
241 3
0.686122 0.743989 0
0.789957 0.628119 0
0.791245 0.738845 0
242 3
0.788618 0.163475 0
0.686936 0.071599 0
0.788297 0.072388 0
243 3
0.686825 0.168417 0
0.686936 0.071599 0
0.788618 0.163475 0
244 3
0.686825 0.168417 0
0.573328 0.073132 0
0.686936 0.071599 0
245 3
0.577229 0.178665 0
0.573328 0.073132 0
0.686825 0.168417 0
246 3
0.577229 0.178665 0
0.452355 0.078571 0
0.573328 0.073132 0
247 3
0.452452 0.188400 0
0.452355 0.078571 0
0.577229 0.178665 0
248 3
0.578643 0.331476 0
0.686496 0.424377 0
0.607332 0.394505 0
249 3
0.569211 0.390474 0
0.578643 0.331476 0
0.607332 0.394505 0
250 3
0.569211 0.390474 0
0.453393 0.342568 0
0.578643 0.331476 0
251 3
0.686881 0.549380 0
0.791186 0.421216 0
0.790999 0.537275 0
252 3
0.686881 0.549380 0
0.686496 0.424377 0
0.791186 0.421216 0
253 3
0.627065 0.587267 0
0.686496 0.424377 0
0.686881 0.549380 0
254 3
0.627065 0.587267 0
0.629256 0.451003 0
0.686496 0.424377 0
255 3
0.685880 0.634065 0
0.790999 0.537275 0
0.789957 0.628119 0
256 3
0.685880 0.634065 0
0.686881 0.549380 0
0.790999 0.537275 0
257 3
0.432523 0.990651 0
0.431029 0.963264 0
0.511783 0.989512 0
258 3
0.431029 0.963264 0
0.495869 0.886005 0
0.511783 0.989512 0
259 3
0.988867 0.977857 0
0.994373 0.934670 0
0.989555 0.993428 0
260 3
0.453393 0.342568 0
0.569211 0.390474 0
0.547940 0.446200 0
261 3
0.991245 0.812836 0
0.995415 0.844492 0
0.969905 0.824500 0
262 3
0.969905 0.824500 0
0.969205 0.827350 0
0.991245 0.812836 0
263 3
0.967628 0.845868 0
0.991245 0.812836 0
0.969205 0.827350 0
264 3
0.994091 0.838440 0
0.991245 0.812836 0
0.967628 0.845868 0
265 3
0.965727 0.927393 0
0.994091 0.838440 0
0.967628 0.845868 0
266 3
0.965727 0.927393 0
0.993138 0.928692 0
0.994091 0.838440 0
267 3
0.964852 0.981758 0
0.993138 0.928692 0
0.965727 0.927393 0
268 3
0.964852 0.981758 0
0.994414 0.980381 0
0.993138 0.928692 0
269 3
0.573328 0.073132 0
0.497293 0.006749 0
0.573058 0.006554 0
270 3
0.452355 0.078571 0
0.497293 0.006749 0
0.573328 0.073132 0
271 3
0.987102 0.653546 0
0.920676 0.638221 0
0.988697 0.569597 0
272 3
0.686496 0.424377 0
0.788153 0.312314 0
0.791186 0.421216 0
273 3
0.686496 0.424377 0
0.685666 0.315696 0
0.788153 0.312314 0
274 3
0.788153 0.312314 0
0.686825 0.168417 0
0.788618 0.163475 0
275 3
0.788153 0.312314 0
0.685666 0.315696 0
0.686825 0.168417 0
276 3
0.788297 0.072388 0
0.684793 0.006432 0
0.789472 0.006925 0
277 3
0.788297 0.072388 0
0.686936 0.071599 0
0.684793 0.006432 0
278 3
0.988803 0.460723 0
0.920676 0.638221 0
0.947474 0.462178 0
279 3
0.495869 0.886005 0
0.465776 0.851291 0
0.505700 0.762654 0
280 3
0.495869 0.886005 0
0.505700 0.762654 0
0.534619 0.747660 0
281 3
0.988697 0.569597 0
0.920676 0.638221 0
0.988803 0.460723 0
282 3
0.985975 0.781748 0
0.920676 0.638221 0
0.987102 0.653546 0
283 3
0.920642 0.779674 0
0.920676 0.638221 0
0.985975 0.781748 0
284 3
0.495869 0.886005 0
0.534619 0.747660 0
0.511783 0.989512 0
285 3
0.578643 0.331476 0
0.686825 0.168417 0
0.685666 0.315696 0
286 3
0.578643 0.331476 0
0.577229 0.178665 0
0.686825 0.168417 0
287 3
0.453971 0.006679 0
0.497293 0.006749 0
0.452355 0.078571 0
288 3
0.377364 0.006586 0
0.453971 0.006679 0
0.377564 0.081038 0
289 3
0.452355 0.078571 0
0.377564 0.081038 0
0.453971 0.006679 0
290 3
0.573328 0.073132 0
0.684793 0.006432 0
0.686936 0.071599 0
291 3
0.573328 0.073132 0
0.573058 0.006554 0
0.684793 0.006432 0
292 3
0.452947 0.544624 0
0.505700 0.762654 0
0.465776 0.851291 0
293 3
0.452947 0.544624 0
0.522403 0.587694 0
0.518802 0.676275 0
294 3
0.518802 0.676275 0
0.505700 0.762654 0
0.452947 0.544624 0
295 3
0.452947 0.544624 0
0.547940 0.446200 0
0.522403 0.587694 0
296 3
0.202819 0.443694 0
0.174918 0.401740 0
0.190081 0.353283 0
297 3
0.244630 0.409797 0
0.190081 0.353283 0
0.241428 0.337840 0
298 3
0.202819 0.443694 0
0.190081 0.353283 0
0.244630 0.409797 0
299 3
0.283879 0.442289 0
0.278643 0.337240 0
0.297888 0.441795 0
300 3
0.241428 0.337840 0
0.278643 0.337240 0
0.244630 0.409797 0
301 3
0.181235 0.581118 0
0.180956 0.541626 0
0.215199 0.615574 0
302 3
0.179837 0.617036 0
0.181235 0.581118 0
0.215199 0.615574 0
303 3
0.352689 0.337350 0
0.353355 0.193118 0
0.453393 0.342568 0
304 3
0.352689 0.337350 0
0.453393 0.342568 0
0.399023 0.444189 0
305 3
0.190081 0.353283 0
0.250150 0.184631 0
0.241428 0.337840 0
306 3
0.190081 0.353283 0
0.159502 0.189737 0
0.250150 0.184631 0
307 3
0.174165 0.426211 0
0.174918 0.401740 0
0.202819 0.443694 0
308 3
0.241428 0.337840 0
0.250150 0.184631 0
0.278643 0.337240 0
309 3
0.452947 0.544624 0
0.372215 0.558075 0
0.399023 0.444189 0
310 3
0.297888 0.441795 0
0.282018 0.556169 0
0.283879 0.442289 0
311 3
0.283879 0.442289 0
0.282018 0.556169 0
0.245032 0.470485 0
312 3
0.245032 0.470485 0
0.202819 0.443694 0
0.244630 0.409797 0
313 3
0.245032 0.470485 0
0.244630 0.409797 0
0.283879 0.442289 0
314 3
0.245032 0.470485 0
0.213875 0.583846 0
0.202819 0.443694 0
315 3
0.245032 0.470485 0
0.282018 0.556169 0
0.213875 0.583846 0
316 3
0.282018 0.556169 0
0.215199 0.615574 0
0.213875 0.583846 0
317 3
0.176509 0.495158 0
0.174165 0.426211 0
0.213875 0.583846 0
318 3
0.213875 0.583846 0
0.215199 0.615574 0
0.180956 0.541626 0
319 3
0.176509 0.495158 0
0.213875 0.583846 0
0.180956 0.541626 0
320 3
0.213875 0.583846 0
0.174165 0.426211 0
0.202819 0.443694 0
4
0.000000 -90.000000 0.000000
0.000000 180.000000 0.000000
0.000000 0.000000 0.000000
13.750810 26.501619 17.258516
4
0.000000 0.000000 0.000000
0.000000 0.000000 0.000000
0.000000 0.000000 0.000000
10.650324 21.622316 16.136320
4
0.000000 0.000000 0.000000
0.000000 0.000000 0.000000
-3.092303 0.000000 0.000000
17.050751 5.670096 11.360423
4
-90.000000 0.000000 0.000000
0.000000 0.000000 0.000000
0.000000 0.000000 0.000000
5.886342 3.443171 9.238431
4
0.000000 0.000000 0.000000
0.000000 0.000000 0.000000
0.000000 0.000000 0.000000
5.410680 25.828115 15.619398
