1
5
Philadelphia\LWO\hd_tratl.tga
Philadelphia\LWO\hd_tratl.tga
Philadelphia\LWO\hd_tratl.tga
Philadelphia\LWO\hd_tratl.tga
Philadelphia\LWO\hd_tratl.tga
321
0 3
0.603461 0.436368 0
0.577582 0.677401 0
0.617987 0.621553 0
1 3
0.603461 0.436368 0
0.626594 0.483299 0
0.617987 0.621553 0
2 3
0.617987 0.621553 0
0.626594 0.483299 0
0.603461 0.436368 0
3 3
0.603461 0.436368 0
0.617987 0.621553 0
0.577582 0.677401 0
4 3
0.353714 0.931099 0
0.442156 0.950243 0
0.519064 0.912174 0
5 3
0.353714 0.931099 0
0.494701 0.881840 0
0.519064 0.912174 0
6 3
0.353714 0.931099 0
0.519064 0.912174 0
0.494701 0.881840 0
7 3
0.353714 0.931099 0
0.519064 0.912174 0
0.442156 0.950243 0
8 3
0.353714 0.931099 0
0.352839 0.975328 0
0.442156 0.950243 0
9 3
0.442156 0.950243 0
0.352839 0.975328 0
0.353714 0.931099 0
10 3
0.452485 0.550496 0
0.494701 0.881840 0
0.531029 0.802014 0
11 3
0.452485 0.550496 0
0.531029 0.802014 0
0.545340 0.698509 0
12 3
0.452485 0.550496 0
0.545340 0.698509 0
0.542671 0.630050 0
13 3
0.531029 0.802014 0
0.494701 0.881840 0
0.452485 0.550496 0
14 3
0.452485 0.550496 0
0.542671 0.630050 0
0.545340 0.698509 0
15 3
0.452485 0.550496 0
0.545340 0.698509 0
0.531029 0.802014 0
16 3
0.582949 0.426593 0
0.595176 0.334417 0
0.434903 0.366854 0
17 3
0.582949 0.426593 0
0.434903 0.366854 0
0.595176 0.334417 0
18 3
0.434903 0.366854 0
0.565018 0.460768 0
0.582949 0.426593 0
19 3
0.434903 0.366854 0
0.582949 0.426593 0
0.565018 0.460768 0
20 3
0.494701 0.881840 0
0.452485 0.550496 0
0.374470 0.576114 0
21 3
0.494701 0.881840 0
0.361635 0.765841 0
0.374470 0.576114 0
22 3
0.494701 0.881840 0
0.374470 0.576114 0
0.361635 0.765841 0
23 3
0.494701 0.881840 0
0.374470 0.576114 0
0.452485 0.550496 0
24 3
0.262225 0.198520 0
0.195892 0.352550 0
0.165824 0.212713 0
25 3
0.262225 0.198520 0
0.165824 0.212713 0
0.166223 0.094360 0
26 3
0.132717 0.352550 0
0.077928 0.349689 0
0.069462 0.198520 0
27 3
0.195892 0.352550 0
0.262225 0.198520 0
0.242165 0.349689 0
28 3
0.132717 0.352550 0
0.069462 0.198520 0
0.165824 0.212713 0
29 3
0.494701 0.881840 0
0.361635 0.765841 0
0.356126 0.863257 0
30 3
0.494701 0.881840 0
0.356126 0.863257 0
0.361635 0.765841 0
31 3
0.069462 0.198520 0
0.093813 0.104770 0
0.166223 0.094360 0
32 3
0.262225 0.198520 0
0.166223 0.094360 0
0.234841 0.104770 0
33 3
0.069462 0.198520 0
0.166223 0.094360 0
0.165824 0.212713 0
34 3
0.138565 0.924208 0
0.098742 0.925548 0
0.081765 0.866360 0
35 3
0.251697 0.866360 0
0.234202 0.925548 0
0.194052 0.924208 0
36 3
0.140222 0.866352 0
0.138565 0.924208 0
0.081765 0.866360 0
37 3
0.192396 0.866456 0
0.251697 0.866360 0
0.194052 0.924208 0
38 3
0.545340 0.698509 0
0.531029 0.802014 0
0.562153 0.806340 0
39 3
0.545340 0.698509 0
0.562153 0.806340 0
0.577528 0.703781 0
40 3
0.545340 0.698509 0
0.577528 0.703781 0
0.562153 0.806340 0
41 3
0.545340 0.698509 0
0.562153 0.806340 0
0.531029 0.802014 0
42 3
0.097600 0.754377 0
0.116557 0.625417 0
0.142120 0.703488 0
43 3
0.142120 0.703488 0
0.142543 0.756352 0
0.097600 0.754377 0
44 3
0.190279 0.703487 0
0.212067 0.625417 0
0.231009 0.755053 0
45 3
0.231009 0.755053 0
0.190074 0.756319 0
0.190279 0.703487 0
46 3
0.142543 0.756352 0
0.142120 0.703488 0
0.190279 0.703487 0
47 3
0.142543 0.756352 0
0.190279 0.703487 0
0.190074 0.756319 0
48 3
0.142120 0.703488 0
0.146539 0.657904 0
0.181825 0.657904 0
49 3
0.181825 0.657904 0
0.190279 0.703487 0
0.142120 0.703488 0
50 3
0.212067 0.625417 0
0.190279 0.703487 0
0.181825 0.657904 0
51 3
0.146539 0.657904 0
0.142120 0.703488 0
0.116557 0.625417 0
52 3
0.140222 0.866352 0
0.192396 0.866456 0
0.194052 0.924208 0
53 3
0.140222 0.866352 0
0.194052 0.924208 0
0.138565 0.924208 0
54 3
0.442156 0.950243 0
0.442156 0.950243 0
0.352839 0.975328 0
55 3
0.442156 0.950243 0
0.352839 0.975328 0
0.352839 0.975328 0
56 3
0.136484 0.972827 0
0.138565 0.924208 0
0.194052 0.924208 0
57 3
0.136484 0.972827 0
0.194052 0.924208 0
0.196900 0.972827 0
58 3
0.098742 0.925548 0
0.138565 0.924208 0
0.136484 0.972827 0
59 3
0.234202 0.925548 0
0.196900 0.972827 0
0.194052 0.924208 0
60 3
0.595176 0.334417 0
0.627370 0.437629 0
0.717600 0.417782 0
61 3
0.595176 0.334417 0
0.713761 0.298816 0
0.717600 0.417782 0
62 3
0.627370 0.437629 0
0.643886 0.488187 0
0.717600 0.417782 0
63 3
0.717600 0.417782 0
0.643886 0.488187 0
0.627370 0.437629 0
64 3
0.673818 0.992073 0
0.748370 0.992339 0
0.756248 0.735009 0
65 3
0.673818 0.992073 0
0.677908 0.754927 0
0.756248 0.735009 0
66 3
0.673818 0.992073 0
0.756248 0.735009 0
0.677908 0.754927 0
67 3
0.673818 0.992073 0
0.756248 0.735009 0
0.748370 0.992339 0
68 3
0.367244 0.222949 0
0.434903 0.366854 0
0.429256 0.206570 0
69 3
0.367244 0.222949 0
0.429256 0.206570 0
0.431633 0.092622 0
70 3
0.367244 0.222949 0
0.431633 0.092622 0
0.429256 0.206570 0
71 3
0.367244 0.222949 0
0.429256 0.206570 0
0.434903 0.366854 0
72 3
0.603461 0.436368 0
0.542671 0.630050 0
0.549741 0.680544 0
73 3
0.603461 0.436368 0
0.577582 0.677401 0
0.549741 0.680544 0
74 3
0.603461 0.436368 0
0.549741 0.680544 0
0.577582 0.677401 0
75 3
0.603461 0.436368 0
0.549741 0.680544 0
0.542671 0.630050 0
76 3
0.603461 0.436368 0
0.565018 0.460768 0
0.542671 0.630050 0
77 3
0.542671 0.630050 0
0.565018 0.460768 0
0.603461 0.436368 0
78 3
0.632497 0.634031 0
0.577528 0.703781 0
0.694537 0.621527 0
79 3
0.694537 0.621527 0
0.710228 0.521751 0
0.632497 0.634031 0
80 3
0.694537 0.621527 0
0.577528 0.703781 0
0.632497 0.634031 0
81 3
0.632497 0.634031 0
0.710228 0.521751 0
0.694537 0.621527 0
82 3
0.192396 0.866456 0
0.193322 0.815027 0
0.231009 0.755053 0
83 3
0.251697 0.866360 0
0.192396 0.866456 0
0.231009 0.755053 0
84 3
0.193322 0.815027 0
0.192396 0.866456 0
0.140222 0.866352 0
85 3
0.193322 0.815027 0
0.140222 0.866352 0
0.139297 0.815019 0
86 3
0.193322 0.815027 0
0.139297 0.815019 0
0.166309 0.755624 0
87 3
0.139297 0.815019 0
0.142512 0.755479 0
0.166309 0.755624 0
88 3
0.097600 0.754377 0
0.139297 0.815019 0
0.140222 0.866352 0
89 3
0.193322 0.815027 0
0.166309 0.755624 0
0.190105 0.755483 0
90 3
0.193322 0.815027 0
0.190105 0.755483 0
0.231009 0.755053 0
91 3
0.097600 0.754377 0
0.142512 0.755479 0
0.139297 0.815019 0
92 3
0.081765 0.866360 0
0.097600 0.754377 0
0.140222 0.866352 0
93 3
0.028621 0.579414 0
0.116557 0.625417 0
0.063162 0.762225 0
94 3
0.265446 0.762225 0
0.212067 0.625417 0
0.299988 0.579414 0
95 3
0.231009 0.755053 0
0.212067 0.625417 0
0.265446 0.762225 0
96 3
0.097600 0.754377 0
0.081765 0.866360 0
0.063162 0.762225 0
97 3
0.097600 0.754377 0
0.063162 0.762225 0
0.116557 0.625417 0
98 3
0.231009 0.755053 0
0.265446 0.762225 0
0.251697 0.866360 0
99 3
0.040916 0.450333 0
0.049871 0.420231 0
0.079457 0.418490 0
100 3
0.043482 0.356494 0
0.049871 0.420231 0
0.040916 0.450333 0
101 3
0.079457 0.418490 0
0.049871 0.420231 0
0.043482 0.356494 0
102 3
0.241135 0.407379 0
0.269880 0.409120 0
0.283852 0.439222 0
103 3
0.285991 0.356494 0
0.269880 0.409120 0
0.241135 0.407379 0
104 3
0.283852 0.439222 0
0.269880 0.409120 0
0.285991 0.356494 0
105 3
0.431633 0.092622 0
0.388424 0.108580 0
0.367244 0.222949 0
106 3
0.367244 0.222949 0
0.388424 0.108580 0
0.431633 0.092622 0
107 3
0.429256 0.206570 0
0.434903 0.366854 0
0.595176 0.334417 0
108 3
0.595176 0.334417 0
0.586194 0.190745 0
0.429256 0.206570 0
109 3
0.595176 0.334417 0
0.434903 0.366854 0
0.429256 0.206570 0
110 3
0.429256 0.206570 0
0.586194 0.190745 0
0.595176 0.334417 0
111 3
0.452485 0.550496 0
0.565018 0.460768 0
0.434903 0.366854 0
112 3
0.434903 0.366854 0
0.407197 0.463225 0
0.452485 0.550496 0
113 3
0.434903 0.366854 0
0.565018 0.460768 0
0.452485 0.550496 0
114 3
0.452485 0.550496 0
0.407197 0.463225 0
0.434903 0.366854 0
115 3
0.562153 0.806340 0
0.547694 0.992477 0
0.673818 0.992073 0
116 3
0.673818 0.992073 0
0.677908 0.754927 0
0.562153 0.806340 0
117 3
0.673818 0.992073 0
0.547694 0.992477 0
0.562153 0.806340 0
118 3
0.562153 0.806340 0
0.677908 0.754927 0
0.673818 0.992073 0
119 3
0.577528 0.703781 0
0.562153 0.806340 0
0.694537 0.621527 0
120 3
0.577528 0.703781 0
0.694537 0.621527 0
0.562153 0.806340 0
121 3
0.353714 0.931099 0
0.494701 0.881840 0
0.356126 0.863257 0
122 3
0.353714 0.931099 0
0.356126 0.863257 0
0.494701 0.881840 0
123 3
0.675565 0.992334 0
0.673818 0.992073 0
0.554591 0.992827 0
124 3
0.554591 0.992827 0
0.673818 0.992073 0
0.547694 0.992477 0
125 3
0.554591 0.992827 0
0.547694 0.992477 0
0.477545 0.992281 0
126 3
0.675565 0.992334 0
0.748370 0.992339 0
0.673818 0.992073 0
127 3
0.166223 0.094360 0
0.093813 0.104770 0
0.165965 0.021215 0
128 3
0.915074 0.592304 0
0.990841 0.593090 0
0.914681 0.589871 0
129 3
0.915074 0.592304 0
0.990944 0.589007 0
0.990841 0.593090 0
130 3
0.562153 0.806340 0
0.677908 0.754927 0
0.694537 0.621527 0
131 3
0.677908 0.754927 0
0.774420 0.609108 0
0.694537 0.621527 0
132 3
0.677908 0.754927 0
0.756248 0.735009 0
0.774420 0.609108 0
133 3
0.788214 0.172908 0
0.758906 0.088615 0
0.675473 0.087500 0
134 3
0.702000 0.181674 0
0.788214 0.172908 0
0.675473 0.087500 0
135 3
0.702000 0.181674 0
0.675473 0.087500 0
0.573622 0.089495 0
136 3
0.586194 0.190745 0
0.702000 0.181674 0
0.573622 0.089495 0
137 3
0.586194 0.190745 0
0.573622 0.089495 0
0.431633 0.092622 0
138 3
0.429256 0.206570 0
0.586194 0.190745 0
0.431633 0.092622 0
139 3
0.595176 0.334417 0
0.717600 0.417782 0
0.713761 0.298816 0
140 3
0.582949 0.426593 0
0.627370 0.437629 0
0.595176 0.334417 0
141 3
0.710228 0.521751 0
0.794533 0.510131 0
0.803360 0.401144 0
142 3
0.710228 0.521751 0
0.803360 0.401144 0
0.717600 0.417782 0
143 3
0.632497 0.634031 0
0.710228 0.521751 0
0.717600 0.417782 0
144 3
0.632497 0.634031 0
0.717600 0.417782 0
0.643886 0.488187 0
145 3
0.694537 0.621527 0
0.774420 0.609108 0
0.794533 0.510131 0
146 3
0.694537 0.621527 0
0.794533 0.510131 0
0.710228 0.521751 0
147 3
0.477545 0.992281 0
0.547694 0.992477 0
0.442156 0.950243 0
148 3
0.442156 0.950243 0
0.547694 0.992477 0
0.519064 0.912174 0
149 3
0.990944 0.589007 0
0.915074 0.592304 0
0.990946 0.553198 0
150 3
0.991073 0.435864 0
0.914257 0.413526 0
0.990803 0.421444 0
151 3
0.990803 0.421444 0
0.914257 0.413526 0
0.990721 0.429992 0
152 3
0.990662 0.451937 0
0.990721 0.429992 0
0.914257 0.413526 0
153 3
0.913812 0.448151 0
0.990662 0.451937 0
0.914257 0.413526 0
154 3
0.990718 0.561445 0
0.990662 0.451937 0
0.913812 0.448151 0
155 3
0.990718 0.561445 0
0.913812 0.448151 0
0.914081 0.560387 0
156 3
0.990841 0.593090 0
0.990718 0.561445 0
0.914081 0.560387 0
157 3
0.990841 0.593090 0
0.914081 0.560387 0
0.914681 0.589871 0
158 3
0.573622 0.089495 0
0.560091 0.005279 0
0.502886 0.005056 0
159 3
0.431633 0.092622 0
0.573622 0.089495 0
0.502886 0.005056 0
160 3
0.986467 0.858914 0
0.987125 0.775055 0
0.916406 0.830143 0
161 3
0.717600 0.417782 0
0.803360 0.401144 0
0.802409 0.291101 0
162 3
0.717600 0.417782 0
0.802409 0.291101 0
0.713761 0.298816 0
163 3
0.802409 0.291101 0
0.788214 0.172908 0
0.702000 0.181674 0
164 3
0.802409 0.291101 0
0.702000 0.181674 0
0.713761 0.298816 0
165 3
0.758906 0.088615 0
0.716845 0.004950 0
0.646464 0.005127 0
166 3
0.758906 0.088615 0
0.646464 0.005127 0
0.675473 0.087500 0
167 3
0.986735 0.666194 0
0.915606 0.636330 0
0.916406 0.830143 0
168 3
0.519064 0.912174 0
0.531029 0.802014 0
0.494701 0.881840 0
169 3
0.519064 0.912174 0
0.562153 0.806340 0
0.531029 0.802014 0
170 3
0.987125 0.775055 0
0.986735 0.666194 0
0.916406 0.830143 0
171 3
0.985823 0.954916 0
0.986467 0.858914 0
0.916406 0.830143 0
172 3
0.917916 0.989438 0
0.985823 0.954916 0
0.916406 0.830143 0
173 3
0.519064 0.912174 0
0.547694 0.992477 0
0.562153 0.806340 0
174 3
0.595176 0.334417 0
0.713761 0.298816 0
0.702000 0.181674 0
175 3
0.595176 0.334417 0
0.702000 0.181674 0
0.586194 0.190745 0
176 3
0.443460 0.005531 0
0.431633 0.092622 0
0.502886 0.005056 0
177 3
0.165965 0.021215 0
0.093813 0.104770 0
0.100868 0.004950 0
178 3
0.431633 0.092622 0
0.443460 0.005531 0
0.388424 0.108580 0
179 3
0.573622 0.089495 0
0.675473 0.087500 0
0.646464 0.005127 0
180 3
0.573622 0.089495 0
0.646464 0.005127 0
0.560091 0.005279 0
181 3
0.452485 0.550496 0
0.542671 0.630050 0
0.565018 0.460768 0
182 3
0.116507 0.451711 0
0.132717 0.352550 0
0.147606 0.400623 0
183 3
0.079457 0.418490 0
0.077928 0.349689 0
0.132717 0.352550 0
184 3
0.116507 0.451711 0
0.079457 0.418490 0
0.132717 0.352550 0
185 3
0.040916 0.450333 0
0.021183 0.438739 0
0.043482 0.356494 0
186 3
0.077928 0.349689 0
0.079457 0.418490 0
0.043482 0.356494 0
187 3
0.145166 0.629859 0
0.116557 0.625417 0
0.145440 0.585277 0
188 3
0.146539 0.657904 0
0.116557 0.625417 0
0.145166 0.629859 0
189 3
0.361490 0.386286 0
0.434903 0.366854 0
0.367244 0.222949 0
190 3
0.361490 0.386286 0
0.407197 0.463225 0
0.434903 0.366854 0
191 3
0.148346 0.428845 0
0.116507 0.451711 0
0.147606 0.400623 0
192 3
0.077928 0.349689 0
0.043482 0.356494 0
0.069462 0.198520 0
193 3
0.452485 0.550496 0
0.407197 0.463225 0
0.374470 0.576114 0
194 3
0.021183 0.438739 0
0.040916 0.450333 0
0.028621 0.579414 0
195 3
0.040916 0.450333 0
0.079063 0.477967 0
0.028621 0.579414 0
196 3
0.079063 0.477967 0
0.079457 0.418490 0
0.116507 0.451711 0
197 3
0.040916 0.450333 0
0.079457 0.418490 0
0.079063 0.477967 0
198 3
0.079063 0.477967 0
0.116507 0.451711 0
0.117626 0.587495 0
199 3
0.079063 0.477967 0
0.117626 0.587495 0
0.028621 0.579414 0
200 3
0.028621 0.579414 0
0.117626 0.587495 0
0.116557 0.625417 0
201 3
0.150218 0.498763 0
0.117626 0.587495 0
0.148346 0.428845 0
202 3
0.117626 0.587495 0
0.145440 0.585277 0
0.116557 0.625417 0
203 3
0.150218 0.498763 0
0.145440 0.585277 0
0.117626 0.587495 0
204 3
0.117626 0.587495 0
0.116507 0.451711 0
0.148346 0.428845 0
205 3
0.814988 0.990605 0
0.879285 0.990414 0
0.750691 0.990414 0
206 3
0.675565 0.992334 0
0.554591 0.992827 0
0.673818 0.992073 0
207 3
0.554591 0.992827 0
0.547694 0.992477 0
0.673818 0.992073 0
208 3
0.554591 0.992827 0
0.477545 0.992281 0
0.547694 0.992477 0
209 3
0.477545 0.992281 0
0.442156 0.950243 0
0.442156 0.950243 0
210 3
0.477545 0.992281 0
0.442156 0.950243 0
0.477545 0.992281 0
211 3
0.554591 0.992827 0
0.477545 0.992281 0
0.477545 0.992281 0
212 3
0.879779 0.176127 0
0.772405 0.082439 0
0.750198 0.176127 0
213 3
0.879779 0.176127 0
0.857571 0.082439 0
0.772405 0.082439 0
214 3
0.990124 0.636330 0
0.916406 0.830143 0
0.915606 0.636330 0
215 3
0.857571 0.082439 0
0.833436 0.004950 0
0.796541 0.004950 0
216 3
0.857571 0.082439 0
0.796541 0.004950 0
0.772405 0.082439 0
217 3
0.887666 0.291888 0
0.750198 0.176127 0
0.742310 0.291888 0
218 3
0.887666 0.291888 0
0.879779 0.176127 0
0.750198 0.176127 0
219 3
0.884815 0.400741 0
0.742310 0.291888 0
0.745161 0.400741 0
220 3
0.884815 0.400741 0
0.887666 0.291888 0
0.742310 0.291888 0
221 3
0.877336 0.513142 0
0.745161 0.400741 0
0.752640 0.513142 0
222 3
0.877336 0.513142 0
0.884815 0.400741 0
0.745161 0.400741 0
223 3
0.878841 0.612613 0
0.752640 0.513142 0
0.751135 0.612613 0
224 3
0.878841 0.612613 0
0.877336 0.513142 0
0.752640 0.513142 0
225 3
0.877663 0.732687 0
0.751135 0.612613 0
0.752313 0.732687 0
226 3
0.877663 0.732687 0
0.878841 0.612613 0
0.751135 0.612613 0
227 3
0.879285 0.990414 0
0.752313 0.732687 0
0.750691 0.990414 0
228 3
0.879285 0.990414 0
0.877663 0.732687 0
0.752313 0.732687 0
229 3
0.675565 0.992334 0
0.673818 0.992073 0
0.748370 0.992339 0
230 3
0.166223 0.094360 0
0.165965 0.021215 0
0.234841 0.104770 0
231 3
0.145166 0.629859 0
0.182924 0.585277 0
0.183198 0.629859 0
232 3
0.145166 0.629859 0
0.145440 0.585277 0
0.182924 0.585277 0
233 3
0.146539 0.657904 0
0.183198 0.629859 0
0.181825 0.657904 0
234 3
0.145166 0.629859 0
0.183198 0.629859 0
0.146539 0.657904 0
235 3
0.132717 0.352550 0
0.165824 0.212713 0
0.195892 0.352550 0
236 3
0.147606 0.400623 0
0.195892 0.352550 0
0.181003 0.400623 0
237 3
0.147606 0.400623 0
0.132717 0.352550 0
0.195892 0.352550 0
238 3
0.148346 0.428845 0
0.181003 0.400623 0
0.180263 0.428845 0
239 3
0.147606 0.400623 0
0.181003 0.400623 0
0.148346 0.428845 0
240 3
0.178557 0.498763 0
0.182924 0.585277 0
0.145440 0.585277 0
241 3
0.150218 0.498763 0
0.178557 0.498763 0
0.145440 0.585277 0
242 3
0.180263 0.428845 0
0.178557 0.498763 0
0.150218 0.498763 0
243 3
0.148346 0.428845 0
0.180263 0.428845 0
0.150218 0.498763 0
244 3
0.915074 0.592304 0
0.914681 0.589871 0
0.990841 0.593090 0
245 3
0.915074 0.592304 0
0.990841 0.593090 0
0.990944 0.589007 0
246 3
0.562153 0.806340 0
0.694537 0.621527 0
0.677908 0.754927 0
247 3
0.677908 0.754927 0
0.694537 0.621527 0
0.774420 0.609108 0
248 3
0.677908 0.754927 0
0.774420 0.609108 0
0.756248 0.735009 0
249 3
0.788214 0.172908 0
0.675473 0.087500 0
0.758906 0.088615 0
250 3
0.702000 0.181674 0
0.675473 0.087500 0
0.788214 0.172908 0
251 3
0.702000 0.181674 0
0.573622 0.089495 0
0.675473 0.087500 0
252 3
0.586194 0.190745 0
0.573622 0.089495 0
0.702000 0.181674 0
253 3
0.586194 0.190745 0
0.431633 0.092622 0
0.573622 0.089495 0
254 3
0.429256 0.206570 0
0.431633 0.092622 0
0.586194 0.190745 0
255 3
0.595176 0.334417 0
0.717600 0.417782 0
0.627370 0.437629 0
256 3
0.582949 0.426593 0
0.595176 0.334417 0
0.627370 0.437629 0
257 3
0.710228 0.521751 0
0.803360 0.401144 0
0.794533 0.510131 0
258 3
0.710228 0.521751 0
0.717600 0.417782 0
0.803360 0.401144 0
259 3
0.632497 0.634031 0
0.717600 0.417782 0
0.710228 0.521751 0
260 3
0.632497 0.634031 0
0.643886 0.488187 0
0.717600 0.417782 0
261 3
0.694537 0.621527 0
0.794533 0.510131 0
0.774420 0.609108 0
262 3
0.694537 0.621527 0
0.710228 0.521751 0
0.794533 0.510131 0
263 3
0.477545 0.992281 0
0.442156 0.950243 0
0.547694 0.992477 0
264 3
0.442156 0.950243 0
0.519064 0.912174 0
0.547694 0.992477 0
265 3
0.990944 0.589007 0
0.990946 0.553198 0
0.915074 0.592304 0
266 3
0.914257 0.413526 0
0.991073 0.435864 0
0.990803 0.421444 0
267 3
0.990803 0.421444 0
0.990721 0.429992 0
0.914257 0.413526 0
268 3
0.990662 0.451937 0
0.914257 0.413526 0
0.990721 0.429992 0
269 3
0.913812 0.448151 0
0.914257 0.413526 0
0.990662 0.451937 0
270 3
0.990718 0.561445 0
0.913812 0.448151 0
0.990662 0.451937 0
271 3
0.990718 0.561445 0
0.914081 0.560387 0
0.913812 0.448151 0
272 3
0.990841 0.593090 0
0.914081 0.560387 0
0.990718 0.561445 0
273 3
0.990841 0.593090 0
0.914681 0.589871 0
0.914081 0.560387 0
274 3
0.573622 0.089495 0
0.502886 0.005056 0
0.560091 0.005279 0
275 3
0.431633 0.092622 0
0.502886 0.005056 0
0.573622 0.089495 0
276 3
0.992178 0.894469 0
0.916406 0.830143 0
0.991521 0.810611 0
277 3
0.717600 0.417782 0
0.802409 0.291101 0
0.803360 0.401144 0
278 3
0.717600 0.417782 0
0.713761 0.298816 0
0.802409 0.291101 0
279 3
0.802409 0.291101 0
0.702000 0.181674 0
0.788214 0.172908 0
280 3
0.802409 0.291101 0
0.713761 0.298816 0
0.702000 0.181674 0
281 3
0.758906 0.088615 0
0.646464 0.005127 0
0.716845 0.004950 0
282 3
0.758906 0.088615 0
0.675473 0.087500 0
0.646464 0.005127 0
283 3
0.990425 0.732861 0
0.916406 0.830143 0
0.990124 0.636330 0
284 3
0.519064 0.912174 0
0.494701 0.881840 0
0.531029 0.802014 0
285 3
0.519064 0.912174 0
0.531029 0.802014 0
0.562153 0.806340 0
286 3
0.991521 0.810611 0
0.916406 0.830143 0
0.990425 0.732861 0
287 3
0.990740 0.990472 0
0.916406 0.830143 0
0.992178 0.894469 0
288 3
0.917916 0.989438 0
0.916406 0.830143 0
0.990740 0.990472 0
289 3
0.519064 0.912174 0
0.562153 0.806340 0
0.547694 0.992477 0
290 3
0.595176 0.334417 0
0.702000 0.181674 0
0.713761 0.298816 0
291 3
0.595176 0.334417 0
0.586194 0.190745 0
0.702000 0.181674 0
292 3
0.443460 0.005531 0
0.502886 0.005056 0
0.431633 0.092622 0
293 3
0.165965 0.021215 0
0.227741 0.004950 0
0.234841 0.104770 0
294 3
0.431633 0.092622 0
0.388424 0.108580 0
0.443460 0.005531 0
295 3
0.573622 0.089495 0
0.646464 0.005127 0
0.675473 0.087500 0
296 3
0.573622 0.089495 0
0.560091 0.005279 0
0.646464 0.005127 0
297 3
0.452485 0.550496 0
0.565018 0.460768 0
0.542671 0.630050 0
298 3
0.208094 0.440600 0
0.181003 0.400623 0
0.195892 0.352550 0
299 3
0.241135 0.407379 0
0.195892 0.352550 0
0.242165 0.349689 0
300 3
0.208094 0.440600 0
0.195892 0.352550 0
0.241135 0.407379 0
301 3
0.283852 0.439222 0
0.285991 0.356494 0
0.307426 0.438739 0
302 3
0.242165 0.349689 0
0.285991 0.356494 0
0.241135 0.407379 0
303 3
0.183198 0.629859 0
0.182924 0.585277 0
0.212067 0.625417 0
304 3
0.181825 0.657904 0
0.183198 0.629859 0
0.212067 0.625417 0
305 3
0.361491 0.386286 0
0.367244 0.222949 0
0.434903 0.366854 0
306 3
0.361491 0.386286 0
0.434903 0.366854 0
0.407197 0.463225 0
307 3
0.180263 0.428845 0
0.181003 0.400623 0
0.208094 0.440600 0
308 3
0.242165 0.349689 0
0.262225 0.198520 0
0.285991 0.356494 0
309 3
0.452485 0.550496 0
0.374470 0.576114 0
0.407197 0.463225 0
310 3
0.307426 0.438739 0
0.299988 0.579414 0
0.283852 0.439222 0
311 3
0.283852 0.439222 0
0.299988 0.579414 0
0.241529 0.466856 0
312 3
0.241529 0.466856 0
0.208094 0.440600 0
0.241135 0.407379 0
313 3
0.241529 0.466856 0
0.241135 0.407379 0
0.283852 0.439222 0
314 3
0.241529 0.466856 0
0.210768 0.587495 0
0.208094 0.440600 0
315 3
0.241529 0.466856 0
0.299988 0.579414 0
0.210768 0.587495 0
316 3
0.299988 0.579414 0
0.212067 0.625417 0
0.210768 0.587495 0
317 3
0.178557 0.498763 0
0.180263 0.428845 0
0.210768 0.587495 0
318 3
0.210768 0.587495 0
0.212067 0.625417 0
0.182924 0.585277 0
319 3
0.178557 0.498763 0
0.210768 0.587495 0
0.182924 0.585277 0
320 3
0.210768 0.587495 0
0.180263 0.428845 0
0.208094 0.440600 0
4
0.000000 -90.000000 0.000000
0.000000 180.000000 0.000000
-1.225026 0.000000 0.000000
13.320730 25.641460 17.192305
4
0.000000 0.000000 0.000000
0.000000 0.000000 0.000000
7.033616 0.000000 0.000000
11.218760 19.687630 15.453195
4
0.000000 -90.000000 0.000000
0.000000 0.000000 0.000000
-2.414763 0.000000 0.000000
2.964160 4.928319 3.934296
4
-90.000000 0.000000 0.000000
0.000000 0.000000 0.000000
0.139536 0.000000 0.000000
6.533754 3.766877 9.828435
4
0.000000 0.000000 0.000000
0.000000 0.000000 0.000000
-7.231047 0.000000 0.000000
5.226265 24.822977 15.024621
