1
5
C:\MIDWAY\NBAonNBC\HEADS\Milwaukee\LWO\hd_tbran.TGA
C:\MIDWAY\NBAonNBC\HEADS\Milwaukee\LWO\hd_tbran.TGA
C:\MIDWAY\NBAonNBC\HEADS\Milwaukee\LWO\hd_tbran.TGA
C:\MIDWAY\NBAonNBC\HEADS\Milwaukee\LWO\hd_tbran.TGA
C:\MIDWAY\NBAonNBC\HEADS\Milwaukee\LWO\hd_tbran.TGA
319
0 3
0.565695 0.297787 0
0.586402 0.481398 0
0.694797 0.434772 0
1 3
0.565695 0.297787 0
0.694323 0.281295 0
0.694797 0.434772 0
2 3
0.586402 0.481398 0
0.607524 0.520608 0
0.694797 0.434772 0
3 3
0.694797 0.434772 0
0.607524 0.520608 0
0.586402 0.481398 0
4 3
0.652094 0.990814 0
0.743246 0.990813 0
0.750378 0.742704 0
5 3
0.652094 0.990814 0
0.652188 0.746449 0
0.750378 0.742704 0
6 3
0.652094 0.990814 0
0.750378 0.742704 0
0.652188 0.746449 0
7 3
0.652094 0.990814 0
0.750378 0.742704 0
0.743246 0.990813 0
8 3
0.466141 0.862792 0
0.494620 0.889889 0
0.391172 0.978272 0
9 3
0.466141 0.862792 0
0.391172 0.978272 0
0.347040 0.973910 0
10 3
0.466141 0.862792 0
0.347040 0.973910 0
0.391172 0.978272 0
11 3
0.466141 0.862792 0
0.391172 0.978272 0
0.494620 0.889889 0
12 3
0.184469 0.880272 0
0.212374 0.948309 0
0.152858 0.961427 0
13 3
0.093341 0.948309 0
0.121246 0.880157 0
0.152858 0.961427 0
14 3
0.369539 0.122914 0
0.448350 0.328746 0
0.451901 0.125170 0
15 3
0.369539 0.122914 0
0.451901 0.125170 0
0.450706 0.020360 0
16 3
0.369539 0.122914 0
0.450706 0.020360 0
0.451901 0.125170 0
17 3
0.369539 0.122914 0
0.451901 0.125170 0
0.448350 0.328746 0
18 3
0.566756 0.488255 0
0.500121 0.642254 0
0.523109 0.695893 0
19 3
0.566756 0.488255 0
0.550506 0.691135 0
0.523109 0.695893 0
20 3
0.566756 0.488255 0
0.523109 0.695893 0
0.550506 0.691135 0
21 3
0.566756 0.488255 0
0.523109 0.695893 0
0.500121 0.642254 0
22 3
0.566756 0.488255 0
0.520765 0.534726 0
0.500121 0.642254 0
23 3
0.500121 0.642254 0
0.520765 0.534726 0
0.566756 0.488255 0
24 3
0.593665 0.622725 0
0.547933 0.708710 0
0.665031 0.636430 0
25 3
0.665031 0.636430 0
0.683666 0.537710 0
0.593665 0.622725 0
26 3
0.665031 0.636430 0
0.547933 0.708710 0
0.593665 0.622725 0
27 3
0.593665 0.622725 0
0.683666 0.537710 0
0.665031 0.636430 0
28 3
0.466141 0.862792 0
0.441996 0.584278 0
0.364344 0.603302 0
29 3
0.466141 0.862792 0
0.355962 0.800853 0
0.364344 0.603302 0
30 3
0.466141 0.862792 0
0.364344 0.603302 0
0.355962 0.800853 0
31 3
0.466141 0.862792 0
0.364344 0.603302 0
0.441996 0.584278 0
32 3
0.184469 0.880272 0
0.181217 0.865146 0
0.221272 0.798266 0
33 3
0.230995 0.867124 0
0.184469 0.880272 0
0.221272 0.798266 0
34 3
0.181217 0.865146 0
0.184469 0.880272 0
0.121246 0.880157 0
35 3
0.181217 0.865146 0
0.121246 0.880157 0
0.124500 0.865146 0
36 3
0.181217 0.865146 0
0.124500 0.865146 0
0.152858 0.798015 0
37 3
0.124500 0.865146 0
0.123666 0.797009 0
0.152858 0.798015 0
38 3
0.084444 0.797586 0
0.124500 0.865146 0
0.121246 0.880157 0
39 3
0.181217 0.865146 0
0.152858 0.798015 0
0.182050 0.797009 0
40 3
0.181217 0.865146 0
0.182050 0.797009 0
0.221272 0.798266 0
41 3
0.084444 0.797586 0
0.123666 0.797009 0
0.124500 0.865146 0
42 3
0.074700 0.867124 0
0.084444 0.797586 0
0.121246 0.880157 0
43 3
0.121246 0.880157 0
0.184469 0.880272 0
0.152858 0.961427 0
44 3
0.074700 0.867124 0
0.121246 0.880157 0
0.093341 0.948309 0
45 3
0.230995 0.867124 0
0.212374 0.948309 0
0.184469 0.880272 0
46 3
0.041716 0.595690 0
0.105877 0.644033 0
0.063681 0.796837 0
47 3
0.242035 0.796837 0
0.205974 0.644033 0
0.266082 0.595690 0
48 3
0.221272 0.798266 0
0.205974 0.644033 0
0.242035 0.796837 0
49 3
0.084444 0.797586 0
0.105877 0.644033 0
0.123699 0.796416 0
50 3
0.205974 0.644033 0
0.182016 0.796374 0
0.171593 0.665174 0
51 3
0.171593 0.665174 0
0.182016 0.796374 0
0.137938 0.665174 0
52 3
0.182016 0.796374 0
0.123699 0.796416 0
0.137938 0.665174 0
53 3
0.137938 0.665174 0
0.123699 0.796416 0
0.105877 0.644033 0
54 3
0.084444 0.797586 0
0.074700 0.867124 0
0.063681 0.796837 0
55 3
0.084444 0.797586 0
0.063681 0.796837 0
0.105877 0.644033 0
56 3
0.221272 0.798266 0
0.182016 0.796374 0
0.205974 0.644033 0
57 3
0.221272 0.798266 0
0.242035 0.796837 0
0.230995 0.867124 0
58 3
0.038913 0.477861 0
0.048078 0.440758 0
0.080442 0.437277 0
59 3
0.033499 0.367290 0
0.048078 0.440758 0
0.038913 0.477861 0
60 3
0.080442 0.437277 0
0.048078 0.440758 0
0.033499 0.367290 0
61 3
0.225273 0.437277 0
0.254692 0.440758 0
0.264718 0.477861 0
62 3
0.272936 0.367290 0
0.254692 0.440758 0
0.225273 0.437277 0
63 3
0.264718 0.477861 0
0.254692 0.440758 0
0.272936 0.367290 0
64 3
0.391172 0.978272 0
0.445405 0.980037 0
0.494620 0.889889 0
65 3
0.494620 0.889889 0
0.445405 0.980037 0
0.391172 0.978272 0
66 3
0.466141 0.862792 0
0.339177 0.937901 0
0.347040 0.973910 0
67 3
0.466141 0.862792 0
0.347040 0.973910 0
0.339177 0.937901 0
68 3
0.450706 0.020360 0
0.395344 0.025200 0
0.369539 0.122914 0
69 3
0.369539 0.122914 0
0.395344 0.025200 0
0.450706 0.020360 0
70 3
0.451901 0.125170 0
0.448350 0.328746 0
0.565695 0.297787 0
71 3
0.565695 0.297787 0
0.563332 0.126798 0
0.451901 0.125170 0
72 3
0.565695 0.297787 0
0.448350 0.328746 0
0.451901 0.125170 0
73 3
0.451901 0.125170 0
0.563332 0.126798 0
0.565695 0.297787 0
74 3
0.441996 0.584278 0
0.520765 0.534726 0
0.448350 0.328746 0
75 3
0.448350 0.328746 0
0.395425 0.495748 0
0.441996 0.584278 0
76 3
0.448350 0.328746 0
0.520765 0.534726 0
0.441996 0.584278 0
77 3
0.441996 0.584278 0
0.395425 0.495748 0
0.448350 0.328746 0
78 3
0.542860 0.775874 0
0.502057 0.990065 0
0.652094 0.990814 0
79 3
0.652094 0.990814 0
0.652188 0.746449 0
0.542860 0.775874 0
80 3
0.652094 0.990814 0
0.502057 0.990065 0
0.542860 0.775874 0
81 3
0.542860 0.775874 0
0.652188 0.746449 0
0.652094 0.990814 0
82 3
0.566756 0.488255 0
0.550506 0.691135 0
0.586331 0.621902 0
83 3
0.586331 0.621902 0
0.600935 0.520897 0
0.566756 0.488255 0
84 3
0.566756 0.488255 0
0.600935 0.520897 0
0.586331 0.621902 0
85 3
0.566756 0.488255 0
0.586331 0.621902 0
0.550506 0.691135 0
86 3
0.547933 0.708710 0
0.510833 0.785354 0
0.542860 0.775874 0
87 3
0.547933 0.708710 0
0.542860 0.775874 0
0.665031 0.636430 0
88 3
0.547933 0.708710 0
0.665031 0.636430 0
0.542860 0.775874 0
89 3
0.547933 0.708710 0
0.542860 0.775874 0
0.510833 0.785354 0
90 3
0.339177 0.937901 0
0.466141 0.862792 0
0.354545 0.864571 0
91 3
0.355962 0.800853 0
0.354545 0.864571 0
0.466141 0.862792 0
92 3
0.355962 0.800853 0
0.466141 0.862792 0
0.354545 0.864571 0
93 3
0.339177 0.937901 0
0.354545 0.864571 0
0.466141 0.862792 0
94 3
0.650814 0.989258 0
0.652094 0.990814 0
0.508995 0.990964 0
95 3
0.508995 0.990964 0
0.652094 0.990814 0
0.502057 0.990065 0
96 3
0.508995 0.990964 0
0.502057 0.990065 0
0.454670 0.990631 0
97 3
0.650814 0.989258 0
0.743246 0.990813 0
0.652094 0.990814 0
98 3
0.154865 0.068994 0
0.087558 0.048074 0
0.154867 0.004716 0
99 3
0.154489 0.181740 0
0.087558 0.048074 0
0.154865 0.068994 0
100 3
0.510833 0.785354 0
0.547933 0.708710 0
0.503363 0.708444 0
101 3
0.923592 0.594696 0
0.948010 0.592835 0
0.922672 0.589244 0
102 3
0.923592 0.594696 0
0.935596 0.590272 0
0.948010 0.592835 0
103 3
0.542860 0.775874 0
0.652188 0.746449 0
0.665031 0.636430 0
104 3
0.652188 0.746449 0
0.759591 0.634580 0
0.665031 0.636430 0
105 3
0.652188 0.746449 0
0.750378 0.742704 0
0.759591 0.634580 0
106 3
0.152858 0.961427 0
0.112126 0.988031 0
0.093341 0.948309 0
107 3
0.773256 0.128917 0
0.763639 0.021479 0
0.675524 0.019819 0
108 3
0.683168 0.128609 0
0.773256 0.128917 0
0.675524 0.019819 0
109 3
0.683168 0.128609 0
0.675524 0.019819 0
0.556400 0.021590 0
110 3
0.563332 0.126798 0
0.683168 0.128609 0
0.556400 0.021590 0
111 3
0.563332 0.126798 0
0.556400 0.021590 0
0.450706 0.020360 0
112 3
0.451901 0.125170 0
0.563332 0.126798 0
0.450706 0.020360 0
113 3
0.565695 0.297787 0
0.694797 0.434772 0
0.694323 0.281295 0
114 3
0.543191 0.481606 0
0.586402 0.481398 0
0.565695 0.297787 0
115 3
0.543191 0.481606 0
0.565695 0.297787 0
0.448350 0.328746 0
116 3
0.683666 0.537710 0
0.771133 0.525734 0
0.779983 0.428044 0
117 3
0.683666 0.537710 0
0.779983 0.428044 0
0.694797 0.434772 0
118 3
0.593665 0.622725 0
0.683666 0.537710 0
0.694797 0.434772 0
119 3
0.593665 0.622725 0
0.694797 0.434772 0
0.607524 0.520608 0
120 3
0.665031 0.636430 0
0.759591 0.634580 0
0.771133 0.525734 0
121 3
0.665031 0.636430 0
0.771133 0.525734 0
0.683666 0.537710 0
122 3
0.454670 0.990631 0
0.502057 0.990065 0
0.445405 0.980037 0
123 3
0.445405 0.980037 0
0.502057 0.990065 0
0.494620 0.889889 0
124 3
0.935596 0.590272 0
0.923592 0.594696 0
0.921333 0.549741 0
125 3
0.448350 0.328746 0
0.520765 0.534726 0
0.543191 0.481606 0
126 3
0.915163 0.465603 0
0.915596 0.419701 0
0.937899 0.421597 0
127 3
0.937899 0.421597 0
0.915596 0.419701 0
0.939021 0.421421 0
128 3
0.938335 0.448973 0
0.939021 0.421421 0
0.915596 0.419701 0
129 3
0.914842 0.451099 0
0.938335 0.448973 0
0.915596 0.419701 0
130 3
0.940575 0.535429 0
0.938335 0.448973 0
0.914842 0.451099 0
131 3
0.940575 0.535429 0
0.914842 0.451099 0
0.916594 0.534732 0
132 3
0.948010 0.592835 0
0.940575 0.535429 0
0.916594 0.534732 0
133 3
0.948010 0.592835 0
0.916594 0.534732 0
0.922672 0.589244 0
134 3
0.556400 0.021590 0
0.572187 0.011833 0
0.497964 0.013710 0
135 3
0.450706 0.020360 0
0.556400 0.021590 0
0.497964 0.013710 0
136 3
0.980745 0.908286 0
0.977150 0.758692 0
0.925542 0.851880 0
137 3
0.694797 0.434772 0
0.779983 0.428044 0
0.782791 0.281632 0
138 3
0.694797 0.434772 0
0.782791 0.281632 0
0.694323 0.281295 0
139 3
0.782791 0.281632 0
0.773256 0.128917 0
0.683168 0.128609 0
140 3
0.782791 0.281632 0
0.683168 0.128609 0
0.694323 0.281295 0
141 3
0.763639 0.021479 0
0.756428 0.012347 0
0.671759 0.012511 0
142 3
0.763639 0.021479 0
0.671759 0.012511 0
0.675524 0.019819 0
143 3
0.981885 0.659758 0
0.919324 0.653656 0
0.925542 0.851880 0
144 3
0.494620 0.889889 0
0.510833 0.785354 0
0.466141 0.862792 0
145 3
0.494620 0.889889 0
0.542860 0.775874 0
0.510833 0.785354 0
146 3
0.977150 0.758692 0
0.981885 0.659758 0
0.925542 0.851880 0
147 3
0.985946 0.967316 0
0.980745 0.908286 0
0.925542 0.851880 0
148 3
0.927885 0.973635 0
0.985946 0.967316 0
0.925542 0.851880 0
149 3
0.154489 0.181740 0
0.060091 0.171188 0
0.087558 0.048074 0
150 3
0.494620 0.889889 0
0.502057 0.990065 0
0.542860 0.775874 0
151 3
0.565695 0.297787 0
0.694323 0.281295 0
0.683168 0.128609 0
152 3
0.565695 0.297787 0
0.683168 0.128609 0
0.563332 0.126798 0
153 3
0.451459 0.016339 0
0.450706 0.020360 0
0.497964 0.013710 0
154 3
0.403781 0.020888 0
0.395344 0.025200 0
0.451459 0.016339 0
155 3
0.450706 0.020360 0
0.451459 0.016339 0
0.395344 0.025200 0
156 3
0.556400 0.021590 0
0.675524 0.019819 0
0.671759 0.012511 0
157 3
0.556400 0.021590 0
0.671759 0.012511 0
0.572187 0.011833 0
158 3
0.441996 0.584278 0
0.466141 0.862792 0
0.510833 0.785354 0
159 3
0.441996 0.584278 0
0.503363 0.708444 0
0.500121 0.642254 0
160 3
0.503363 0.708444 0
0.441996 0.584278 0
0.510833 0.785354 0
161 3
0.441996 0.584278 0
0.500121 0.642254 0
0.520765 0.534726 0
162 3
0.120380 0.468219 0
0.122580 0.364656 0
0.142409 0.429108 0
163 3
0.080442 0.437277 0
0.079495 0.356966 0
0.122580 0.364656 0
164 3
0.120380 0.468219 0
0.080442 0.437277 0
0.122580 0.364656 0
165 3
0.038913 0.477861 0
0.018997 0.479500 0
0.033499 0.367290 0
166 3
0.079495 0.356966 0
0.080442 0.437277 0
0.033499 0.367290 0
167 3
0.138850 0.639380 0
0.105877 0.644033 0
0.139083 0.597167 0
168 3
0.137938 0.665174 0
0.105877 0.644033 0
0.138850 0.639380 0
169 3
0.360643 0.371801 0
0.448350 0.328746 0
0.369539 0.122914 0
170 3
0.360643 0.371801 0
0.395425 0.495748 0
0.448350 0.328746 0
171 3
0.122580 0.364656 0
0.079495 0.356966 0
0.060091 0.171188 0
172 3
0.122580 0.364656 0
0.060091 0.171188 0
0.154489 0.181740 0
173 3
0.143039 0.459260 0
0.120380 0.468219 0
0.142409 0.429108 0
174 3
0.079495 0.356966 0
0.033499 0.367290 0
0.060091 0.171188 0
175 3
0.441996 0.584278 0
0.395425 0.495748 0
0.364344 0.603302 0
176 3
0.018997 0.479500 0
0.038913 0.477861 0
0.041716 0.595690 0
177 3
0.038913 0.477861 0
0.080039 0.500908 0
0.041716 0.595690 0
178 3
0.080039 0.500908 0
0.080442 0.437277 0
0.120380 0.468219 0
179 3
0.038913 0.477861 0
0.080442 0.437277 0
0.080039 0.500908 0
180 3
0.080039 0.500908 0
0.120380 0.468219 0
0.106971 0.600982 0
181 3
0.080039 0.500908 0
0.106971 0.600982 0
0.041716 0.595690 0
182 3
0.041716 0.595690 0
0.106971 0.600982 0
0.105877 0.644033 0
183 3
0.141076 0.498401 0
0.106971 0.600982 0
0.143039 0.459260 0
184 3
0.106971 0.600982 0
0.139083 0.597167 0
0.105877 0.644033 0
185 3
0.141076 0.498401 0
0.139083 0.597167 0
0.106971 0.600982 0
186 3
0.106971 0.600982 0
0.120380 0.468219 0
0.143039 0.459260 0
187 3
0.819444 0.986006 0
0.878453 0.984506 0
0.760434 0.984506 0
188 3
0.650814 0.989258 0
0.508995 0.990964 0
0.652094 0.990814 0
189 3
0.508995 0.990964 0
0.502057 0.990065 0
0.652094 0.990814 0
190 3
0.508995 0.990964 0
0.454670 0.990631 0
0.502057 0.990065 0
191 3
0.347040 0.973910 0
0.347040 0.973910 0
0.391172 0.978272 0
192 3
0.112126 0.988031 0
0.152858 0.961427 0
0.194399 0.988031 0
193 3
0.391172 0.978272 0
0.347040 0.973910 0
0.391172 0.978272 0
194 3
0.391172 0.978272 0
0.391172 0.978272 0
0.445405 0.980037 0
195 3
0.391172 0.978272 0
0.445405 0.980037 0
0.445405 0.980037 0
196 3
0.454670 0.990631 0
0.445405 0.980037 0
0.445405 0.980037 0
197 3
0.454670 0.990631 0
0.445405 0.980037 0
0.454670 0.990631 0
198 3
0.508995 0.990964 0
0.454670 0.990631 0
0.454670 0.990631 0
199 3
0.884204 0.130374 0
0.773383 0.020533 0
0.750245 0.130374 0
200 3
0.884204 0.130374 0
0.861066 0.020533 0
0.773383 0.020533 0
201 3
0.951589 0.653656 0
0.925542 0.851880 0
0.919324 0.653656 0
202 3
0.861066 0.020533 0
0.838253 0.011812 0
0.796196 0.011812 0
203 3
0.861066 0.020533 0
0.796196 0.011812 0
0.773383 0.020533 0
204 3
0.887626 0.279531 0
0.750245 0.130374 0
0.746823 0.279531 0
205 3
0.887626 0.279531 0
0.884204 0.130374 0
0.750245 0.130374 0
206 3
0.885434 0.430711 0
0.746823 0.279531 0
0.749015 0.430711 0
207 3
0.885434 0.430711 0
0.887626 0.279531 0
0.746823 0.279531 0
208 3
0.883257 0.526312 0
0.749015 0.430711 0
0.751192 0.526312 0
209 3
0.883257 0.526312 0
0.885434 0.430711 0
0.749015 0.430711 0
210 3
0.880912 0.636478 0
0.751192 0.526312 0
0.753537 0.636478 0
211 3
0.880912 0.636478 0
0.883257 0.526312 0
0.751192 0.526312 0
212 3
0.880476 0.743467 0
0.753537 0.636478 0
0.758139 0.743467 0
213 3
0.880476 0.743467 0
0.880912 0.636478 0
0.753537 0.636478 0
214 3
0.878453 0.984506 0
0.758139 0.743467 0
0.760434 0.984506 0
215 3
0.878453 0.984506 0
0.880476 0.743467 0
0.758139 0.743467 0
216 3
0.650814 0.989258 0
0.652094 0.990814 0
0.743246 0.990813 0
217 3
0.154865 0.068994 0
0.154867 0.004716 0
0.218437 0.048074 0
218 3
0.154489 0.181740 0
0.154865 0.068994 0
0.218437 0.048074 0
219 3
0.138850 0.639380 0
0.174614 0.597167 0
0.174847 0.639380 0
220 3
0.138850 0.639380 0
0.139083 0.597167 0
0.174614 0.597167 0
221 3
0.137938 0.665174 0
0.174847 0.639380 0
0.171593 0.665174 0
222 3
0.138850 0.639380 0
0.174847 0.639380 0
0.137938 0.665174 0
223 3
0.122580 0.364656 0
0.154489 0.181740 0
0.183136 0.364656 0
224 3
0.142409 0.429108 0
0.183136 0.364656 0
0.167473 0.429108 0
225 3
0.142409 0.429108 0
0.122580 0.364656 0
0.183136 0.364656 0
226 3
0.143039 0.459260 0
0.167473 0.429108 0
0.166842 0.459260 0
227 3
0.142409 0.429108 0
0.167473 0.429108 0
0.143039 0.459260 0
228 3
0.168806 0.498401 0
0.174614 0.597167 0
0.139083 0.597167 0
229 3
0.141076 0.498401 0
0.168806 0.498401 0
0.139083 0.597167 0
230 3
0.166842 0.459260 0
0.168806 0.498401 0
0.141076 0.498401 0
231 3
0.143039 0.459260 0
0.166842 0.459260 0
0.141076 0.498401 0
232 3
0.510833 0.785354 0
0.503363 0.708444 0
0.547933 0.708710 0
233 3
0.983709 0.599257 0
0.984630 0.591466 0
0.957208 0.595057 0
234 3
0.983709 0.599257 0
0.957208 0.595057 0
0.971706 0.594833 0
235 3
0.542860 0.775874 0
0.665031 0.636430 0
0.652188 0.746449 0
236 3
0.652188 0.746449 0
0.665031 0.636430 0
0.759591 0.634580 0
237 3
0.652188 0.746449 0
0.759591 0.634580 0
0.750378 0.742704 0
238 3
0.152858 0.961427 0
0.212374 0.948309 0
0.194399 0.988031 0
239 3
0.773256 0.128917 0
0.675524 0.019819 0
0.763639 0.021479 0
240 3
0.683168 0.128609 0
0.675524 0.019819 0
0.773256 0.128917 0
241 3
0.683168 0.128609 0
0.556400 0.021590 0
0.675524 0.019819 0
242 3
0.563332 0.126798 0
0.556400 0.021590 0
0.683168 0.128609 0
243 3
0.563332 0.126798 0
0.450706 0.020360 0
0.556400 0.021590 0
244 3
0.451901 0.125170 0
0.450706 0.020360 0
0.563332 0.126798 0
245 3
0.565695 0.297787 0
0.694797 0.434772 0
0.586402 0.481398 0
246 3
0.543191 0.481606 0
0.565695 0.297787 0
0.586402 0.481398 0
247 3
0.543191 0.481606 0
0.448350 0.328746 0
0.565695 0.297787 0
248 3
0.683666 0.537710 0
0.779983 0.428044 0
0.771133 0.525734 0
249 3
0.683666 0.537710 0
0.694797 0.434772 0
0.779983 0.428044 0
250 3
0.593665 0.622725 0
0.694797 0.434772 0
0.683666 0.537710 0
251 3
0.593665 0.622725 0
0.607524 0.520608 0
0.694797 0.434772 0
252 3
0.665031 0.636430 0
0.771133 0.525734 0
0.759591 0.634580 0
253 3
0.665031 0.636430 0
0.683666 0.537710 0
0.771133 0.525734 0
254 3
0.454670 0.990631 0
0.445405 0.980037 0
0.502057 0.990065 0
255 3
0.445405 0.980037 0
0.494620 0.889889 0
0.502057 0.990065 0
256 3
0.971706 0.594833 0
0.980037 0.551963 0
0.983709 0.599257 0
257 3
0.448350 0.328746 0
0.543191 0.481606 0
0.520765 0.534726 0
258 3
0.991918 0.419701 0
0.992351 0.460926 0
0.967849 0.421597 0
259 3
0.967849 0.421597 0
0.966727 0.421421 0
0.991918 0.419701 0
260 3
0.967094 0.448973 0
0.991918 0.419701 0
0.966727 0.421421 0
261 3
0.992672 0.451099 0
0.991918 0.419701 0
0.967094 0.448973 0
262 3
0.964855 0.535429 0
0.992672 0.451099 0
0.967094 0.448973 0
263 3
0.964855 0.535429 0
0.990919 0.534732 0
0.992672 0.451099 0
264 3
0.957208 0.595057 0
0.990919 0.534732 0
0.964855 0.535429 0
265 3
0.957208 0.595057 0
0.984630 0.591466 0
0.990919 0.534732 0
266 3
0.556400 0.021590 0
0.497964 0.013710 0
0.572187 0.011833 0
267 3
0.450706 0.020360 0
0.497964 0.013710 0
0.556400 0.021590 0
268 3
0.983578 0.889620 0
0.925542 0.851880 0
0.987159 0.789333 0
269 3
0.694797 0.434772 0
0.782791 0.281632 0
0.779983 0.428044 0
270 3
0.694797 0.434772 0
0.694323 0.281295 0
0.782791 0.281632 0
271 3
0.782791 0.281632 0
0.683168 0.128609 0
0.773256 0.128917 0
272 3
0.782791 0.281632 0
0.694323 0.281295 0
0.683168 0.128609 0
273 3
0.763639 0.021479 0
0.671759 0.012511 0
0.756428 0.012347 0
274 3
0.763639 0.021479 0
0.675524 0.019819 0
0.671759 0.012511 0
275 3
0.984686 0.672608 0
0.925542 0.851880 0
0.951589 0.653656 0
276 3
0.494620 0.889889 0
0.466141 0.862792 0
0.510833 0.785354 0
277 3
0.494620 0.889889 0
0.510833 0.785354 0
0.542860 0.775874 0
278 3
0.987159 0.789333 0
0.925542 0.851880 0
0.984686 0.672608 0
279 3
0.977240 0.947333 0
0.925542 0.851880 0
0.983578 0.889620 0
280 3
0.927885 0.973635 0
0.925542 0.851880 0
0.977240 0.947333 0
281 3
0.154489 0.181740 0
0.218437 0.048074 0
0.248887 0.171188 0
282 3
0.494620 0.889889 0
0.542860 0.775874 0
0.502057 0.990065 0
283 3
0.565695 0.297787 0
0.683168 0.128609 0
0.694323 0.281295 0
284 3
0.565695 0.297787 0
0.563332 0.126798 0
0.683168 0.128609 0
285 3
0.451459 0.016339 0
0.497964 0.013710 0
0.450706 0.020360 0
286 3
0.403781 0.020888 0
0.451459 0.016339 0
0.395344 0.025200 0
287 3
0.450706 0.020360 0
0.395344 0.025200 0
0.451459 0.016339 0
288 3
0.556400 0.021590 0
0.671759 0.012511 0
0.675524 0.019819 0
289 3
0.556400 0.021590 0
0.572187 0.011833 0
0.671759 0.012511 0
290 3
0.441996 0.584278 0
0.510833 0.785354 0
0.466141 0.862792 0
291 3
0.441996 0.584278 0
0.500121 0.642254 0
0.503363 0.708444 0
292 3
0.503363 0.708444 0
0.510833 0.785354 0
0.441996 0.584278 0
293 3
0.441996 0.584278 0
0.520765 0.534726 0
0.500121 0.642254 0
294 3
0.189502 0.468219 0
0.167473 0.429108 0
0.183136 0.364656 0
295 3
0.225273 0.437277 0
0.183136 0.364656 0
0.226221 0.356966 0
296 3
0.189502 0.468219 0
0.183136 0.364656 0
0.225273 0.437277 0
297 3
0.264718 0.477861 0
0.272936 0.367290 0
0.286719 0.479500 0
298 3
0.226221 0.356966 0
0.272936 0.367290 0
0.225273 0.437277 0
299 3
0.174847 0.639380 0
0.174614 0.597167 0
0.205974 0.644033 0
300 3
0.171593 0.665174 0
0.174847 0.639380 0
0.205974 0.644033 0
301 3
0.360643 0.371801 0
0.369539 0.122914 0
0.448350 0.328746 0
302 3
0.360643 0.371801 0
0.448350 0.328746 0
0.395425 0.495748 0
303 3
0.183136 0.364656 0
0.248887 0.171188 0
0.226221 0.356966 0
304 3
0.183136 0.364656 0
0.154489 0.181740 0
0.248887 0.171188 0
305 3
0.166842 0.459260 0
0.167473 0.429108 0
0.189502 0.468219 0
306 3
0.226221 0.356966 0
0.248887 0.171188 0
0.272936 0.367290 0
307 3
0.441996 0.584278 0
0.364344 0.603302 0
0.395425 0.495748 0
308 3
0.286719 0.479500 0
0.266082 0.595690 0
0.264718 0.477861 0
309 3
0.264718 0.477861 0
0.266082 0.595690 0
0.225676 0.500908 0
310 3
0.225676 0.500908 0
0.189502 0.468219 0
0.225273 0.437277 0
311 3
0.225676 0.500908 0
0.225273 0.437277 0
0.264718 0.477861 0
312 3
0.225676 0.500908 0
0.204644 0.600982 0
0.189502 0.468219 0
313 3
0.225676 0.500908 0
0.266082 0.595690 0
0.204644 0.600982 0
314 3
0.266082 0.595690 0
0.205974 0.644033 0
0.204644 0.600982 0
315 3
0.168806 0.498401 0
0.166842 0.459260 0
0.204644 0.600982 0
316 3
0.204644 0.600982 0
0.205974 0.644033 0
0.174614 0.597167 0
317 3
0.168806 0.498401 0
0.204644 0.600982 0
0.174614 0.597167 0
318 3
0.204644 0.600982 0
0.166842 0.459260 0
0.189502 0.468219 0
4
0.000000 -90.000000 0.000000
0.000000 180.000000 0.000000
0.000000 0.000000 0.000000
13.625585 26.251169 16.825453
4
0.000000 0.000000 0.000000
0.000000 0.000000 0.000000
0.000000 0.000000 0.000000
10.846221 20.746588 15.796404
4
0.000000 0.000000 0.000000
0.000000 0.000000 0.000000
0.000000 0.000000 0.000000
16.374134 4.902652 10.638393
4
-90.000000 0.000000 0.000000
0.000000 0.000000 0.000000
0.000000 0.000000 0.000000
6.296182 3.648091 9.145552
4
0.000000 0.000000 0.000000
0.000000 0.000000 0.000000
0.000000 0.000000 0.000000
5.518903 25.418535 15.468719
