2
1
hd_tkuko
D:\3DBball\Objects\Heads\chicago\hd_tkuko.TGA
308
0 3
0.195739 0.814571 0
0.144546 0.814575 0
0.143036 0.774900 0
1 3
0.195739 0.814571 0
0.143036 0.774900 0
0.197952 0.774743 0
2 3
0.195739 0.814571 0
0.197952 0.774743 0
0.239417 0.764798 0
3 3
0.101124 0.764187 0
0.143036 0.774900 0
0.144546 0.814575 0
4 3
0.582737 0.881232 0
0.595929 0.808260 0
0.486664 0.658764 0
5 3
0.486664 0.658764 0
0.438089 0.736831 0
0.582737 0.881232 0
6 3
0.486664 0.658764 0
0.595929 0.808260 0
0.582737 0.881232 0
7 3
0.582737 0.881232 0
0.438089 0.736831 0
0.486664 0.658764 0
8 3
0.575633 0.989770 0
0.582737 0.881232 0
0.438089 0.736831 0
9 3
0.438089 0.736831 0
0.582737 0.881232 0
0.575633 0.989770 0
10 3
0.085708 0.848872 0
0.145123 0.847330 0
0.144884 0.937670 0
11 3
0.261828 0.850965 0
0.243186 0.943678 0
0.202977 0.937670 0
12 3
0.085708 0.848872 0
0.144884 0.937670 0
0.110541 0.941586 0
13 3
0.261828 0.850965 0
0.202977 0.937670 0
0.195141 0.847437 0
14 3
0.336666 0.978683 0
0.220987 0.997607 0
0.335171 0.850386 0
15 3
0.335171 0.850386 0
0.220987 0.997607 0
0.336666 0.978683 0
16 3
0.335171 0.850386 0
0.387383 0.892719 0
0.336666 0.978683 0
17 3
0.336666 0.978683 0
0.387383 0.892719 0
0.335171 0.850386 0
18 3
0.335171 0.850386 0
0.242842 0.942996 0
0.220987 0.997607 0
19 3
0.335171 0.850386 0
0.220987 0.997607 0
0.242842 0.942996 0
20 3
0.614086 0.316068 0
0.415807 0.226465 0
0.528914 0.378219 0
21 3
0.614086 0.316068 0
0.528914 0.378219 0
0.617954 0.403495 0
22 3
0.614086 0.316068 0
0.617954 0.403495 0
0.528914 0.378219 0
23 3
0.614086 0.316068 0
0.528914 0.378219 0
0.415807 0.226465 0
24 3
0.480796 0.139299 0
0.415807 0.226465 0
0.614086 0.316068 0
25 3
0.614086 0.316068 0
0.612993 0.151735 0
0.480796 0.139299 0
26 3
0.614086 0.316068 0
0.415807 0.226465 0
0.480796 0.139299 0
27 3
0.480796 0.139299 0
0.612993 0.151735 0
0.614086 0.316068 0
28 3
0.079287 0.057964 0
0.052173 0.092209 0
0.022912 0.079484 0
29 3
0.313159 0.079484 0
0.287708 0.092209 0
0.260475 0.058204 0
30 3
0.378334 0.063330 0
0.256285 0.055281 0
0.314305 0.077403 0
31 3
0.378421 0.064385 0
0.314305 0.077403 0
0.256275 0.055481 0
32 3
0.917413 0.836096 0
0.955806 0.835326 0
0.956356 0.797388 0
33 3
0.956356 0.797388 0
0.917552 0.797189 0
0.917413 0.836096 0
34 3
0.953841 0.788839 0
0.954176 0.830969 0
0.992208 0.829948 0
35 3
0.992208 0.829948 0
0.992124 0.790415 0
0.953841 0.788839 0
36 3
0.169851 0.087914 0
0.287708 0.092209 0
0.251639 0.332745 0
37 3
0.169851 0.087914 0
0.137979 0.342732 0
0.088942 0.332745 0
38 3
0.169851 0.087914 0
0.088942 0.332745 0
0.052173 0.092209 0
39 3
0.169851 0.087914 0
0.251639 0.332745 0
0.202602 0.342732 0
40 3
0.287708 0.092209 0
0.169851 0.087914 0
0.171237 0.056959 0
41 3
0.052173 0.092209 0
0.079287 0.057964 0
0.171237 0.056959 0
42 3
0.287708 0.092209 0
0.171237 0.056959 0
0.260475 0.058204 0
43 3
0.363526 0.304557 0
0.375661 0.538698 0
0.451126 0.436250 0
44 3
0.363526 0.304557 0
0.451126 0.436250 0
0.480779 0.380225 0
45 3
0.324734 0.458055 0
0.375661 0.538698 0
0.363526 0.304557 0
46 3
0.363526 0.304557 0
0.480779 0.380225 0
0.451126 0.436250 0
47 3
0.363526 0.304557 0
0.451126 0.436250 0
0.376574 0.539466 0
48 3
0.324734 0.458055 0
0.363526 0.304557 0
0.376574 0.539466 0
49 3
0.363526 0.304557 0
0.415807 0.226465 0
0.480779 0.380225 0
50 3
0.363526 0.304557 0
0.480779 0.380225 0
0.415807 0.226465 0
51 3
0.513401 0.393305 0
0.485846 0.388980 0
0.527733 0.442479 0
52 3
0.457245 0.449091 0
0.527733 0.442479 0
0.485846 0.388980 0
53 3
0.527733 0.442479 0
0.485846 0.388980 0
0.513401 0.393305 0
54 3
0.457245 0.449091 0
0.485846 0.388980 0
0.527733 0.442479 0
55 3
0.917552 0.797189 0
0.955645 0.755591 0
0.917572 0.755886 0
56 3
0.935314 0.723814 0
0.917572 0.755886 0
0.955645 0.755591 0
57 3
0.972982 0.726269 0
0.954274 0.750038 0
0.992310 0.750325 0
58 3
0.992124 0.790415 0
0.992310 0.750325 0
0.954274 0.750038 0
59 3
0.540671 0.473893 0
0.530810 0.550969 0
0.595929 0.808260 0
60 3
0.617954 0.403495 0
0.528914 0.378219 0
0.540671 0.473893 0
61 3
0.617954 0.403495 0
0.540671 0.473893 0
0.595929 0.808260 0
62 3
0.595929 0.808260 0
0.530810 0.550969 0
0.540671 0.473893 0
63 3
0.617954 0.403495 0
0.595929 0.808260 0
0.540671 0.473893 0
64 3
0.617954 0.403495 0
0.540671 0.473893 0
0.528914 0.378219 0
65 3
0.617954 0.403495 0
0.595929 0.808260 0
0.749139 0.817636 0
66 3
0.617954 0.403495 0
0.749139 0.817636 0
0.747881 0.426115 0
67 3
0.748552 0.816466 0
0.877986 0.816466 0
0.877664 0.423071 0
68 3
0.877664 0.423071 0
0.749580 0.423071 0
0.748552 0.816466 0
69 3
0.617954 0.403495 0
0.747881 0.426115 0
0.749139 0.817636 0
70 3
0.617954 0.403495 0
0.749139 0.817636 0
0.595929 0.808260 0
71 3
0.518871 0.562055 0
0.527733 0.442479 0
0.457245 0.449091 0
72 3
0.485214 0.631964 0
0.518871 0.562055 0
0.457245 0.449091 0
73 3
0.485214 0.631964 0
0.457245 0.449091 0
0.439636 0.599771 0
74 3
0.439636 0.599771 0
0.450757 0.649703 0
0.485214 0.631964 0
75 3
0.457245 0.449091 0
0.527733 0.442479 0
0.518871 0.562055 0
76 3
0.457245 0.449091 0
0.518871 0.562055 0
0.485214 0.631964 0
77 3
0.439636 0.599771 0
0.457245 0.449091 0
0.485214 0.631964 0
78 3
0.485214 0.631964 0
0.450757 0.649703 0
0.439636 0.599771 0
79 3
0.101124 0.764187 0
0.122287 0.656192 0
0.151789 0.752294 0
80 3
0.151789 0.752294 0
0.143036 0.774900 0
0.101124 0.764187 0
81 3
0.188876 0.752291 0
0.218396 0.656192 0
0.239417 0.764798 0
82 3
0.239417 0.764798 0
0.197952 0.774743 0
0.188876 0.752291 0
83 3
0.143036 0.774900 0
0.151789 0.752294 0
0.188876 0.752291 0
84 3
0.143036 0.774900 0
0.188876 0.752291 0
0.197952 0.774743 0
85 3
0.151789 0.752294 0
0.155446 0.675079 0
0.183100 0.675079 0
86 3
0.183100 0.675079 0
0.188876 0.752291 0
0.151789 0.752294 0
87 3
0.218396 0.656192 0
0.188876 0.752291 0
0.183100 0.675079 0
88 3
0.155446 0.675079 0
0.151789 0.752294 0
0.122287 0.656192 0
89 3
0.145123 0.847330 0
0.195141 0.847437 0
0.202977 0.937670 0
90 3
0.145123 0.847330 0
0.202977 0.937670 0
0.144884 0.937670 0
91 3
0.336666 0.978683 0
0.336666 0.978683 0
0.220987 0.997607 0
92 3
0.336666 0.978683 0
0.220987 0.997607 0
0.220987 0.997607 0
93 3
0.135497 0.993820 0
0.144884 0.937670 0
0.202977 0.937670 0
94 3
0.135497 0.993820 0
0.202977 0.937670 0
0.220206 0.995912 0
95 3
0.110541 0.941586 0
0.144884 0.937670 0
0.135497 0.993820 0
96 3
0.243186 0.943678 0
0.220206 0.995912 0
0.202977 0.937670 0
97 3
0.575633 0.989770 0
0.749083 0.990680 0
0.747719 0.855573 0
98 3
0.575633 0.989770 0
0.582737 0.881232 0
0.747719 0.855573 0
99 3
0.575633 0.989770 0
0.747719 0.855573 0
0.582737 0.881232 0
100 3
0.575633 0.989770 0
0.747719 0.855573 0
0.749083 0.990680 0
101 3
0.288627 0.091130 0
0.363526 0.304557 0
0.314305 0.077403 0
102 3
0.288627 0.091130 0
0.314305 0.077403 0
0.363526 0.304557 0
103 3
0.530810 0.550969 0
0.486664 0.658764 0
0.595929 0.808260 0
104 3
0.595929 0.808260 0
0.486664 0.658764 0
0.530810 0.550969 0
105 3
0.335171 0.850386 0
0.375661 0.538698 0
0.312799 0.566962 0
106 3
0.335171 0.850386 0
0.271313 0.764965 0
0.312799 0.566962 0
107 3
0.335171 0.850386 0
0.312799 0.566962 0
0.271313 0.764965 0
108 3
0.335171 0.850386 0
0.312799 0.566962 0
0.376574 0.539466 0
109 3
0.195141 0.847437 0
0.195739 0.814571 0
0.239417 0.764798 0
110 3
0.261828 0.850965 0
0.195141 0.847437 0
0.239417 0.764798 0
111 3
0.195739 0.814571 0
0.195141 0.847437 0
0.145123 0.847330 0
112 3
0.195739 0.814571 0
0.145123 0.847330 0
0.144546 0.814575 0
113 3
0.101124 0.764187 0
0.144546 0.814575 0
0.145123 0.847330 0
114 3
0.085708 0.848872 0
0.101124 0.764187 0
0.145123 0.847330 0
115 3
0.032764 0.567444 0
0.122287 0.656192 0
0.067247 0.764653 0
116 3
0.270868 0.764653 0
0.218396 0.656192 0
0.313158 0.567444 0
117 3
0.239417 0.764798 0
0.218396 0.656192 0
0.270868 0.764653 0
118 3
0.101124 0.764187 0
0.085708 0.848872 0
0.067247 0.764653 0
119 3
0.101124 0.764187 0
0.067247 0.764653 0
0.122287 0.656192 0
120 3
0.239417 0.764798 0
0.270868 0.764653 0
0.261828 0.850965 0
121 3
0.079490 0.419339 0
0.049762 0.454421 0
0.037181 0.333400 0
122 3
0.304265 0.333400 0
0.295184 0.454730 0
0.265791 0.419649 0
123 3
0.314305 0.077403 0
0.363526 0.304557 0
0.415807 0.226465 0
124 3
0.415807 0.226465 0
0.480796 0.139299 0
0.314305 0.077403 0
125 3
0.415807 0.226465 0
0.363526 0.304557 0
0.314305 0.077403 0
126 3
0.314305 0.077403 0
0.480796 0.139299 0
0.415807 0.226465 0
127 3
0.438089 0.736831 0
0.422626 0.991081 0
0.575633 0.989770 0
128 3
0.575633 0.989770 0
0.422626 0.991081 0
0.438089 0.736831 0
129 3
0.486664 0.658764 0
0.396139 0.713778 0
0.438089 0.736831 0
130 3
0.486664 0.658764 0
0.438089 0.736831 0
0.396139 0.713778 0
131 3
0.242842 0.942996 0
0.335171 0.850386 0
0.262109 0.850706 0
132 3
0.271313 0.764965 0
0.262109 0.850706 0
0.335171 0.850386 0
133 3
0.271313 0.764965 0
0.335171 0.850386 0
0.262109 0.850706 0
134 3
0.242842 0.942996 0
0.262109 0.850706 0
0.335171 0.850386 0
135 3
0.574904 0.989448 0
0.575633 0.989770 0
0.423138 0.991387 0
136 3
0.423138 0.991387 0
0.575633 0.989770 0
0.422626 0.991081 0
137 3
0.423138 0.991387 0
0.422626 0.991081 0
0.368012 0.994570 0
138 3
0.574904 0.989448 0
0.749083 0.990680 0
0.575633 0.989770 0
139 3
0.171237 0.056959 0
0.079287 0.057964 0
0.169440 0.020730 0
140 3
0.396139 0.713778 0
0.486664 0.658764 0
0.438215 0.652795 0
141 3
0.917251 0.960671 0
0.955600 0.915747 0
0.916991 0.917035 0
142 3
0.917251 0.960671 0
0.957026 0.960636 0
0.955600 0.915747 0
143 3
0.582737 0.881232 0
0.749139 0.817636 0
0.595929 0.808260 0
144 3
0.582737 0.881232 0
0.747719 0.855573 0
0.749139 0.817636 0
145 3
0.748969 0.155205 0
0.747946 0.047562 0
0.611250 0.052743 0
146 3
0.612993 0.151735 0
0.748969 0.155205 0
0.611250 0.052743 0
147 3
0.612993 0.151735 0
0.611250 0.052743 0
0.499561 0.050521 0
148 3
0.480796 0.139299 0
0.612993 0.151735 0
0.499561 0.050521 0
149 3
0.480796 0.139299 0
0.499561 0.050521 0
0.378334 0.063330 0
150 3
0.314305 0.077403 0
0.480796 0.139299 0
0.378334 0.063330 0
151 3
0.480779 0.380225 0
0.528914 0.378219 0
0.415807 0.226465 0
152 3
0.368012 0.994570 0
0.422626 0.991081 0
0.336666 0.978683 0
153 3
0.336666 0.978683 0
0.422626 0.991081 0
0.387383 0.892719 0
154 3
0.957026 0.960636 0
0.917251 0.960671 0
0.938335 0.989844 0
155 3
0.955645 0.755591 0
0.917552 0.797189 0
0.956356 0.797388 0
156 3
0.957213 0.877993 0
0.955806 0.835326 0
0.917413 0.836096 0
157 3
0.957213 0.877993 0
0.917413 0.836096 0
0.917210 0.878493 0
158 3
0.955600 0.915747 0
0.957213 0.877993 0
0.917210 0.878493 0
159 3
0.955600 0.915747 0
0.917210 0.878493 0
0.916991 0.917035 0
160 3
0.378334 0.063330 0
0.499561 0.050521 0
0.393896 0.005937 0
161 3
0.617954 0.403495 0
0.747881 0.426115 0
0.747889 0.327827 0
162 3
0.617954 0.403495 0
0.747889 0.327827 0
0.614086 0.316068 0
163 3
0.747889 0.327827 0
0.748969 0.155205 0
0.612993 0.151735 0
164 3
0.747889 0.327827 0
0.612993 0.151735 0
0.614086 0.316068 0
165 3
0.747946 0.047562 0
0.747802 0.005578 0
0.532261 0.003796 0
166 3
0.747946 0.047562 0
0.532261 0.003796 0
0.611250 0.052743 0
167 3
0.532261 0.003796 0
0.747802 0.005578 0
0.269884 0.004172 0
168 3
0.387383 0.892719 0
0.396139 0.713778 0
0.335171 0.850386 0
169 3
0.387383 0.892719 0
0.438089 0.736831 0
0.396139 0.713778 0
170 3
0.393896 0.005937 0
0.532261 0.003796 0
0.269884 0.004172 0
171 3
0.276041 0.004387 0
0.393896 0.005937 0
0.269884 0.004172 0
172 3
0.167823 0.019324 0
0.276041 0.004387 0
0.269884 0.004172 0
173 3
0.052173 0.092209 0
0.171237 0.056959 0
0.169851 0.087914 0
174 3
0.387383 0.892719 0
0.422626 0.991081 0
0.438089 0.736831 0
175 3
0.276041 0.004387 0
0.378334 0.063330 0
0.393896 0.005937 0
176 3
0.167823 0.019324 0
0.256285 0.055281 0
0.276041 0.004387 0
177 3
0.378334 0.063330 0
0.276041 0.004387 0
0.256285 0.055281 0
178 3
0.499561 0.050521 0
0.611250 0.052743 0
0.532261 0.003796 0
179 3
0.499561 0.050521 0
0.532261 0.003796 0
0.393896 0.005937 0
180 3
0.375661 0.538698 0
0.335171 0.850386 0
0.396139 0.713778 0
181 3
0.375661 0.538698 0
0.438215 0.652795 0
0.436920 0.601369 0
182 3
0.438215 0.652795 0
0.375661 0.538698 0
0.396139 0.713778 0
183 3
0.375661 0.538698 0
0.436920 0.601369 0
0.451126 0.436250 0
184 3
0.127024 0.451813 0
0.137979 0.342732 0
0.157383 0.407747 0
185 3
0.079490 0.419339 0
0.088942 0.332745 0
0.137979 0.342732 0
186 3
0.127024 0.451813 0
0.079490 0.419339 0
0.137979 0.342732 0
187 3
0.049762 0.454421 0
0.015903 0.458216 0
0.037181 0.333400 0
188 3
0.088942 0.332745 0
0.079490 0.419339 0
0.037181 0.333400 0
189 3
0.154043 0.642538 0
0.122287 0.656192 0
0.154734 0.601929 0
190 3
0.155446 0.675079 0
0.122287 0.656192 0
0.154043 0.642538 0
191 3
0.303823 0.335394 0
0.363526 0.304557 0
0.288627 0.091130 0
192 3
0.303823 0.335394 0
0.324734 0.458055 0
0.363526 0.304557 0
193 3
0.158138 0.442181 0
0.127024 0.451813 0
0.157383 0.407747 0
194 3
0.088942 0.332745 0
0.037181 0.333400 0
0.052173 0.092209 0
195 3
0.375661 0.538698 0
0.324734 0.458055 0
0.312799 0.566962 0
196 3
0.015903 0.458216 0
0.049762 0.454421 0
0.032764 0.567444 0
197 3
0.049762 0.454421 0
0.079039 0.471484 0
0.032764 0.567444 0
198 3
0.079039 0.471484 0
0.079490 0.419339 0
0.127024 0.451813 0
199 3
0.049762 0.454421 0
0.079490 0.419339 0
0.079039 0.471484 0
200 3
0.079039 0.471484 0
0.127024 0.451813 0
0.123552 0.606566 0
201 3
0.079039 0.471484 0
0.123552 0.606566 0
0.032764 0.567444 0
202 3
0.032764 0.567444 0
0.123552 0.606566 0
0.122287 0.656192 0
203 3
0.159817 0.510125 0
0.123552 0.606566 0
0.158138 0.442181 0
204 3
0.123552 0.606566 0
0.154734 0.601929 0
0.122287 0.656192 0
205 3
0.159817 0.510125 0
0.154734 0.601929 0
0.123552 0.606566 0
206 3
0.123552 0.606566 0
0.127024 0.451813 0
0.158138 0.442181 0
207 3
0.574904 0.989448 0
0.749083 0.990680 0
0.749083 0.990680 0
208 3
0.574904 0.989448 0
0.423138 0.991387 0
0.575633 0.989770 0
209 3
0.423138 0.991387 0
0.422626 0.991081 0
0.575633 0.989770 0
210 3
0.423138 0.991387 0
0.368012 0.994570 0
0.422626 0.991081 0
211 3
0.368012 0.994570 0
0.336666 0.978683 0
0.336666 0.978683 0
212 3
0.368012 0.994570 0
0.336666 0.978683 0
0.368012 0.994570 0
213 3
0.423138 0.991387 0
0.368012 0.994570 0
0.368012 0.994570 0
214 3
0.878156 0.156738 0
0.749368 0.047506 0
0.748938 0.156738 0
215 3
0.878156 0.156738 0
0.877445 0.047386 0
0.749368 0.047506 0
216 3
0.747792 0.004084 0
0.269884 0.004172 0
0.747802 0.005578 0
217 3
0.877445 0.047386 0
0.876395 0.007455 0
0.746635 0.006621 0
218 3
0.877445 0.047386 0
0.746635 0.006621 0
0.749368 0.047506 0
219 3
0.877436 0.329044 0
0.748938 0.156738 0
0.748310 0.329044 0
220 3
0.877436 0.329044 0
0.878156 0.156738 0
0.748938 0.156738 0
221 3
0.877664 0.423071 0
0.748310 0.329044 0
0.749580 0.423071 0
222 3
0.877664 0.423071 0
0.877436 0.329044 0
0.748310 0.329044 0
223 3
0.877860 0.854097 0
0.748552 0.816466 0
0.749076 0.854097 0
224 3
0.877860 0.854097 0
0.877986 0.816466 0
0.748552 0.816466 0
225 3
0.878485 0.988322 0
0.749076 0.854097 0
0.748960 0.988322 0
226 3
0.878485 0.988322 0
0.877860 0.854097 0
0.749076 0.854097 0
227 3
0.574904 0.989448 0
0.575633 0.989770 0
0.749083 0.990680 0
228 3
0.171237 0.056959 0
0.169440 0.020730 0
0.260475 0.058204 0
229 3
0.154043 0.642538 0
0.183862 0.601929 0
0.184502 0.642538 0
230 3
0.154043 0.642538 0
0.154734 0.601929 0
0.183862 0.601929 0
231 3
0.155446 0.675079 0
0.184502 0.642538 0
0.183100 0.675079 0
232 3
0.154043 0.642538 0
0.184502 0.642538 0
0.155446 0.675079 0
233 3
0.137979 0.342732 0
0.169851 0.087914 0
0.202602 0.342732 0
234 3
0.157383 0.407747 0
0.202602 0.342732 0
0.187396 0.407747 0
235 3
0.157383 0.407747 0
0.137979 0.342732 0
0.202602 0.342732 0
236 3
0.158138 0.442181 0
0.187396 0.407747 0
0.186641 0.442181 0
237 3
0.157383 0.407747 0
0.187396 0.407747 0
0.158138 0.442181 0
238 3
0.184794 0.510125 0
0.183862 0.601929 0
0.154734 0.601929 0
239 3
0.159817 0.510125 0
0.184794 0.510125 0
0.154734 0.601929 0
240 3
0.186641 0.442181 0
0.184794 0.510125 0
0.159817 0.510125 0
241 3
0.158138 0.442181 0
0.186641 0.442181 0
0.159817 0.510125 0
242 3
0.396139 0.713778 0
0.438215 0.652795 0
0.486664 0.658764 0
243 3
0.992505 0.956169 0
0.992663 0.915583 0
0.954301 0.914332 0
244 3
0.992505 0.956169 0
0.954301 0.914332 0
0.954523 0.956134 0
245 3
0.582737 0.881232 0
0.595929 0.808260 0
0.749139 0.817636 0
246 3
0.582737 0.881232 0
0.749139 0.817636 0
0.747719 0.855573 0
247 3
0.748969 0.155205 0
0.611205 0.053784 0
0.747832 0.050179 0
248 3
0.612993 0.151735 0
0.611205 0.053784 0
0.748969 0.155205 0
249 3
0.612993 0.151735 0
0.499572 0.050262 0
0.611205 0.053784 0
250 3
0.480796 0.139299 0
0.499572 0.050262 0
0.612993 0.151735 0
251 3
0.480796 0.139299 0
0.378421 0.064385 0
0.499572 0.050262 0
252 3
0.314305 0.077403 0
0.378421 0.064385 0
0.480796 0.139299 0
253 3
0.480779 0.380225 0
0.415807 0.226465 0
0.528914 0.378219 0
254 3
0.368012 0.994570 0
0.336666 0.978683 0
0.422626 0.991081 0
255 3
0.336666 0.978683 0
0.387383 0.892719 0
0.422626 0.991081 0
256 3
0.954523 0.956134 0
0.970852 0.980948 0
0.992505 0.956169 0
257 3
0.954274 0.750038 0
0.953841 0.788839 0
0.992124 0.790415 0
258 3
0.954559 0.872382 0
0.992208 0.829948 0
0.954176 0.830969 0
259 3
0.954559 0.872382 0
0.992332 0.872867 0
0.992208 0.829948 0
260 3
0.954301 0.914332 0
0.992332 0.872867 0
0.954559 0.872382 0
261 3
0.954301 0.914332 0
0.992663 0.915583 0
0.992332 0.872867 0
262 3
0.378421 0.064385 0
0.393894 0.005638 0
0.499572 0.050262 0
263 3
0.617954 0.403495 0
0.747889 0.327827 0
0.747881 0.426115 0
264 3
0.617954 0.403495 0
0.614086 0.316068 0
0.747889 0.327827 0
265 3
0.747889 0.327827 0
0.612993 0.151735 0
0.748969 0.155205 0
266 3
0.747889 0.327827 0
0.614086 0.316068 0
0.612993 0.151735 0
267 3
0.747832 0.050179 0
0.532265 0.004454 0
0.747792 0.004084 0
268 3
0.747832 0.050179 0
0.611205 0.053784 0
0.532265 0.004454 0
269 3
0.532265 0.004454 0
0.269884 0.004172 0
0.747792 0.004084 0
270 3
0.387383 0.892719 0
0.335171 0.850386 0
0.396139 0.713778 0
271 3
0.387383 0.892719 0
0.396139 0.713778 0
0.438089 0.736831 0
272 3
0.393894 0.005638 0
0.269884 0.004172 0
0.532265 0.004454 0
273 3
0.276117 0.005467 0
0.269884 0.004172 0
0.393894 0.005638 0
274 3
0.167823 0.019324 0
0.269884 0.004172 0
0.276117 0.005467 0
275 3
0.387383 0.892719 0
0.438089 0.736831 0
0.422626 0.991081 0
276 3
0.276117 0.005467 0
0.393894 0.005638 0
0.378421 0.064385 0
277 3
0.167823 0.019324 0
0.276117 0.005467 0
0.256275 0.055481 0
278 3
0.378421 0.064385 0
0.256275 0.055481 0
0.276117 0.005467 0
279 3
0.499572 0.050262 0
0.532265 0.004454 0
0.611205 0.053784 0
280 3
0.499572 0.050262 0
0.393894 0.005638 0
0.532265 0.004454 0
281 3
0.376574 0.539466 0
0.396139 0.713778 0
0.335171 0.850386 0
282 3
0.376574 0.539466 0
0.436920 0.601369 0
0.438215 0.652795 0
283 3
0.438215 0.652795 0
0.396139 0.713778 0
0.376574 0.539466 0
284 3
0.376574 0.539466 0
0.451126 0.436250 0
0.436920 0.601369 0
285 3
0.217562 0.452123 0
0.187396 0.407747 0
0.202602 0.342732 0
286 3
0.265791 0.419649 0
0.202602 0.342732 0
0.251639 0.332745 0
287 3
0.217562 0.452123 0
0.202602 0.342732 0
0.265791 0.419649 0
288 3
0.295184 0.454730 0
0.304265 0.333400 0
0.324676 0.458216 0
289 3
0.251639 0.332745 0
0.304265 0.333400 0
0.265791 0.419649 0
290 3
0.184502 0.642538 0
0.183862 0.601929 0
0.218396 0.656192 0
291 3
0.183100 0.675079 0
0.184502 0.642538 0
0.218396 0.656192 0
292 3
0.303823 0.335394 0
0.288627 0.091130 0
0.363526 0.304557 0
293 3
0.303823 0.335394 0
0.363526 0.304557 0
0.324734 0.458055 0
294 3
0.186641 0.442181 0
0.187396 0.407747 0
0.217562 0.452123 0
295 3
0.251639 0.332745 0
0.287708 0.092209 0
0.304265 0.333400 0
296 3
0.376574 0.539466 0
0.312799 0.566962 0
0.324734 0.458055 0
297 3
0.324676 0.458216 0
0.313158 0.567444 0
0.295184 0.454730 0
298 3
0.295184 0.454730 0
0.313158 0.567444 0
0.266242 0.471793 0
299 3
0.266242 0.471793 0
0.217562 0.452123 0
0.265791 0.419649 0
300 3
0.266242 0.471793 0
0.265791 0.419649 0
0.295184 0.454730 0
301 3
0.266242 0.471793 0
0.216915 0.606566 0
0.217562 0.452123 0
302 3
0.266242 0.471793 0
0.313158 0.567444 0
0.216915 0.606566 0
303 3
0.313158 0.567444 0
0.218396 0.656192 0
0.216915 0.606566 0
304 3
0.184794 0.510125 0
0.186641 0.442181 0
0.216915 0.606566 0
305 3
0.216915 0.606566 0
0.218396 0.656192 0
0.183862 0.601929 0
306 3
0.184794 0.510125 0
0.216915 0.606566 0
0.183862 0.601929 0
307 3
0.216915 0.606566 0
0.186641 0.442181 0
0.217562 0.452123 0
4
0.000000 0.000000 0.000000
0.000000 0.000000 0.000000
0.000000 0.000000 0.000000
1.000000 1.000000 1.000000
