1
5
C:\MIDWAY\NBAonNBC\HEADS\Minnesota_Timberwolves\LWO\hd_tport.TGA
C:\MIDWAY\NBAonNBC\HEADS\Minnesota_Timberwolves\LWO\hd_tport.TGA
C:\MIDWAY\NBAonNBC\HEADS\Minnesota_Timberwolves\LWO\hd_tport.TGA
C:\MIDWAY\NBAonNBC\HEADS\Minnesota_Timberwolves\LWO\hd_tport.TGA
C:\MIDWAY\NBAonNBC\HEADS\Minnesota_Timberwolves\LWO\hd_tport.TGA
321
0 3
0.548544 0.501528 0
0.529940 0.459244 0
0.487207 0.515918 0
1 3
0.545083 0.610555 0
0.548544 0.501528 0
0.487207 0.515918 0
2 3
0.506641 0.694949 0
0.545083 0.610555 0
0.487207 0.515918 0
3 3
0.506641 0.694949 0
0.487207 0.515918 0
0.478386 0.658652 0
4 3
0.478386 0.658652 0
0.487901 0.701398 0
0.506641 0.694949 0
5 3
0.487207 0.515918 0
0.529940 0.459244 0
0.548544 0.501528 0
6 3
0.487207 0.515918 0
0.548544 0.501528 0
0.545083 0.610555 0
7 3
0.487207 0.515918 0
0.545083 0.610555 0
0.506641 0.694949 0
8 3
0.478386 0.658652 0
0.487207 0.515918 0
0.506641 0.694949 0
9 3
0.506641 0.694949 0
0.487901 0.701398 0
0.478386 0.658652 0
10 3
0.077495 0.780935 0
0.085363 0.666497 0
0.113112 0.730302 0
11 3
0.113112 0.730302 0
0.109641 0.780537 0
0.077495 0.780935 0
12 3
0.159482 0.730300 0
0.191223 0.666497 0
0.195311 0.781605 0
13 3
0.195311 0.781605 0
0.163165 0.780496 0
0.159482 0.730300 0
14 3
0.109641 0.780537 0
0.113112 0.730302 0
0.159482 0.730300 0
15 3
0.109641 0.780537 0
0.159482 0.730300 0
0.163165 0.780496 0
16 3
0.113112 0.730302 0
0.117676 0.679011 0
0.154743 0.679011 0
17 3
0.154743 0.679011 0
0.159482 0.730300 0
0.113112 0.730302 0
18 3
0.191223 0.666497 0
0.159482 0.730300 0
0.154743 0.679011 0
19 3
0.117676 0.679011 0
0.113112 0.730302 0
0.085363 0.666497 0
20 3
0.111274 0.862803 0
0.161532 0.862915 0
0.160736 0.932678 0
21 3
0.111274 0.862803 0
0.160736 0.932678 0
0.112070 0.932678 0
22 3
0.311102 0.990942 0
0.438842 0.853171 0
0.467308 0.880564 0
23 3
0.311102 0.990942 0
0.412152 0.978723 0
0.467308 0.880564 0
24 3
0.311102 0.990942 0
0.467308 0.880564 0
0.412152 0.978723 0
25 3
0.311102 0.990942 0
0.467308 0.880564 0
0.438842 0.853171 0
26 3
0.112070 0.932678 0
0.080449 0.919423 0
0.111274 0.862803 0
27 3
0.161532 0.862915 0
0.192357 0.919423 0
0.160736 0.932678 0
28 3
0.064668 0.834590 0
0.111274 0.862803 0
0.080449 0.919423 0
29 3
0.208119 0.834590 0
0.192357 0.919423 0
0.161532 0.862915 0
30 3
0.412152 0.978723 0
0.412152 0.978723 0
0.311102 0.990942 0
31 3
0.412152 0.978723 0
0.311102 0.990942 0
0.311102 0.990942 0
32 3
0.100888 0.991152 0
0.112070 0.932678 0
0.160736 0.932678 0
33 3
0.100888 0.991152 0
0.160736 0.932678 0
0.172624 0.991152 0
34 3
0.080449 0.919423 0
0.112070 0.932678 0
0.100888 0.991152 0
35 3
0.192357 0.919423 0
0.172624 0.991152 0
0.160736 0.932678 0
36 3
0.530901 0.310004 0
0.534431 0.451684 0
0.645322 0.416614 0
37 3
0.530901 0.310004 0
0.645610 0.293480 0
0.645322 0.416614 0
38 3
0.534431 0.451684 0
0.557740 0.498577 0
0.645322 0.416614 0
39 3
0.645322 0.416614 0
0.557740 0.498577 0
0.534431 0.451684 0
40 3
0.641600 0.988490 0
0.777710 0.991990 0
0.778206 0.736322 0
41 3
0.641600 0.988490 0
0.640346 0.735339 0
0.778206 0.736322 0
42 3
0.641600 0.988490 0
0.778206 0.736322 0
0.640346 0.735339 0
43 3
0.641600 0.988490 0
0.778206 0.736322 0
0.777710 0.991990 0
44 3
0.314938 0.201574 0
0.398685 0.365919 0
0.409931 0.189836 0
45 3
0.314938 0.201574 0
0.409931 0.189836 0
0.419121 0.083107 0
46 3
0.314938 0.201574 0
0.419121 0.083107 0
0.409931 0.189836 0
47 3
0.314938 0.201574 0
0.409931 0.189836 0
0.398685 0.365919 0
48 3
0.553352 0.624732 0
0.512734 0.714852 0
0.644050 0.622580 0
49 3
0.644050 0.622580 0
0.645476 0.522492 0
0.553352 0.624732 0
50 3
0.644050 0.622580 0
0.512734 0.714852 0
0.553352 0.624732 0
51 3
0.553352 0.624732 0
0.645476 0.522492 0
0.644050 0.622580 0
52 3
0.438842 0.853171 0
0.400159 0.566029 0
0.324687 0.607579 0
53 3
0.438842 0.853171 0
0.318413 0.784427 0
0.324687 0.607579 0
54 3
0.438842 0.853171 0
0.324687 0.607579 0
0.318413 0.784427 0
55 3
0.438842 0.853171 0
0.324687 0.607579 0
0.400159 0.566029 0
56 3
0.161532 0.862915 0
0.158547 0.824955 0
0.195311 0.781605 0
57 3
0.208119 0.834590 0
0.161532 0.862915 0
0.195311 0.781605 0
58 3
0.158547 0.824955 0
0.161532 0.862915 0
0.111274 0.862803 0
59 3
0.158547 0.824955 0
0.111274 0.862803 0
0.114260 0.824955 0
60 3
0.158547 0.824955 0
0.114260 0.824955 0
0.136403 0.779738 0
61 3
0.114260 0.824955 0
0.109610 0.781121 0
0.136403 0.779738 0
62 3
0.077495 0.780935 0
0.114260 0.824955 0
0.111274 0.862803 0
63 3
0.158547 0.824955 0
0.136403 0.779738 0
0.163196 0.781121 0
64 3
0.158547 0.824955 0
0.163196 0.781121 0
0.195311 0.781605 0
65 3
0.077495 0.780935 0
0.109610 0.781121 0
0.114260 0.824955 0
66 3
0.064668 0.834590 0
0.077495 0.780935 0
0.111274 0.862803 0
67 3
0.023809 0.602445 0
0.085363 0.666497 0
0.052642 0.781009 0
68 3
0.220164 0.781009 0
0.191223 0.666497 0
0.248997 0.602445 0
69 3
0.195311 0.781605 0
0.191223 0.666497 0
0.220164 0.781009 0
70 3
0.077495 0.780935 0
0.064668 0.834590 0
0.052642 0.781009 0
71 3
0.077495 0.780935 0
0.052642 0.781009 0
0.085363 0.666497 0
72 3
0.195311 0.781605 0
0.220164 0.781009 0
0.208119 0.834590 0
73 3
0.029910 0.478843 0
0.038322 0.444739 0
0.066115 0.441875 0
74 3
0.030582 0.408606 0
0.038322 0.444739 0
0.029910 0.478843 0
75 3
0.066115 0.441875 0
0.038322 0.444739 0
0.030582 0.408606 0
76 3
0.214412 0.449526 0
0.241414 0.452389 0
0.250617 0.486494 0
77 3
0.245497 0.408606 0
0.241414 0.452389 0
0.214412 0.449526 0
78 3
0.250617 0.486494 0
0.241414 0.452389 0
0.245497 0.408606 0
79 3
0.438842 0.853171 0
0.315232 0.925493 0
0.311102 0.990942 0
80 3
0.438842 0.853171 0
0.311102 0.990942 0
0.315232 0.925493 0
81 3
0.419121 0.083107 0
0.363683 0.103244 0
0.314938 0.201574 0
82 3
0.314938 0.201574 0
0.363683 0.103244 0
0.419121 0.083107 0
83 3
0.409931 0.189836 0
0.398685 0.365919 0
0.530901 0.310004 0
84 3
0.530901 0.310004 0
0.529730 0.167740 0
0.409931 0.189836 0
85 3
0.530901 0.310004 0
0.398685 0.365919 0
0.409931 0.189836 0
86 3
0.409931 0.189836 0
0.529730 0.167740 0
0.530901 0.310004 0
87 3
0.400159 0.566029 0
0.487207 0.515918 0
0.398685 0.365919 0
88 3
0.398685 0.365919 0
0.363700 0.509953 0
0.400159 0.566029 0
89 3
0.398685 0.365919 0
0.487207 0.515918 0
0.400159 0.566029 0
90 3
0.400159 0.566029 0
0.363700 0.509953 0
0.398685 0.365919 0
91 3
0.508709 0.767340 0
0.485065 0.992073 0
0.641600 0.988490 0
92 3
0.641600 0.988490 0
0.640346 0.735339 0
0.508709 0.767340 0
93 3
0.641600 0.988490 0
0.485065 0.992073 0
0.508709 0.767340 0
94 3
0.508709 0.767340 0
0.640346 0.735339 0
0.641600 0.988490 0
95 3
0.512734 0.714852 0
0.480812 0.777056 0
0.508709 0.767340 0
96 3
0.512734 0.714852 0
0.508709 0.767340 0
0.644050 0.622580 0
97 3
0.512734 0.714852 0
0.644050 0.622580 0
0.508709 0.767340 0
98 3
0.512734 0.714852 0
0.508709 0.767340 0
0.480812 0.777056 0
99 3
0.315232 0.925493 0
0.438842 0.853171 0
0.313713 0.834977 0
100 3
0.318413 0.784427 0
0.313713 0.834977 0
0.438842 0.853171 0
101 3
0.318413 0.784427 0
0.438842 0.853171 0
0.313713 0.834977 0
102 3
0.315232 0.925493 0
0.313713 0.834977 0
0.438842 0.853171 0
103 3
0.634982 0.990852 0
0.641600 0.988490 0
0.493142 0.990766 0
104 3
0.493142 0.990766 0
0.641600 0.988490 0
0.485065 0.992073 0
105 3
0.493142 0.990766 0
0.485065 0.992073 0
0.437393 0.989906 0
106 3
0.634982 0.990852 0
0.777710 0.991990 0
0.641600 0.988490 0
107 3
0.136345 0.112584 0
0.084439 0.094043 0
0.136348 0.032000 0
108 3
0.136036 0.210881 0
0.084439 0.094043 0
0.136345 0.112584 0
109 3
0.480812 0.777056 0
0.512734 0.714852 0
0.481589 0.713820 0
110 3
0.916790 0.991450 0
0.948607 0.988177 0
0.917040 0.984887 0
111 3
0.916790 0.991450 0
0.941047 0.987396 0
0.948607 0.988177 0
112 3
0.508709 0.767340 0
0.640346 0.735339 0
0.644050 0.622580 0
113 3
0.640346 0.735339 0
0.779280 0.602720 0
0.644050 0.622580 0
114 3
0.640346 0.735339 0
0.778206 0.736322 0
0.779280 0.602720 0
115 3
0.779188 0.158847 0
0.777091 0.074416 0
0.645840 0.070524 0
116 3
0.644825 0.160485 0
0.779188 0.158847 0
0.645840 0.070524 0
117 3
0.644825 0.160485 0
0.645840 0.070524 0
0.530133 0.072197 0
118 3
0.529730 0.167740 0
0.644825 0.160485 0
0.530133 0.072197 0
119 3
0.529730 0.167740 0
0.530133 0.072197 0
0.419121 0.083107 0
120 3
0.409931 0.189836 0
0.529730 0.167740 0
0.419121 0.083107 0
121 3
0.530901 0.310004 0
0.645322 0.416614 0
0.645610 0.293480 0
122 3
0.509827 0.452270 0
0.534431 0.451684 0
0.530901 0.310004 0
123 3
0.509827 0.452270 0
0.530901 0.310004 0
0.398685 0.365919 0
124 3
0.645476 0.522492 0
0.780558 0.506743 0
0.781263 0.411185 0
125 3
0.645476 0.522492 0
0.781263 0.411185 0
0.645322 0.416614 0
126 3
0.553352 0.624732 0
0.645476 0.522492 0
0.645322 0.416614 0
127 3
0.553352 0.624732 0
0.645322 0.416614 0
0.557740 0.498577 0
128 3
0.644050 0.622580 0
0.779280 0.602720 0
0.780558 0.506743 0
129 3
0.644050 0.622580 0
0.780558 0.506743 0
0.645476 0.522492 0
130 3
0.437393 0.989906 0
0.485065 0.992073 0
0.412152 0.978723 0
131 3
0.412152 0.978723 0
0.485065 0.992073 0
0.467308 0.880564 0
132 3
0.941047 0.987396 0
0.916790 0.991450 0
0.916026 0.957091 0
133 3
0.398685 0.365919 0
0.487207 0.515918 0
0.509827 0.452270 0
134 3
0.914569 0.854753 0
0.922431 0.811859 0
0.942318 0.813308 0
135 3
0.942318 0.813308 0
0.922431 0.811859 0
0.943241 0.812865 0
136 3
0.947561 0.843311 0
0.943241 0.812865 0
0.922431 0.811859 0
137 3
0.915227 0.845545 0
0.947561 0.843311 0
0.922431 0.811859 0
138 3
0.948351 0.930383 0
0.947561 0.843311 0
0.915227 0.845545 0
139 3
0.948351 0.930383 0
0.915227 0.845545 0
0.916151 0.929745 0
140 3
0.948607 0.988177 0
0.948351 0.930383 0
0.916151 0.929745 0
141 3
0.948607 0.988177 0
0.916151 0.929745 0
0.917040 0.984887 0
142 3
0.530133 0.072197 0
0.530101 0.006439 0
0.459883 0.014929 0
143 3
0.419121 0.083107 0
0.530133 0.072197 0
0.459883 0.014929 0
144 3
0.989683 0.671295 0
0.990883 0.556566 0
0.919075 0.618899 0
145 3
0.645322 0.416614 0
0.781263 0.411185 0
0.781456 0.296046 0
146 3
0.645322 0.416614 0
0.781456 0.296046 0
0.645610 0.293480 0
147 3
0.781456 0.296046 0
0.779188 0.158847 0
0.644825 0.160485 0
148 3
0.781456 0.296046 0
0.644825 0.160485 0
0.645610 0.293480 0
149 3
0.777091 0.074416 0
0.778016 0.007639 0
0.647658 0.005634 0
150 3
0.777091 0.074416 0
0.647658 0.005634 0
0.645840 0.070524 0
151 3
0.989122 0.463627 0
0.918071 0.462808 0
0.919075 0.618899 0
152 3
0.467308 0.880564 0
0.480812 0.777056 0
0.438842 0.853171 0
153 3
0.467308 0.880564 0
0.508709 0.767340 0
0.480812 0.777056 0
154 3
0.990883 0.556566 0
0.989122 0.463627 0
0.919075 0.618899 0
155 3
0.990563 0.770281 0
0.989683 0.671295 0
0.919075 0.618899 0
156 3
0.919003 0.771023 0
0.990563 0.770281 0
0.919075 0.618899 0
157 3
0.136036 0.210881 0
0.059407 0.200892 0
0.084439 0.094043 0
158 3
0.467308 0.880564 0
0.485065 0.992073 0
0.508709 0.767340 0
159 3
0.530901 0.310004 0
0.645610 0.293480 0
0.644825 0.160485 0
160 3
0.530901 0.310004 0
0.644825 0.160485 0
0.529730 0.167740 0
161 3
0.426712 0.026270 0
0.419121 0.083107 0
0.459883 0.014929 0
162 3
0.395102 0.038044 0
0.363683 0.103244 0
0.426712 0.026270 0
163 3
0.419121 0.083107 0
0.426712 0.026270 0
0.363683 0.103244 0
164 3
0.530133 0.072197 0
0.645840 0.070524 0
0.647658 0.005634 0
165 3
0.530133 0.072197 0
0.647658 0.005634 0
0.530101 0.006439 0
166 3
0.400159 0.566029 0
0.438842 0.853171 0
0.480812 0.777056 0
167 3
0.400159 0.566029 0
0.481589 0.713820 0
0.478386 0.658652 0
168 3
0.481589 0.713820 0
0.400159 0.566029 0
0.480812 0.777056 0
169 3
0.400159 0.566029 0
0.478386 0.658652 0
0.487207 0.515918 0
170 3
0.104682 0.477262 0
0.108613 0.405227 0
0.126461 0.443250 0
171 3
0.066115 0.441875 0
0.069069 0.390799 0
0.108613 0.405227 0
172 3
0.104682 0.477262 0
0.066115 0.441875 0
0.108613 0.405227 0
173 3
0.029910 0.478843 0
0.011664 0.480120 0
0.030582 0.408606 0
174 3
0.069069 0.390799 0
0.066115 0.441875 0
0.030582 0.408606 0
175 3
0.116386 0.645496 0
0.085363 0.666497 0
0.116644 0.603204 0
176 3
0.117676 0.679011 0
0.085363 0.666497 0
0.116386 0.645496 0
177 3
0.316557 0.429151 0
0.398685 0.365919 0
0.314938 0.201574 0
178 3
0.316557 0.429151 0
0.363700 0.509953 0
0.398685 0.365919 0
179 3
0.108613 0.405227 0
0.069069 0.390799 0
0.059407 0.200892 0
180 3
0.108613 0.405227 0
0.059407 0.200892 0
0.136036 0.210881 0
181 3
0.127155 0.462515 0
0.104682 0.477262 0
0.126461 0.443250 0
182 3
0.069069 0.390799 0
0.030582 0.408606 0
0.059407 0.200892 0
183 3
0.400159 0.566029 0
0.363700 0.509953 0
0.324687 0.607579 0
184 3
0.011664 0.480120 0
0.029910 0.478843 0
0.023809 0.602445 0
185 3
0.029910 0.478843 0
0.065744 0.507219 0
0.023809 0.602445 0
186 3
0.065744 0.507219 0
0.066115 0.441875 0
0.104682 0.477262 0
187 3
0.029910 0.478843 0
0.066115 0.441875 0
0.065744 0.507219 0
188 3
0.065744 0.507219 0
0.104682 0.477262 0
0.086367 0.631104 0
189 3
0.065744 0.507219 0
0.086367 0.631104 0
0.023809 0.602445 0
190 3
0.023809 0.602445 0
0.086367 0.631104 0
0.085363 0.666497 0
191 3
0.124993 0.513953 0
0.086367 0.631104 0
0.127155 0.462515 0
192 3
0.086367 0.631104 0
0.116644 0.603204 0
0.085363 0.666497 0
193 3
0.124993 0.513953 0
0.116644 0.603204 0
0.086367 0.631104 0
194 3
0.086367 0.631104 0
0.104682 0.477262 0
0.127155 0.462515 0
195 3
0.838313 0.989084 0
0.890012 0.990610 0
0.782447 0.990610 0
196 3
0.634982 0.990852 0
0.493142 0.990766 0
0.641600 0.988490 0
197 3
0.493142 0.990766 0
0.485065 0.992073 0
0.641600 0.988490 0
198 3
0.493142 0.990766 0
0.437393 0.989906 0
0.485065 0.992073 0
199 3
0.437393 0.989906 0
0.412152 0.978723 0
0.412152 0.978723 0
200 3
0.437393 0.989906 0
0.412152 0.978723 0
0.437393 0.989906 0
201 3
0.493142 0.990766 0
0.437393 0.989906 0
0.437393 0.989906 0
202 3
0.890310 0.155536 0
0.804043 0.066597 0
0.782149 0.155536 0
203 3
0.890310 0.155536 0
0.871985 0.066597 0
0.804043 0.066597 0
204 3
0.939475 0.462808 0
0.919075 0.618899 0
0.918071 0.462808 0
205 3
0.871985 0.066597 0
0.871071 0.010345 0
0.804956 0.010345 0
206 3
0.871985 0.066597 0
0.804956 0.010345 0
0.804043 0.066597 0
207 3
0.891233 0.294304 0
0.782149 0.155536 0
0.783309 0.294304 0
208 3
0.891233 0.294304 0
0.890310 0.155536 0
0.782149 0.155536 0
209 3
0.891302 0.411081 0
0.783309 0.294304 0
0.783240 0.411081 0
210 3
0.891302 0.411081 0
0.891233 0.294304 0
0.783309 0.294304 0
211 3
0.891628 0.502510 0
0.783240 0.411081 0
0.782915 0.502510 0
212 3
0.891628 0.502510 0
0.891302 0.411081 0
0.783240 0.411081 0
213 3
0.889734 0.603181 0
0.782915 0.502510 0
0.782725 0.603181 0
214 3
0.889734 0.603181 0
0.891628 0.502510 0
0.782915 0.502510 0
215 3
0.890792 0.735476 0
0.782725 0.603181 0
0.781667 0.735476 0
216 3
0.890792 0.735476 0
0.889734 0.603181 0
0.782725 0.603181 0
217 3
0.890012 0.990610 0
0.781667 0.735476 0
0.782447 0.990610 0
218 3
0.890012 0.990610 0
0.890792 0.735476 0
0.781667 0.735476 0
219 3
0.634982 0.990852 0
0.641600 0.988490 0
0.777710 0.991990 0
220 3
0.136345 0.112584 0
0.136348 0.032000 0
0.185370 0.094043 0
221 3
0.136036 0.210881 0
0.136345 0.112584 0
0.185370 0.094043 0
222 3
0.116386 0.645496 0
0.155776 0.603204 0
0.156033 0.645496 0
223 3
0.116386 0.645496 0
0.116644 0.603204 0
0.155776 0.603204 0
224 3
0.117676 0.679011 0
0.156033 0.645496 0
0.154743 0.679011 0
225 3
0.116386 0.645496 0
0.156033 0.645496 0
0.117676 0.679011 0
226 3
0.108613 0.405227 0
0.136036 0.210881 0
0.168053 0.405227 0
227 3
0.126461 0.443250 0
0.168053 0.405227 0
0.154067 0.443250 0
228 3
0.126461 0.443250 0
0.108613 0.405227 0
0.168053 0.405227 0
229 3
0.127155 0.462515 0
0.154067 0.443250 0
0.153372 0.462515 0
230 3
0.126461 0.443250 0
0.154067 0.443250 0
0.127155 0.462515 0
231 3
0.151674 0.513953 0
0.155776 0.603204 0
0.116644 0.603204 0
232 3
0.124993 0.513953 0
0.151674 0.513953 0
0.116644 0.603204 0
233 3
0.153372 0.462515 0
0.151674 0.513953 0
0.124993 0.513953 0
234 3
0.127155 0.462515 0
0.153372 0.462515 0
0.124993 0.513953 0
235 3
0.480812 0.777056 0
0.481589 0.713820 0
0.512734 0.714852 0
236 3
0.990211 0.993455 0
0.989960 0.986892 0
0.958393 0.990182 0
237 3
0.990211 0.993455 0
0.958393 0.990182 0
0.965954 0.989401 0
238 3
0.508709 0.767340 0
0.644050 0.622580 0
0.640346 0.735339 0
239 3
0.640346 0.735339 0
0.644050 0.622580 0
0.779280 0.602720 0
240 3
0.640346 0.735339 0
0.779280 0.602720 0
0.778206 0.736322 0
241 3
0.779188 0.158847 0
0.645840 0.070524 0
0.777091 0.074416 0
242 3
0.644825 0.160485 0
0.645840 0.070524 0
0.779188 0.158847 0
243 3
0.644825 0.160485 0
0.530133 0.072197 0
0.645840 0.070524 0
244 3
0.529730 0.167740 0
0.530133 0.072197 0
0.644825 0.160485 0
245 3
0.529730 0.167740 0
0.419121 0.083107 0
0.530133 0.072197 0
246 3
0.409931 0.189836 0
0.419121 0.083107 0
0.529730 0.167740 0
247 3
0.530901 0.310004 0
0.645322 0.416614 0
0.534431 0.451684 0
248 3
0.509827 0.452270 0
0.530901 0.310004 0
0.534431 0.451684 0
249 3
0.509827 0.452270 0
0.398685 0.365919 0
0.530901 0.310004 0
250 3
0.645476 0.522492 0
0.781263 0.411185 0
0.780558 0.506743 0
251 3
0.645476 0.522492 0
0.645322 0.416614 0
0.781263 0.411185 0
252 3
0.553352 0.624732 0
0.645322 0.416614 0
0.645476 0.522492 0
253 3
0.553352 0.624732 0
0.557740 0.498577 0
0.645322 0.416614 0
254 3
0.644050 0.622580 0
0.780558 0.506743 0
0.779280 0.602720 0
255 3
0.644050 0.622580 0
0.645476 0.522492 0
0.780558 0.506743 0
256 3
0.437393 0.989906 0
0.412152 0.978723 0
0.485065 0.992073 0
257 3
0.412152 0.978723 0
0.467308 0.880564 0
0.485065 0.992073 0
258 3
0.965954 0.989401 0
0.990975 0.963107 0
0.990211 0.993455 0
259 3
0.398685 0.365919 0
0.509827 0.452270 0
0.487207 0.515918 0
260 3
0.986349 0.811859 0
0.994210 0.854753 0
0.966462 0.813308 0
261 3
0.966462 0.813308 0
0.965538 0.812865 0
0.986349 0.811859 0
262 3
0.961218 0.843311 0
0.986349 0.811859 0
0.965538 0.812865 0
263 3
0.993553 0.845544 0
0.986349 0.811859 0
0.961218 0.843311 0
264 3
0.960428 0.930383 0
0.993553 0.845544 0
0.961218 0.843311 0
265 3
0.960428 0.930383 0
0.992629 0.929744 0
0.993553 0.845544 0
266 3
0.958393 0.990182 0
0.992629 0.929744 0
0.960428 0.930383 0
267 3
0.958393 0.990182 0
0.989960 0.986892 0
0.992629 0.929744 0
268 3
0.530133 0.072197 0
0.459883 0.014929 0
0.530101 0.006439 0
269 3
0.419121 0.083107 0
0.459883 0.014929 0
0.530133 0.072197 0
270 3
0.990053 0.656151 0
0.919075 0.618899 0
0.990793 0.573874 0
271 3
0.645322 0.416614 0
0.781456 0.296046 0
0.781263 0.411185 0
272 3
0.645322 0.416614 0
0.645610 0.293480 0
0.781456 0.296046 0
273 3
0.781456 0.296046 0
0.644825 0.160485 0
0.779188 0.158847 0
274 3
0.781456 0.296046 0
0.645610 0.293480 0
0.644825 0.160485 0
275 3
0.777091 0.074416 0
0.647658 0.005634 0
0.778016 0.007639 0
276 3
0.777091 0.074416 0
0.645840 0.070524 0
0.647658 0.005634 0
277 3
0.989628 0.498242 0
0.919075 0.618899 0
0.939475 0.462808 0
278 3
0.467308 0.880564 0
0.438842 0.853171 0
0.480812 0.777056 0
279 3
0.467308 0.880564 0
0.480812 0.777056 0
0.508709 0.767340 0
280 3
0.990793 0.573874 0
0.919075 0.618899 0
0.989628 0.498242 0
281 3
0.989174 0.731339 0
0.919075 0.618899 0
0.990053 0.656151 0
282 3
0.919003 0.771023 0
0.919075 0.618899 0
0.989174 0.731339 0
283 3
0.136036 0.210881 0
0.185370 0.094043 0
0.212665 0.200892 0
284 3
0.467308 0.880564 0
0.508709 0.767340 0
0.485065 0.992073 0
285 3
0.530901 0.310004 0
0.644825 0.160485 0
0.645610 0.293480 0
286 3
0.530901 0.310004 0
0.529730 0.167740 0
0.644825 0.160485 0
287 3
0.426712 0.026270 0
0.459883 0.014929 0
0.419121 0.083107 0
288 3
0.395102 0.038044 0
0.426712 0.026270 0
0.363683 0.103244 0
289 3
0.419121 0.083107 0
0.363683 0.103244 0
0.426712 0.026270 0
290 3
0.530133 0.072197 0
0.647658 0.005634 0
0.645840 0.070524 0
291 3
0.530133 0.072197 0
0.530101 0.006439 0
0.647658 0.005634 0
292 3
0.400159 0.566029 0
0.480812 0.777056 0
0.438842 0.853171 0
293 3
0.400159 0.566029 0
0.478386 0.658652 0
0.481589 0.713820 0
294 3
0.481589 0.713820 0
0.480812 0.777056 0
0.400159 0.566029 0
295 3
0.400159 0.566029 0
0.487207 0.515918 0
0.478386 0.658652 0
296 3
0.175845 0.484913 0
0.154067 0.443250 0
0.168053 0.405227 0
297 3
0.214412 0.449526 0
0.168053 0.405227 0
0.207598 0.390799 0
298 3
0.175845 0.484913 0
0.168053 0.405227 0
0.214412 0.449526 0
299 3
0.250617 0.486494 0
0.245497 0.408606 0
0.261142 0.480120 0
300 3
0.207598 0.390799 0
0.245497 0.408606 0
0.214412 0.449526 0
301 3
0.156033 0.645496 0
0.155776 0.603204 0
0.191223 0.666497 0
302 3
0.154743 0.679011 0
0.156033 0.645496 0
0.191223 0.666497 0
303 3
0.316557 0.429151 0
0.314938 0.201574 0
0.398685 0.365919 0
304 3
0.316557 0.429151 0
0.398685 0.365919 0
0.363700 0.509953 0
305 3
0.168053 0.405227 0
0.212665 0.200892 0
0.207598 0.390799 0
306 3
0.168053 0.405227 0
0.136036 0.210881 0
0.212665 0.200892 0
307 3
0.153372 0.462515 0
0.154067 0.443250 0
0.175845 0.484913 0
308 3
0.207598 0.390799 0
0.212665 0.200892 0
0.245497 0.408606 0
309 3
0.400159 0.566029 0
0.324687 0.607579 0
0.363700 0.509953 0
310 3
0.261142 0.480120 0
0.248997 0.602445 0
0.250617 0.486494 0
311 3
0.250617 0.486494 0
0.248997 0.602445 0
0.214783 0.514870 0
312 3
0.214783 0.514870 0
0.175845 0.484913 0
0.214412 0.449526 0
313 3
0.214783 0.514870 0
0.214412 0.449526 0
0.250617 0.486494 0
314 3
0.214783 0.514870 0
0.190002 0.631104 0
0.175845 0.484913 0
315 3
0.214783 0.514870 0
0.248997 0.602445 0
0.190002 0.631104 0
316 3
0.248997 0.602445 0
0.191223 0.666497 0
0.190002 0.631104 0
317 3
0.151674 0.513953 0
0.153372 0.462515 0
0.190002 0.631104 0
318 3
0.190002 0.631104 0
0.191223 0.666497 0
0.155776 0.603204 0
319 3
0.151674 0.513953 0
0.190002 0.631104 0
0.155776 0.603204 0
320 3
0.190002 0.631104 0
0.153372 0.462515 0
0.175845 0.484913 0
4
0.000000 -90.000000 0.000000
0.000000 180.000000 0.000000
0.000000 0.000000 0.000000
13.832889 26.665777 18.734262
4
0.000000 0.000000 0.000000
0.000000 0.000000 0.000000
0.000000 0.000000 0.000000
10.965087 21.616926 16.291006
4
0.000000 0.000000 0.000000
0.000000 0.000000 0.000000
-1.102167 0.000000 0.000000
17.208838 5.640264 11.424551
4
-90.000000 0.000000 0.000000
0.000000 0.000000 0.000000
0.555557 0.000000 0.000000
5.288192 3.144096 9.057041
4
0.000000 0.000000 0.000000
0.000000 0.000000 0.000000
-6.834450 0.000000 0.000000
5.461402 25.935032 15.698217
