2
1
hd_ubear
D:\3DBball\Objects\M_UtahBear\UBear_LoRes\hd_ubear.tga
192
0 3
0.592370 0.450031 0
0.551447 0.346496 0
0.446083 0.577061 0
1 3
0.592370 0.450031 0
0.446083 0.577061 0
0.523531 0.607771 0
2 3
0.592370 0.450031 0
0.446083 0.577061 0
0.551447 0.346496 0
3 3
0.523531 0.607771 0
0.446083 0.577061 0
0.592370 0.450031 0
4 3
0.552378 0.345757 0
0.590828 0.449694 0
0.663474 0.390089 0
5 3
0.640359 0.531143 0
0.663474 0.390089 0
0.590828 0.449694 0
6 3
0.640359 0.531143 0
0.590828 0.449694 0
0.523232 0.611140 0
7 3
0.528157 0.678043 0
0.522903 0.609508 0
0.390441 0.760786 0
8 3
0.446083 0.577061 0
0.392457 0.761984 0
0.523531 0.607771 0
9 3
0.552378 0.345757 0
0.663474 0.390089 0
0.590828 0.449694 0
10 3
0.640359 0.531143 0
0.590828 0.449694 0
0.663474 0.390089 0
11 3
0.640359 0.531143 0
0.523232 0.611140 0
0.590828 0.449694 0
12 3
0.528157 0.678043 0
0.390441 0.760786 0
0.522903 0.609508 0
13 3
0.523531 0.607771 0
0.392457 0.761984 0
0.446083 0.577061 0
14 3
0.384134 0.945520 0
0.393992 0.760612 0
0.463110 0.865375 0
15 3
0.498431 0.799566 0
0.466612 0.865116 0
0.392457 0.759834 0
16 3
0.391938 0.761842 0
0.529215 0.677330 0
0.497052 0.797571 0
17 3
0.667792 0.596661 0
0.640359 0.531143 0
0.719832 0.462978 0
18 3
0.667792 0.596661 0
0.719832 0.462978 0
0.727780 0.618808 0
19 3
0.925511 0.615909 0
0.933415 0.463417 0
0.829069 0.479605 0
20 3
0.925511 0.615909 0
0.829069 0.479605 0
0.829098 0.637409 0
21 3
0.729001 0.615909 0
0.829098 0.637409 0
0.829069 0.479605 0
22 3
0.829069 0.479605 0
0.720737 0.463417 0
0.729001 0.615909 0
23 3
0.667792 0.596661 0
0.727780 0.618808 0
0.719832 0.462978 0
24 3
0.719832 0.462978 0
0.640359 0.531143 0
0.667792 0.596661 0
25 3
0.497051 0.797571 0
0.529215 0.677330 0
0.391938 0.761842 0
26 3
0.498431 0.799566 0
0.392457 0.759834 0
0.466612 0.865116 0
27 3
0.293839 0.998608 0
0.257363 0.947969 0
0.384134 0.945520 0
28 3
0.384134 0.945520 0
0.257363 0.947969 0
0.335012 0.858747 0
29 3
0.732227 0.656640 0
0.728430 0.620304 0
0.829498 0.629033 0
30 3
0.375194 0.714473 0
0.392457 0.761984 0
0.446083 0.577061 0
31 3
0.720737 0.463417 0
0.829069 0.479605 0
0.763261 0.415601 0
32 3
0.719832 0.462978 0
0.663474 0.390089 0
0.640359 0.531143 0
33 3
0.720737 0.463417 0
0.763261 0.415601 0
0.662706 0.390957 0
34 3
0.384134 0.945520 0
0.335012 0.858747 0
0.393992 0.760612 0
35 3
0.934956 0.657665 0
0.829497 0.629033 0
0.928048 0.618267 0
36 3
0.446083 0.577061 0
0.392457 0.761984 0
0.375194 0.714473 0
37 3
0.933415 0.463417 0
0.891189 0.415601 0
0.829069 0.479605 0
38 3
0.719832 0.462978 0
0.640359 0.531143 0
0.663474 0.390089 0
39 3
0.933415 0.463417 0
0.962985 0.395203 0
0.891189 0.415601 0
40 3
0.695439 0.730940 0
0.972676 0.868329 0
0.983377 0.996544 0
41 3
0.983377 0.996544 0
0.644579 0.863133 0
0.695439 0.730940 0
42 3
0.674770 0.167542 0
0.636176 0.287152 0
0.931909 0.398056 0
43 3
0.674770 0.167542 0
0.931909 0.398056 0
0.942861 0.273416 0
44 3
0.983377 0.996544 0
0.639409 0.996946 0
0.644579 0.863133 0
45 3
0.636176 0.287152 0
0.666228 0.398281 0
0.931909 0.398056 0
46 3
0.808432 0.678851 0
0.918404 0.728811 0
0.972676 0.868329 0
47 3
0.972676 0.868329 0
0.695439 0.730940 0
0.808432 0.678851 0
48 3
0.942861 0.273416 0
0.902259 0.143851 0
0.795268 0.102291 0
49 3
0.795268 0.102291 0
0.674770 0.167542 0
0.942861 0.273416 0
50 3
0.654307 0.140420 0
0.674770 0.167542 0
0.795268 0.102291 0
51 3
0.795268 0.102291 0
0.792776 0.073915 0
0.654307 0.140420 0
52 3
0.792776 0.073915 0
0.795268 0.102291 0
0.902259 0.143851 0
53 3
0.902259 0.143851 0
0.928641 0.137011 0
0.792776 0.073915 0
54 3
0.902259 0.143851 0
0.942861 0.273416 0
0.970014 0.261112 0
55 3
0.902259 0.143851 0
0.970014 0.261112 0
0.928641 0.137011 0
56 3
0.942861 0.273416 0
0.931909 0.398056 0
0.970014 0.261112 0
57 3
0.636176 0.287152 0
0.599911 0.286723 0
0.666228 0.398281 0
58 3
0.599911 0.286723 0
0.636176 0.287152 0
0.674770 0.167542 0
59 3
0.674770 0.167542 0
0.654307 0.140420 0
0.599911 0.286723 0
60 3
0.021620 0.690196 0
0.068888 0.645024 0
0.088223 0.779568 0
61 3
0.288769 0.779568 0
0.306447 0.644978 0
0.352929 0.670842 0
62 3
0.139000 0.492585 0
0.101220 0.557428 0
0.114571 0.425819 0
63 3
0.068888 0.645024 0
0.101220 0.557428 0
0.116409 0.670626 0
64 3
0.068888 0.645024 0
0.051745 0.563982 0
0.101220 0.557428 0
65 3
0.139000 0.492585 0
0.136941 0.597008 0
0.101220 0.557428 0
66 3
0.918714 0.728548 0
0.641485 0.998189 0
0.644434 0.866638 0
67 3
0.641485 0.998189 0
0.918714 0.728548 0
0.972837 0.866682 0
68 3
0.931782 0.170459 0
0.656896 0.398646 0
0.950247 0.287923 0
69 3
0.931782 0.170459 0
0.632737 0.297595 0
0.656896 0.398646 0
70 3
0.641485 0.998189 0
0.972837 0.866682 0
0.991915 0.996175 0
71 3
0.950247 0.287923 0
0.656896 0.398646 0
0.925941 0.398599 0
72 3
0.810214 0.679293 0
0.644434 0.866638 0
0.694631 0.730874 0
73 3
0.644434 0.866638 0
0.810214 0.679293 0
0.918714 0.728548 0
74 3
0.632737 0.297595 0
0.800159 0.110774 0
0.670922 0.157788 0
75 3
0.800159 0.110774 0
0.632737 0.297595 0
0.931782 0.170459 0
76 3
0.958489 0.151747 0
0.800159 0.110774 0
0.931782 0.170459 0
77 3
0.800159 0.110774 0
0.958489 0.151747 0
0.800640 0.064974 0
78 3
0.800640 0.064974 0
0.670922 0.157788 0
0.800159 0.110774 0
79 3
0.670922 0.157788 0
0.800640 0.064974 0
0.649164 0.131397 0
80 3
0.670922 0.157788 0
0.603519 0.285094 0
0.632737 0.297595 0
81 3
0.670922 0.157788 0
0.649164 0.131397 0
0.603519 0.285094 0
82 3
0.632737 0.297595 0
0.603519 0.285094 0
0.656896 0.398646 0
83 3
0.950247 0.287923 0
0.925941 0.398599 0
0.985105 0.278707 0
84 3
0.985105 0.278707 0
0.931782 0.170459 0
0.950247 0.287923 0
85 3
0.931782 0.170459 0
0.985105 0.278707 0
0.958489 0.151747 0
86 3
0.088223 0.779568 0
0.068888 0.645024 0
0.116409 0.670626 0
87 3
0.160181 0.676122 0
0.116409 0.670626 0
0.136941 0.597008 0
88 3
0.101220 0.557428 0
0.136941 0.597008 0
0.116409 0.670626 0
89 3
0.160181 0.676122 0
0.142008 0.776380 0
0.116409 0.670626 0
90 3
0.088223 0.779568 0
0.116409 0.670626 0
0.142008 0.776380 0
91 3
0.190405 0.319342 0
0.193213 0.390303 0
0.270430 0.454182 0
92 3
0.407647 0.423465 0
0.270430 0.454182 0
0.324748 0.570805 0
93 3
0.338093 0.346353 0
0.270430 0.454182 0
0.407647 0.423465 0
94 3
0.446083 0.577061 0
0.407647 0.423465 0
0.324748 0.570805 0
95 3
0.446083 0.577061 0
0.324748 0.570805 0
0.351650 0.670118 0
96 3
0.338093 0.346353 0
0.190405 0.319342 0
0.270430 0.454182 0
97 3
0.446083 0.577061 0
0.351650 0.670118 0
0.375194 0.714473 0
98 3
0.341435 0.162751 0
0.217746 0.138472 0
0.190405 0.319342 0
99 3
0.763261 0.415601 0
0.829069 0.479605 0
0.827225 0.415601 0
100 3
0.763261 0.415601 0
0.827225 0.415601 0
0.826843 0.192818 0
101 3
0.340678 0.162814 0
0.338480 0.002124 0
0.216966 0.137007 0
102 3
0.826843 0.046545 0
0.826843 0.000166 0
0.722269 0.030936 0
103 3
0.722269 0.169553 0
0.826843 0.192818 0
0.826843 0.046545 0
104 3
0.826843 0.046545 0
0.722269 0.030936 0
0.722269 0.169553 0
105 3
0.505665 0.010174 0
0.340678 0.162814 0
0.468268 0.234160 0
106 3
0.763261 0.415601 0
0.722269 0.169553 0
0.662706 0.390957 0
107 3
0.551447 0.346496 0
0.466910 0.234895 0
0.407647 0.423465 0
108 3
0.598025 0.203776 0
0.549596 0.347441 0
0.662079 0.392514 0
109 3
0.598025 0.203776 0
0.469943 0.233110 0
0.549596 0.347441 0
110 3
0.446083 0.577061 0
0.551447 0.346496 0
0.407647 0.423465 0
111 3
0.338093 0.346353 0
0.407647 0.423465 0
0.466910 0.234895 0
112 3
0.826843 0.192818 0
0.722269 0.169553 0
0.763261 0.415601 0
113 3
0.657844 0.131910 0
0.662706 0.390957 0
0.722269 0.169553 0
114 3
0.338093 0.346353 0
0.341435 0.162751 0
0.190405 0.319342 0
115 3
0.338480 0.002124 0
0.340678 0.162814 0
0.505665 0.010174 0
116 3
0.598025 0.203776 0
0.504553 0.010675 0
0.469943 0.233110 0
117 3
0.338093 0.346353 0
0.466910 0.234895 0
0.341435 0.162751 0
118 3
0.657844 0.131910 0
0.722269 0.169553 0
0.722269 0.030936 0
119 3
0.746780 0.574840 0
0.830601 0.607461 0
0.830696 0.629612 0
120 3
0.090898 0.780634 0
0.066016 0.858514 0
0.021620 0.690196 0
121 3
0.746780 0.574840 0
0.830696 0.629612 0
0.726298 0.619509 0
122 3
0.090898 0.780634 0
0.103758 0.919277 0
0.066016 0.858514 0
123 3
0.186381 0.481992 0
0.139000 0.492585 0
0.187896 0.388969 0
124 3
0.068888 0.645024 0
0.021620 0.690196 0
0.051745 0.563982 0
125 3
0.139000 0.492585 0
0.114571 0.425819 0
0.187896 0.388969 0
126 3
0.101220 0.557428 0
0.051745 0.563982 0
0.114571 0.425819 0
127 3
0.139000 0.492585 0
0.186381 0.481992 0
0.188323 0.588187 0
128 3
0.160181 0.676122 0
0.188323 0.588187 0
0.188187 0.675902 0
129 3
0.160181 0.676122 0
0.188187 0.675902 0
0.188464 0.772349 0
130 3
0.746780 0.574840 0
0.826435 0.564319 0
0.830601 0.607461 0
131 3
0.188385 0.772060 0
0.190393 0.949834 0
0.144721 0.774969 0
132 3
0.144721 0.774969 0
0.103758 0.919277 0
0.090898 0.780634 0
133 3
0.188464 0.772349 0
0.142008 0.776380 0
0.160181 0.676122 0
134 3
0.136941 0.597008 0
0.188323 0.588187 0
0.160181 0.676122 0
135 3
0.190393 0.949834 0
0.103758 0.919277 0
0.144721 0.774969 0
136 3
0.136941 0.597008 0
0.139000 0.492585 0
0.188323 0.588187 0
137 3
0.233762 0.492585 0
0.270204 0.454159 0
0.275846 0.557428 0
138 3
0.306447 0.644978 0
0.264601 0.672753 0
0.275846 0.557428 0
139 3
0.306447 0.644978 0
0.275846 0.557428 0
0.324455 0.569617 0
140 3
0.233762 0.492585 0
0.275846 0.557428 0
0.231372 0.599159 0
141 3
0.288769 0.779568 0
0.264601 0.672753 0
0.306447 0.644978 0
142 3
0.216193 0.676122 0
0.231372 0.599159 0
0.264601 0.672753 0
143 3
0.275846 0.557428 0
0.264601 0.672753 0
0.231372 0.599159 0
144 3
0.216193 0.676122 0
0.264601 0.672753 0
0.234920 0.776380 0
145 3
0.288769 0.779568 0
0.234920 0.776380 0
0.264601 0.672753 0
146 3
0.190405 0.319342 0
0.270430 0.454182 0
0.193213 0.390303 0
147 3
0.407647 0.423465 0
0.324748 0.570805 0
0.270430 0.454182 0
148 3
0.338093 0.346353 0
0.407647 0.423465 0
0.270430 0.454182 0
149 3
0.446083 0.577061 0
0.351650 0.670118 0
0.324748 0.570805 0
150 3
0.446083 0.577061 0
0.324748 0.570805 0
0.407647 0.423465 0
151 3
0.338093 0.346353 0
0.270430 0.454182 0
0.190405 0.319342 0
152 3
0.375194 0.714473 0
0.351650 0.670118 0
0.446083 0.577061 0
153 3
0.341435 0.162751 0
0.190405 0.319342 0
0.217746 0.138472 0
154 3
0.891189 0.415601 0
0.827225 0.415601 0
0.829069 0.479605 0
155 3
0.891189 0.415601 0
0.826843 0.192818 0
0.827225 0.415601 0
156 3
0.340678 0.162814 0
0.216966 0.137007 0
0.338480 0.002124 0
157 3
0.826843 0.046545 0
0.931416 0.030936 0
0.826843 0.000166 0
158 3
0.931416 0.169553 0
0.826843 0.046545 0
0.826843 0.192818 0
159 3
0.826843 0.046545 0
0.931416 0.169553 0
0.931416 0.030936 0
160 3
0.505664 0.010174 0
0.468267 0.234160 0
0.340678 0.162814 0
161 3
0.891189 0.415601 0
0.962985 0.395203 0
0.931416 0.169553 0
162 3
0.551447 0.346496 0
0.407647 0.423465 0
0.466910 0.234895 0
163 3
0.598025 0.203776 0
0.662079 0.392514 0
0.549596 0.347441 0
164 3
0.598025 0.203776 0
0.549596 0.347441 0
0.469942 0.233110 0
165 3
0.446083 0.577061 0
0.407647 0.423465 0
0.551447 0.346496 0
166 3
0.338093 0.346353 0
0.466910 0.234895 0
0.407647 0.423465 0
167 3
0.826843 0.192818 0
0.891189 0.415601 0
0.931416 0.169553 0
168 3
0.995703 0.131910 0
0.931416 0.169553 0
0.962985 0.395203 0
169 3
0.338093 0.346353 0
0.190405 0.319342 0
0.341435 0.162751 0
170 3
0.338480 0.002124 0
0.505664 0.010174 0
0.340678 0.162814 0
171 3
0.598025 0.203776 0
0.469942 0.233110 0
0.504552 0.010675 0
172 3
0.338093 0.346353 0
0.341435 0.162751 0
0.466910 0.234895 0
173 3
0.995703 0.131910 0
0.931416 0.030936 0
0.931416 0.169553 0
174 3
0.890191 0.576401 0
0.830696 0.629612 0
0.830601 0.607461 0
175 3
0.287957 0.778483 0
0.352929 0.670842 0
0.305553 0.845748 0
176 3
0.890191 0.576401 0
0.929148 0.617440 0
0.830696 0.629612 0
177 3
0.287957 0.778483 0
0.305553 0.845748 0
0.269338 0.921404 0
178 3
0.186381 0.481992 0
0.187896 0.388969 0
0.233762 0.492585 0
179 3
0.306447 0.644978 0
0.324455 0.569617 0
0.352929 0.670842 0
180 3
0.233762 0.492585 0
0.187896 0.388969 0
0.270204 0.454159 0
181 3
0.275846 0.557428 0
0.270204 0.454159 0
0.324455 0.569617 0
182 3
0.233762 0.492585 0
0.188323 0.588187 0
0.186381 0.481992 0
183 3
0.216193 0.676122 0
0.188187 0.675902 0
0.188323 0.588187 0
184 3
0.216193 0.676122 0
0.188464 0.772349 0
0.188187 0.675902 0
185 3
0.890191 0.576401 0
0.830601 0.607461 0
0.826435 0.564319 0
186 3
0.188385 0.772060 0
0.236217 0.772818 0
0.190393 0.949834 0
187 3
0.236217 0.772818 0
0.287957 0.778483 0
0.269338 0.921404 0
188 3
0.188464 0.772349 0
0.216193 0.676122 0
0.234920 0.776380 0
189 3
0.231372 0.599159 0
0.216193 0.676122 0
0.188323 0.588187 0
190 3
0.190393 0.949834 0
0.236217 0.772818 0
0.269338 0.921404 0
191 3
0.231372 0.599159 0
0.188323 0.588187 0
0.233762 0.492585 0
4
0.000000 0.000000 0.000000
0.000000 0.000000 0.000000
0.000000 0.000000 0.000000
1.000000 1.000000 1.000000
