1
1
Seattle\LWO\hd_vbake.tga
313
0 3
0.624717 0.708793 0
0.624932 0.991323 0
0.751295 0.991399 0
1 3
0.751295 0.991399 0
0.624932 0.991323 0
0.624717 0.708793 0
2 3
0.751295 0.991399 0
0.750157 0.693350 0
0.624717 0.708793 0
3 3
0.624717 0.708793 0
0.750157 0.693350 0
0.751295 0.991399 0
4 3
0.289995 0.162005 0
0.205376 0.331823 0
0.175380 0.177010 0
5 3
0.142142 0.331823 0
0.086894 0.292265 0
0.060984 0.162005 0
6 3
0.205376 0.331823 0
0.289995 0.162005 0
0.260355 0.292265 0
7 3
0.142142 0.331823 0
0.060984 0.162005 0
0.175380 0.177010 0
8 3
0.175380 0.177010 0
0.060984 0.162005 0
0.072381 0.073828 0
9 3
0.175380 0.177010 0
0.072381 0.073828 0
0.175763 0.080251 0
10 3
0.175380 0.177010 0
0.175763 0.080251 0
0.279488 0.073828 0
11 3
0.175380 0.177010 0
0.279488 0.073828 0
0.289995 0.162005 0
12 3
0.581235 0.441764 0
0.570917 0.576335 0
0.633790 0.569547 0
13 3
0.633790 0.569547 0
0.646976 0.394761 0
0.581235 0.441764 0
14 3
0.633790 0.569547 0
0.570917 0.576335 0
0.581235 0.441764 0
15 3
0.581235 0.441764 0
0.646976 0.394761 0
0.633790 0.569547 0
16 3
0.750989 0.560402 0
0.751165 0.387592 0
0.646976 0.394761 0
17 3
0.646976 0.394761 0
0.633790 0.569547 0
0.750989 0.560402 0
18 3
0.887325 0.388732 0
0.750453 0.388732 0
0.750580 0.560583 0
19 3
0.887325 0.388732 0
0.750580 0.560583 0
0.887109 0.560583 0
20 3
0.646976 0.394761 0
0.751165 0.387592 0
0.750989 0.560402 0
21 3
0.750989 0.560402 0
0.633790 0.569547 0
0.646976 0.394761 0
22 3
0.624717 0.708793 0
0.750989 0.560402 0
0.633790 0.569547 0
23 3
0.624717 0.708793 0
0.750157 0.693350 0
0.750989 0.560402 0
24 3
0.624717 0.708793 0
0.633790 0.569547 0
0.750989 0.560402 0
25 3
0.624717 0.708793 0
0.750989 0.560402 0
0.750157 0.693350 0
26 3
0.887045 0.695508 0
0.750580 0.560583 0
0.750617 0.695508 0
27 3
0.887045 0.695508 0
0.887109 0.560583 0
0.750580 0.560583 0
28 3
0.887078 0.992441 0
0.750617 0.695508 0
0.750598 0.992441 0
29 3
0.624932 0.991323 0
0.624717 0.708793 0
0.510413 0.734922 0
30 3
0.510413 0.734922 0
0.624717 0.708793 0
0.624932 0.991323 0
31 3
0.526170 0.248877 0
0.639879 0.232794 0
0.630806 0.118590 0
32 3
0.526170 0.248877 0
0.630806 0.118590 0
0.513406 0.120038 0
33 3
0.526170 0.248877 0
0.513406 0.120038 0
0.630806 0.118590 0
34 3
0.526170 0.248877 0
0.630806 0.118590 0
0.639879 0.232794 0
35 3
0.509569 0.629878 0
0.536045 0.406786 0
0.470755 0.603350 0
36 3
0.470755 0.603350 0
0.482656 0.647395 0
0.509569 0.629878 0
37 3
0.470755 0.603350 0
0.536045 0.406786 0
0.509569 0.629878 0
38 3
0.509569 0.629878 0
0.482656 0.647395 0
0.470755 0.603350 0
39 3
0.408292 0.526609 0
0.419932 0.891507 0
0.467826 0.751121 0
40 3
0.408292 0.526609 0
0.467826 0.751121 0
0.468678 0.661322 0
41 3
0.408292 0.526609 0
0.468678 0.661322 0
0.470755 0.603350 0
42 3
0.467826 0.751121 0
0.419932 0.891507 0
0.408292 0.526609 0
43 3
0.408292 0.526609 0
0.470755 0.603350 0
0.468678 0.661322 0
44 3
0.408292 0.526609 0
0.468678 0.661322 0
0.467826 0.751121 0
45 3
0.405590 0.961154 0
0.419932 0.891507 0
0.260814 0.962544 0
46 3
0.260814 0.962544 0
0.214330 0.995395 0
0.405590 0.961154 0
47 3
0.260814 0.962544 0
0.419932 0.891507 0
0.405590 0.961154 0
48 3
0.405590 0.961154 0
0.214330 0.995395 0
0.260814 0.962544 0
49 3
0.520452 0.393966 0
0.526170 0.248877 0
0.396021 0.275660 0
50 3
0.520452 0.393966 0
0.396021 0.275660 0
0.526170 0.248877 0
51 3
0.396021 0.275660 0
0.499748 0.433856 0
0.520452 0.393966 0
52 3
0.396021 0.275660 0
0.520452 0.393966 0
0.499748 0.433856 0
53 3
0.405590 0.961154 0
0.463305 0.914211 0
0.419932 0.891507 0
54 3
0.419932 0.891507 0
0.463305 0.914211 0
0.405590 0.961154 0
55 3
0.419932 0.891507 0
0.408292 0.526609 0
0.316461 0.578868 0
56 3
0.419932 0.891507 0
0.295331 0.772920 0
0.316461 0.578868 0
57 3
0.419932 0.891507 0
0.316461 0.578868 0
0.295331 0.772920 0
58 3
0.419932 0.891507 0
0.316461 0.578868 0
0.408292 0.526609 0
59 3
0.419932 0.891507 0
0.295331 0.772920 0
0.274768 0.865561 0
60 3
0.419932 0.891507 0
0.274768 0.865561 0
0.295331 0.772920 0
61 3
0.138058 0.954276 0
0.085005 0.960939 0
0.070909 0.865303 0
62 3
0.275653 0.865303 0
0.261136 0.960939 0
0.208501 0.954276 0
63 3
0.142427 0.893093 0
0.138058 0.954276 0
0.070909 0.865303 0
64 3
0.205091 0.893203 0
0.275653 0.865303 0
0.208501 0.954276 0
65 3
0.468678 0.661322 0
0.467826 0.751121 0
0.510413 0.734922 0
66 3
0.468678 0.661322 0
0.510413 0.734922 0
0.517560 0.656418 0
67 3
0.468678 0.661322 0
0.517560 0.656418 0
0.510413 0.734922 0
68 3
0.468678 0.661322 0
0.510413 0.734922 0
0.467826 0.751121 0
69 3
0.102855 0.784815 0
0.121443 0.661777 0
0.148912 0.748652 0
70 3
0.148912 0.748652 0
0.149236 0.792937 0
0.102855 0.784815 0
71 3
0.198606 0.748652 0
0.226075 0.661777 0
0.244663 0.785567 0
72 3
0.244663 0.785567 0
0.198282 0.792904 0
0.198606 0.748652 0
73 3
0.149236 0.792937 0
0.148912 0.748652 0
0.198606 0.748652 0
74 3
0.149236 0.792937 0
0.198606 0.748652 0
0.198282 0.792904 0
75 3
0.148912 0.748652 0
0.162508 0.688517 0
0.185010 0.688517 0
76 3
0.185010 0.688517 0
0.198606 0.748652 0
0.148912 0.748652 0
77 3
0.226075 0.661777 0
0.198606 0.748652 0
0.185010 0.688517 0
78 3
0.162508 0.688517 0
0.148912 0.748652 0
0.121443 0.661777 0
79 3
0.142427 0.893093 0
0.205091 0.893203 0
0.208501 0.954276 0
80 3
0.142427 0.893093 0
0.208501 0.954276 0
0.138058 0.954276 0
81 3
0.405590 0.961154 0
0.405590 0.961154 0
0.214330 0.995395 0
82 3
0.405590 0.961154 0
0.214330 0.995395 0
0.214330 0.995395 0
83 3
0.130196 0.995050 0
0.138058 0.954276 0
0.208501 0.954276 0
84 3
0.130196 0.995050 0
0.208501 0.954276 0
0.216689 0.995050 0
85 3
0.085005 0.960939 0
0.138058 0.954276 0
0.130196 0.995050 0
86 3
0.261136 0.960939 0
0.216689 0.995050 0
0.208501 0.954276 0
87 3
0.526170 0.248877 0
0.548290 0.395226 0
0.646976 0.394761 0
88 3
0.526170 0.248877 0
0.639879 0.232794 0
0.646976 0.394761 0
89 3
0.548290 0.395226 0
0.581235 0.441764 0
0.646976 0.394761 0
90 3
0.646976 0.394761 0
0.581235 0.441764 0
0.548290 0.395226 0
91 3
0.290866 0.162904 0
0.396021 0.275660 0
0.389957 0.135798 0
92 3
0.290866 0.162904 0
0.389957 0.135798 0
0.388563 0.065446 0
93 3
0.290866 0.162904 0
0.388563 0.065446 0
0.389957 0.135798 0
94 3
0.290866 0.162904 0
0.389957 0.135798 0
0.396021 0.275660 0
95 3
0.536045 0.406786 0
0.499748 0.433856 0
0.470755 0.603350 0
96 3
0.470755 0.603350 0
0.499748 0.433856 0
0.536045 0.406786 0
97 3
0.570917 0.576335 0
0.517560 0.656418 0
0.633790 0.569547 0
98 3
0.633790 0.569547 0
0.517560 0.656418 0
0.570917 0.576335 0
99 3
0.205091 0.893203 0
0.197220 0.855568 0
0.244663 0.785567 0
100 3
0.275653 0.865303 0
0.205091 0.893203 0
0.244663 0.785567 0
101 3
0.197220 0.855568 0
0.205091 0.893203 0
0.142427 0.893093 0
102 3
0.197220 0.855568 0
0.142427 0.893093 0
0.150298 0.855558 0
103 3
0.197220 0.855568 0
0.150298 0.855558 0
0.173759 0.802539 0
104 3
0.150298 0.855558 0
0.149204 0.802384 0
0.173759 0.802539 0
105 3
0.102855 0.784815 0
0.150298 0.855558 0
0.142427 0.893093 0
106 3
0.197220 0.855568 0
0.173759 0.802539 0
0.198314 0.802391 0
107 3
0.197220 0.855568 0
0.198314 0.802391 0
0.244663 0.785567 0
108 3
0.102855 0.784815 0
0.149204 0.802384 0
0.150298 0.855558 0
109 3
0.070909 0.865303 0
0.102855 0.784815 0
0.142427 0.893093 0
110 3
0.029207 0.578189 0
0.121443 0.661777 0
0.052337 0.772029 0
111 3
0.294222 0.772029 0
0.226075 0.661777 0
0.317768 0.578189 0
112 3
0.244663 0.785567 0
0.226075 0.661777 0
0.294222 0.772029 0
113 3
0.102855 0.784815 0
0.070909 0.865303 0
0.052337 0.772029 0
114 3
0.102855 0.784815 0
0.052337 0.772029 0
0.121443 0.661777 0
115 3
0.244663 0.785567 0
0.294222 0.772029 0
0.275653 0.865303 0
116 3
0.054268 0.446131 0
0.063653 0.409068 0
0.092845 0.408313 0
117 3
0.039551 0.294058 0
0.063653 0.409068 0
0.054268 0.446131 0
118 3
0.092845 0.408313 0
0.063653 0.409068 0
0.039551 0.294058 0
119 3
0.254673 0.408313 0
0.283866 0.409068 0
0.293250 0.446131 0
120 3
0.307968 0.294058 0
0.283866 0.409068 0
0.254673 0.408313 0
121 3
0.293250 0.446131 0
0.283866 0.409068 0
0.307968 0.294058 0
122 3
0.388563 0.065446 0
0.278917 0.072618 0
0.290866 0.162904 0
123 3
0.290866 0.162904 0
0.278917 0.072618 0
0.388563 0.065446 0
124 3
0.389957 0.135798 0
0.396021 0.275660 0
0.526170 0.248877 0
125 3
0.526170 0.248877 0
0.513406 0.120038 0
0.389957 0.135798 0
126 3
0.526170 0.248877 0
0.396021 0.275660 0
0.389957 0.135798 0
127 3
0.389957 0.135798 0
0.513406 0.120038 0
0.526170 0.248877 0
128 3
0.408292 0.526609 0
0.499748 0.433856 0
0.396021 0.275660 0
129 3
0.396021 0.275660 0
0.337224 0.444716 0
0.408292 0.526609 0
130 3
0.396021 0.275660 0
0.499748 0.433856 0
0.408292 0.526609 0
131 3
0.408292 0.526609 0
0.337224 0.444716 0
0.396021 0.275660 0
132 3
0.510413 0.734922 0
0.492107 0.992235 0
0.624932 0.991323 0
133 3
0.624932 0.991323 0
0.492107 0.992235 0
0.510413 0.734922 0
134 3
0.536045 0.406786 0
0.509569 0.629878 0
0.549165 0.552323 0
135 3
0.549165 0.552323 0
0.563211 0.449679 0
0.536045 0.406786 0
136 3
0.536045 0.406786 0
0.563211 0.449679 0
0.549165 0.552323 0
137 3
0.536045 0.406786 0
0.549165 0.552323 0
0.509569 0.629878 0
138 3
0.517560 0.656418 0
0.510413 0.734922 0
0.633790 0.569547 0
139 3
0.517560 0.656418 0
0.633790 0.569547 0
0.510413 0.734922 0
140 3
0.260814 0.962544 0
0.419932 0.891507 0
0.274768 0.865561 0
141 3
0.260814 0.962544 0
0.274768 0.865561 0
0.419932 0.891507 0
142 3
0.622293 0.991766 0
0.624932 0.991323 0
0.503556 0.992827 0
143 3
0.503556 0.992827 0
0.624932 0.991323 0
0.492107 0.992235 0
144 3
0.503556 0.992827 0
0.492107 0.992235 0
0.425163 0.991392 0
145 3
0.622293 0.991766 0
0.751295 0.991399 0
0.624932 0.991323 0
146 3
0.175763 0.080251 0
0.072381 0.073828 0
0.175588 0.018437 0
147 3
0.913210 0.989616 0
0.992597 0.983135 0
0.912942 0.979940 0
148 3
0.913210 0.989616 0
0.992767 0.986765 0
0.992597 0.983135 0
149 3
0.510413 0.734922 0
0.624717 0.708793 0
0.633790 0.569547 0
150 3
0.751068 0.118590 0
0.751132 0.049476 0
0.624414 0.051141 0
151 3
0.630806 0.118590 0
0.751068 0.118590 0
0.624414 0.051141 0
152 3
0.630806 0.118590 0
0.624414 0.051141 0
0.501874 0.050313 0
153 3
0.513406 0.120038 0
0.630806 0.118590 0
0.501874 0.050313 0
154 3
0.513406 0.120038 0
0.501874 0.050313 0
0.388563 0.065446 0
155 3
0.389957 0.135798 0
0.513406 0.120038 0
0.388563 0.065446 0
156 3
0.526170 0.248877 0
0.646976 0.394761 0
0.639879 0.232794 0
157 3
0.520452 0.393966 0
0.548290 0.395226 0
0.526170 0.248877 0
158 3
0.425163 0.991392 0
0.492107 0.992235 0
0.405590 0.961154 0
159 3
0.405590 0.961154 0
0.492107 0.992235 0
0.463305 0.914211 0
160 3
0.992767 0.986765 0
0.913210 0.989616 0
0.913274 0.953728 0
161 3
0.913127 0.834864 0
0.912838 0.811540 0
0.992617 0.820143 0
162 3
0.992617 0.820143 0
0.912838 0.811540 0
0.992501 0.821076 0
163 3
0.992419 0.842361 0
0.992501 0.821076 0
0.912838 0.811540 0
164 3
0.912608 0.838351 0
0.992419 0.842361 0
0.912838 0.811540 0
165 3
0.992472 0.935379 0
0.992419 0.842361 0
0.912608 0.838351 0
166 3
0.992472 0.935379 0
0.912608 0.838351 0
0.912685 0.934054 0
167 3
0.992597 0.983135 0
0.992472 0.935379 0
0.912685 0.934054 0
168 3
0.992597 0.983135 0
0.912685 0.934054 0
0.912942 0.979940 0
169 3
0.501874 0.050313 0
0.496351 0.005722 0
0.425149 0.006262 0
170 3
0.388563 0.065446 0
0.501874 0.050313 0
0.425149 0.006262 0
171 3
0.993382 0.562554 0
0.991922 0.616708 0
0.913974 0.607527 0
172 3
0.646976 0.394761 0
0.751165 0.387592 0
0.750737 0.231779 0
173 3
0.646976 0.394761 0
0.750737 0.231779 0
0.639879 0.232794 0
174 3
0.750737 0.231779 0
0.751068 0.118590 0
0.630806 0.118590 0
175 3
0.750737 0.231779 0
0.630806 0.118590 0
0.639879 0.232794 0
176 3
0.751132 0.049476 0
0.751254 0.004951 0
0.609378 0.005153 0
177 3
0.751132 0.049476 0
0.609378 0.005153 0
0.624414 0.051141 0
178 3
0.960305 0.747503 0
0.913580 0.748398 0
0.913974 0.607527 0
179 3
0.463305 0.914211 0
0.467826 0.751121 0
0.419932 0.891507 0
180 3
0.463305 0.914211 0
0.510413 0.734922 0
0.467826 0.751121 0
181 3
0.991922 0.616708 0
0.960305 0.747503 0
0.913974 0.607527 0
182 3
0.958425 0.444779 0
0.993382 0.562554 0
0.913974 0.607527 0
183 3
0.914269 0.443827 0
0.958425 0.444779 0
0.913974 0.607527 0
184 3
0.463305 0.914211 0
0.492107 0.992235 0
0.510413 0.734922 0
185 3
0.278709 0.005288 0
0.388563 0.065446 0
0.425149 0.006262 0
186 3
0.175588 0.018437 0
0.072381 0.073828 0
0.073645 0.004951 0
187 3
0.388563 0.065446 0
0.278709 0.005288 0
0.278917 0.072618 0
188 3
0.501874 0.050313 0
0.624414 0.051141 0
0.609378 0.005153 0
189 3
0.501874 0.050313 0
0.609378 0.005153 0
0.496351 0.005722 0
190 3
0.408292 0.526609 0
0.470755 0.603350 0
0.499748 0.433856 0
191 3
0.127923 0.449822 0
0.142142 0.331823 0
0.157045 0.381591 0
192 3
0.092845 0.408313 0
0.086894 0.292265 0
0.142142 0.331823 0
193 3
0.127923 0.449822 0
0.092845 0.408313 0
0.142142 0.331823 0
194 3
0.054268 0.446131 0
0.017993 0.443633 0
0.039551 0.294058 0
195 3
0.086894 0.292265 0
0.092845 0.408313 0
0.039551 0.294058 0
196 3
0.156853 0.657198 0
0.121443 0.661777 0
0.157127 0.606333 0
197 3
0.162508 0.688517 0
0.121443 0.661777 0
0.156853 0.657198 0
198 3
0.308516 0.295623 0
0.396021 0.275660 0
0.290866 0.162904 0
199 3
0.308516 0.295623 0
0.337224 0.444716 0
0.396021 0.275660 0
200 3
0.157786 0.436949 0
0.127923 0.449822 0
0.157045 0.381591 0
201 3
0.086894 0.292265 0
0.039551 0.294058 0
0.060984 0.162005 0
202 3
0.408292 0.526609 0
0.337224 0.444716 0
0.316461 0.578868 0
203 3
0.017993 0.443633 0
0.054268 0.446131 0
0.029207 0.578189 0
204 3
0.054268 0.446131 0
0.092451 0.473601 0
0.029207 0.578189 0
205 3
0.092451 0.473601 0
0.092845 0.408313 0
0.127923 0.449822 0
206 3
0.054268 0.446131 0
0.092845 0.408313 0
0.092451 0.473601 0
207 3
0.092451 0.473601 0
0.127923 0.449822 0
0.122512 0.609074 0
208 3
0.092451 0.473601 0
0.122512 0.609074 0
0.029207 0.578189 0
209 3
0.029207 0.578189 0
0.122512 0.609074 0
0.121443 0.661777 0
210 3
0.161704 0.492146 0
0.122512 0.609074 0
0.157786 0.436949 0
211 3
0.122512 0.609074 0
0.157127 0.606333 0
0.121443 0.661777 0
212 3
0.161704 0.492146 0
0.157127 0.606333 0
0.122512 0.609074 0
213 3
0.122512 0.609074 0
0.127923 0.449822 0
0.157786 0.436949 0
214 3
0.802083 0.992827 0
0.887078 0.992441 0
0.750598 0.992441 0
215 3
0.622293 0.991766 0
0.503556 0.992827 0
0.624932 0.991323 0
216 3
0.503556 0.992827 0
0.492107 0.992235 0
0.624932 0.991323 0
217 3
0.503556 0.992827 0
0.425163 0.991392 0
0.492107 0.992235 0
218 3
0.425163 0.991392 0
0.405590 0.961154 0
0.405590 0.961154 0
219 3
0.425163 0.991392 0
0.405590 0.961154 0
0.425163 0.991392 0
220 3
0.503556 0.992827 0
0.425163 0.991392 0
0.425163 0.991392 0
221 3
0.887087 0.119856 0
0.750862 0.049140 0
0.750593 0.119856 0
222 3
0.887087 0.119856 0
0.886629 0.049140 0
0.750862 0.049140 0
223 3
0.958618 0.748356 0
0.913974 0.607527 0
0.913580 0.748398 0
224 3
0.886629 0.049140 0
0.886167 0.004951 0
0.751134 0.004951 0
225 3
0.886629 0.049140 0
0.751134 0.004951 0
0.750862 0.049140 0
226 3
0.887292 0.232142 0
0.750593 0.119856 0
0.750472 0.232142 0
227 3
0.887292 0.232142 0
0.887087 0.119856 0
0.750593 0.119856 0
228 3
0.887325 0.388732 0
0.750472 0.232142 0
0.750453 0.388732 0
229 3
0.887325 0.388732 0
0.887292 0.232142 0
0.750472 0.232142 0
230 3
0.887078 0.992441 0
0.887045 0.695508 0
0.750617 0.695508 0
231 3
0.622293 0.991766 0
0.624932 0.991323 0
0.751295 0.991399 0
232 3
0.175763 0.080251 0
0.175588 0.018437 0
0.279488 0.073828 0
233 3
0.156853 0.657198 0
0.190391 0.606333 0
0.190665 0.657198 0
234 3
0.156853 0.657198 0
0.157127 0.606333 0
0.190391 0.606333 0
235 3
0.162508 0.688517 0
0.190665 0.657198 0
0.185010 0.688517 0
236 3
0.156853 0.657198 0
0.190665 0.657198 0
0.162508 0.688517 0
237 3
0.142142 0.331823 0
0.175380 0.177010 0
0.205376 0.331823 0
238 3
0.157045 0.381591 0
0.205376 0.331823 0
0.190473 0.381591 0
239 3
0.157045 0.381591 0
0.142142 0.331823 0
0.205376 0.331823 0
240 3
0.157786 0.436949 0
0.190473 0.381591 0
0.189733 0.436949 0
241 3
0.157045 0.381591 0
0.190473 0.381591 0
0.157786 0.436949 0
242 3
0.185814 0.492146 0
0.190391 0.606333 0
0.157127 0.606333 0
243 3
0.161704 0.492146 0
0.185814 0.492146 0
0.157127 0.606333 0
244 3
0.189733 0.436949 0
0.185814 0.492146 0
0.161704 0.492146 0
245 3
0.157786 0.436949 0
0.189733 0.436949 0
0.161704 0.492146 0
246 3
0.913210 0.989616 0
0.912942 0.979940 0
0.992597 0.983135 0
247 3
0.913210 0.989616 0
0.992597 0.983135 0
0.992767 0.986765 0
248 3
0.510413 0.734922 0
0.633790 0.569547 0
0.624717 0.708793 0
249 3
0.751068 0.118590 0
0.624414 0.051141 0
0.751132 0.049476 0
250 3
0.630806 0.118590 0
0.624414 0.051141 0
0.751068 0.118590 0
251 3
0.630806 0.118590 0
0.501874 0.050313 0
0.624414 0.051141 0
252 3
0.513406 0.120038 0
0.501874 0.050313 0
0.630806 0.118590 0
253 3
0.513406 0.120038 0
0.388563 0.065446 0
0.501874 0.050313 0
254 3
0.389957 0.135798 0
0.388563 0.065446 0
0.513406 0.120038 0
255 3
0.526170 0.248877 0
0.646976 0.394761 0
0.548290 0.395226 0
256 3
0.520452 0.393966 0
0.526170 0.248877 0
0.548290 0.395226 0
257 3
0.425163 0.991392 0
0.405590 0.961154 0
0.492107 0.992235 0
258 3
0.405590 0.961154 0
0.463305 0.914211 0
0.492107 0.992235 0
259 3
0.992767 0.986765 0
0.913274 0.953728 0
0.913210 0.989616 0
260 3
0.912838 0.811540 0
0.913127 0.834864 0
0.992617 0.820143 0
261 3
0.992617 0.820143 0
0.992501 0.821076 0
0.912838 0.811540 0
262 3
0.992419 0.842361 0
0.912838 0.811540 0
0.992501 0.821076 0
263 3
0.912608 0.838351 0
0.912838 0.811540 0
0.992419 0.842361 0
264 3
0.992472 0.935379 0
0.912608 0.838351 0
0.992419 0.842361 0
265 3
0.992472 0.935379 0
0.912685 0.934054 0
0.912608 0.838351 0
266 3
0.992597 0.983135 0
0.912685 0.934054 0
0.992472 0.935379 0
267 3
0.992597 0.983135 0
0.912942 0.979940 0
0.912685 0.934054 0
268 3
0.501874 0.050313 0
0.425149 0.006262 0
0.496351 0.005722 0
269 3
0.388563 0.065446 0
0.425149 0.006262 0
0.501874 0.050313 0
270 3
0.991746 0.561211 0
0.913974 0.607527 0
0.991670 0.615374 0
271 3
0.646976 0.394761 0
0.750737 0.231779 0
0.751165 0.387592 0
272 3
0.646976 0.394761 0
0.639879 0.232794 0
0.750737 0.231779 0
273 3
0.750737 0.231779 0
0.630806 0.118590 0
0.751068 0.118590 0
274 3
0.750737 0.231779 0
0.639879 0.232794 0
0.630806 0.118590 0
275 3
0.751132 0.049476 0
0.609378 0.005153 0
0.751254 0.004951 0
276 3
0.751132 0.049476 0
0.624414 0.051141 0
0.609378 0.005153 0
277 3
0.973347 0.688666 0
0.913974 0.607527 0
0.958618 0.748356 0
278 3
0.463305 0.914211 0
0.419932 0.891507 0
0.467826 0.751121 0
279 3
0.463305 0.914211 0
0.467826 0.751121 0
0.510413 0.734922 0
280 3
0.991670 0.615374 0
0.913974 0.607527 0
0.973347 0.688666 0
281 3
0.959074 0.443761 0
0.913974 0.607527 0
0.991746 0.561211 0
282 3
0.914269 0.443827 0
0.913974 0.607527 0
0.959074 0.443761 0
283 3
0.463305 0.914211 0
0.510413 0.734922 0
0.492107 0.992235 0
284 3
0.278709 0.005288 0
0.425149 0.006262 0
0.388563 0.065446 0
285 3
0.175588 0.018437 0
0.278338 0.004951 0
0.279488 0.073828 0
286 3
0.388563 0.065446 0
0.278917 0.072618 0
0.278709 0.005288 0
287 3
0.501874 0.050313 0
0.609378 0.005153 0
0.624414 0.051141 0
288 3
0.501874 0.050313 0
0.496351 0.005722 0
0.609378 0.005153 0
289 3
0.408292 0.526609 0
0.499748 0.433856 0
0.470755 0.603350 0
290 3
0.219595 0.449822 0
0.190473 0.381591 0
0.205376 0.331823 0
291 3
0.254673 0.408313 0
0.205376 0.331823 0
0.260355 0.292265 0
292 3
0.219595 0.449822 0
0.205376 0.331823 0
0.254673 0.408313 0
293 3
0.293250 0.446131 0
0.307968 0.294058 0
0.337858 0.443633 0
294 3
0.260355 0.292265 0
0.307968 0.294058 0
0.254673 0.408313 0
295 3
0.190665 0.657198 0
0.190391 0.606333 0
0.226075 0.661777 0
296 3
0.185010 0.688517 0
0.190665 0.657198 0
0.226075 0.661777 0
297 3
0.308516 0.295623 0
0.290866 0.162904 0
0.396021 0.275660 0
298 3
0.308516 0.295623 0
0.396021 0.275660 0
0.337224 0.444716 0
299 3
0.189733 0.436949 0
0.190473 0.381591 0
0.219595 0.449822 0
300 3
0.260355 0.292265 0
0.289995 0.162005 0
0.307968 0.294058 0
301 3
0.408292 0.526609 0
0.316461 0.578868 0
0.337224 0.444716 0
302 3
0.337858 0.443633 0
0.317768 0.578189 0
0.293250 0.446131 0
303 3
0.293250 0.446131 0
0.317768 0.578189 0
0.255068 0.473601 0
304 3
0.255068 0.473601 0
0.219595 0.449822 0
0.254673 0.408313 0
305 3
0.255068 0.473601 0
0.254673 0.408313 0
0.293250 0.446131 0
306 3
0.255068 0.473601 0
0.224774 0.609074 0
0.219595 0.449822 0
307 3
0.255068 0.473601 0
0.317768 0.578189 0
0.224774 0.609074 0
308 3
0.317768 0.578189 0
0.226075 0.661777 0
0.224774 0.609074 0
309 3
0.185814 0.492146 0
0.189733 0.436949 0
0.224774 0.609074 0
310 3
0.224774 0.609074 0
0.226075 0.661777 0
0.190391 0.606333 0
311 3
0.185814 0.492146 0
0.224774 0.609074 0
0.190391 0.606333 0
312 3
0.224774 0.609074 0
0.189733 0.436949 0
0.219595 0.449822 0
4
0.000000 0.000000 0.000000
0.000000 0.000000 0.000000
0.000000 0.000000 0.000000
1.000000 1.000000 1.000000
