2
1
hd_wolfm
D:\3DBball\Objects\U_Wolfman\Wolfman_LoRes\hd_wolfm.TGA
270
0 3
0.356931 0.960231 0
0.276335 0.949099 0
0.256737 0.992361 0
1 3
0.356931 0.960231 0
0.337669 0.928828 0
0.276335 0.949099 0
2 3
0.356931 0.960231 0
0.276335 0.949099 0
0.337669 0.928828 0
3 3
0.255933 0.992826 0
0.276335 0.949099 0
0.356931 0.960231 0
4 3
0.392862 0.869852 0
0.433074 0.912007 0
0.462097 0.810736 0
5 3
0.392862 0.869852 0
0.462097 0.810736 0
0.433074 0.912007 0
6 3
0.433074 0.912007 0
0.462097 0.810736 0
0.537967 0.865639 0
7 3
0.381971 0.976565 0
0.255933 0.992826 0
0.356931 0.960231 0
8 3
0.381971 0.976565 0
0.356931 0.960231 0
0.432956 0.911530 0
9 3
0.381971 0.976565 0
0.356931 0.960231 0
0.256737 0.992361 0
10 3
0.381971 0.976565 0
0.432956 0.911530 0
0.356931 0.960231 0
11 3
0.337669 0.928828 0
0.356931 0.960231 0
0.392862 0.869852 0
12 3
0.433074 0.912007 0
0.392862 0.869852 0
0.356931 0.960231 0
13 3
0.337669 0.928828 0
0.392862 0.869852 0
0.356931 0.960231 0
14 3
0.356931 0.960231 0
0.392862 0.869852 0
0.433074 0.912007 0
15 3
0.470188 0.723427 0
0.462097 0.810736 0
0.573692 0.809171 0
16 3
0.470188 0.723427 0
0.573692 0.809171 0
0.462097 0.810736 0
17 3
0.573692 0.809171 0
0.462097 0.810736 0
0.537967 0.865639 0
18 3
0.537967 0.865639 0
0.462097 0.810736 0
0.433074 0.912007 0
19 3
0.573692 0.809171 0
0.537967 0.865639 0
0.462097 0.810736 0
20 3
0.479781 0.182223 0
0.310295 0.380024 0
0.481527 0.343632 0
21 3
0.479781 0.182223 0
0.375200 0.183761 0
0.310295 0.380024 0
22 3
0.310295 0.380024 0
0.375200 0.183761 0
0.479781 0.182223 0
23 3
0.310295 0.380024 0
0.479781 0.182223 0
0.481527 0.343632 0
24 3
0.481527 0.343632 0
0.310295 0.380024 0
0.477131 0.460508 0
25 3
0.310295 0.380024 0
0.481527 0.343632 0
0.477131 0.460508 0
26 3
0.541325 0.996225 0
0.537967 0.865639 0
0.453837 0.996049 0
27 3
0.453837 0.996049 0
0.537967 0.865639 0
0.433074 0.912007 0
28 3
0.453837 0.996049 0
0.537967 0.865639 0
0.541324 0.996225 0
29 3
0.453837 0.996049 0
0.433074 0.912007 0
0.537967 0.865639 0
30 3
0.453814 0.996577 0
0.541671 0.996571 0
0.541325 0.996225 0
31 3
0.453837 0.996049 0
0.453814 0.996577 0
0.541325 0.996225 0
32 3
0.541671 0.996571 0
0.453814 0.996577 0
0.541324 0.996225 0
33 3
0.453814 0.996577 0
0.453837 0.996049 0
0.541324 0.996225 0
34 3
0.209863 0.074967 0
0.400439 0.073124 0
0.387926 0.003959 0
35 3
0.275073 0.195372 0
0.310295 0.380024 0
0.375200 0.183761 0
36 3
0.222363 0.003999 0
0.276986 0.194746 0
0.412939 0.002156 0
37 3
0.372748 0.184450 0
0.412939 0.002156 0
0.276986 0.194746 0
38 3
0.209863 0.074967 0
0.387926 0.003959 0
0.400439 0.073124 0
39 3
0.275073 0.195372 0
0.375200 0.183761 0
0.310295 0.380024 0
40 3
0.222363 0.003999 0
0.412939 0.002156 0
0.276986 0.194746 0
41 3
0.372748 0.184450 0
0.276986 0.194746 0
0.412939 0.002156 0
42 3
0.518289 0.438839 0
0.481527 0.343632 0
0.477131 0.460508 0
43 3
0.477131 0.460508 0
0.481527 0.343632 0
0.518291 0.438855 0
44 3
0.995766 0.783970 0
0.994649 0.746643 0
0.944184 0.746603 0
45 3
0.944960 0.784712 0
0.995766 0.783970 0
0.944184 0.746603 0
46 3
0.947626 0.430908 0
0.998027 0.392162 0
0.945855 0.392260 0
47 3
1.000154 0.432003 0
0.998027 0.392162 0
0.947626 0.430908 0
48 3
0.996820 0.822562 0
0.995766 0.783970 0
0.944960 0.784712 0
49 3
0.525395 0.485864 0
0.605693 0.424638 0
0.518289 0.438839 0
50 3
0.522493 0.560602 0
0.605693 0.424638 0
0.525395 0.485864 0
51 3
0.525439 0.485791 0
0.605693 0.424638 0
0.522493 0.560602 0
52 3
0.518291 0.438855 0
0.605693 0.424638 0
0.525439 0.485791 0
53 3
1.000154 0.432003 0
0.947626 0.430908 0
0.945766 0.473795 0
54 3
0.431204 0.726235 0
0.392862 0.869852 0
0.462097 0.810736 0
55 3
0.462097 0.810736 0
0.470188 0.723427 0
0.431204 0.726235 0
56 3
0.997630 0.938528 0
0.997710 0.900582 0
0.945397 0.900757 0
57 3
0.945397 0.900757 0
0.943965 0.938010 0
0.997630 0.938528 0
58 3
0.462097 0.810736 0
0.392862 0.869852 0
0.431204 0.726235 0
59 3
0.431204 0.726235 0
0.470188 0.723427 0
0.462097 0.810736 0
60 3
0.999296 0.609779 0
0.999731 0.564577 0
0.946806 0.565392 0
61 3
0.999296 0.609779 0
0.946806 0.565392 0
0.946953 0.609942 0
62 3
0.541671 0.996571 0
0.701638 0.996923 0
0.701638 0.996923 0
63 3
0.541324 0.996225 0
0.537967 0.865639 0
0.701638 0.996923 0
64 3
0.537967 0.865639 0
0.701257 0.881616 0
0.701638 0.996923 0
65 3
0.537967 0.865639 0
0.573692 0.809171 0
0.700590 0.826626 0
66 3
0.537967 0.865639 0
0.700590 0.826626 0
0.701257 0.881616 0
67 3
0.919037 0.077008 0
0.799704 0.017053 0
0.692428 0.077008 0
68 3
0.926997 0.169135 0
0.931537 0.006040 0
0.704928 0.006040 0
69 3
0.926997 0.169135 0
0.704928 0.006040 0
0.702901 0.169135 0
70 3
0.926304 0.407340 0
0.701779 0.168178 0
0.701400 0.407340 0
71 3
0.926304 0.407340 0
0.925679 0.168178 0
0.701779 0.168178 0
72 3
0.924306 0.828669 0
0.701400 0.407340 0
0.699286 0.828669 0
73 3
0.924306 0.828669 0
0.926304 0.407340 0
0.701400 0.407340 0
74 3
0.926702 0.884395 0
0.703515 0.828131 0
0.703720 0.884395 0
75 3
0.926702 0.884395 0
0.926959 0.828131 0
0.703515 0.828131 0
76 3
0.925513 0.997796 0
0.703720 0.884395 0
0.701277 0.997796 0
77 3
0.925513 0.997796 0
0.926702 0.884395 0
0.703720 0.884395 0
78 3
0.522493 0.560602 0
0.572935 0.809703 0
0.605693 0.424638 0
79 3
0.518289 0.438839 0
0.605693 0.424638 0
0.481527 0.343632 0
80 3
0.507425 0.629163 0
0.572935 0.809703 0
0.522493 0.560602 0
81 3
0.470188 0.723427 0
0.572210 0.808381 0
0.507425 0.629163 0
82 3
0.541671 0.996571 0
0.701638 0.996923 0
0.541325 0.996225 0
83 3
0.997630 0.938528 0
0.943965 0.938010 0
0.996440 0.986351 0
84 3
0.438497 0.617875 0
0.429722 0.718129 0
0.476413 0.690232 0
85 3
0.438497 0.617875 0
0.476413 0.690232 0
0.498094 0.630769 0
86 3
0.438497 0.617875 0
0.498094 0.630769 0
0.518706 0.557695 0
87 3
0.449972 0.541859 0
0.438497 0.617875 0
0.518706 0.557695 0
88 3
0.449972 0.541859 0
0.518706 0.557695 0
0.517104 0.480929 0
89 3
0.449972 0.541859 0
0.517104 0.480929 0
0.498672 0.445024 0
90 3
0.449972 0.541859 0
0.498672 0.445024 0
0.471043 0.454392 0
91 3
0.994051 0.701754 0
0.944184 0.746603 0
0.994649 0.746643 0
92 3
0.944232 0.823774 0
0.996820 0.822562 0
0.944960 0.784712 0
93 3
0.996518 0.862302 0
0.996820 0.822562 0
0.944232 0.823774 0
94 3
0.996518 0.862302 0
0.944232 0.823774 0
0.944647 0.860627 0
95 3
0.997710 0.900582 0
0.996518 0.862302 0
0.944647 0.860627 0
96 3
0.997710 0.900582 0
0.944647 0.860627 0
0.945397 0.900757 0
97 3
0.372748 0.184450 0
0.480695 0.180675 0
0.459899 0.004943 0
98 3
0.541325 0.996225 0
0.701638 0.996923 0
0.537967 0.865639 0
99 3
0.537967 0.865639 0
0.701638 0.996923 0
0.701257 0.881616 0
100 3
0.700590 0.826626 0
0.573692 0.809171 0
0.537967 0.865639 0
101 3
0.572935 0.809703 0
0.699452 0.825043 0
0.700589 0.408063 0
102 3
0.572935 0.809703 0
0.700589 0.408063 0
0.605693 0.424638 0
103 3
0.700589 0.408063 0
0.700412 0.169327 0
0.584833 0.174683 0
104 3
0.700589 0.408063 0
0.584833 0.174683 0
0.605693 0.424638 0
105 3
0.700510 0.170157 0
0.703673 0.004504 0
0.606436 0.004996 0
106 3
0.700510 0.170157 0
0.606436 0.004996 0
0.586066 0.173565 0
107 3
0.516852 0.075963 0
0.691173 0.075471 0
0.387926 0.003959 0
108 3
0.447399 0.075911 0
0.516852 0.075963 0
0.387926 0.003959 0
109 3
0.400439 0.073124 0
0.447399 0.075911 0
0.387926 0.003959 0
110 3
0.537967 0.865639 0
0.701257 0.881616 0
0.700590 0.826626 0
111 3
0.481527 0.343632 0
0.605693 0.424638 0
0.584833 0.174683 0
112 3
0.481527 0.343632 0
0.584833 0.174683 0
0.479781 0.182223 0
113 3
0.412939 0.002156 0
0.372748 0.184450 0
0.459899 0.004943 0
114 3
0.480695 0.180675 0
0.586066 0.173565 0
0.606436 0.004996 0
115 3
0.480695 0.180675 0
0.606436 0.004996 0
0.459899 0.004943 0
116 3
0.522493 0.560602 0
0.605693 0.424638 0
0.572935 0.809703 0
117 3
0.518291 0.438855 0
0.481527 0.343632 0
0.605693 0.424638 0
118 3
0.507425 0.633584 0
0.522493 0.560602 0
0.572935 0.809703 0
119 3
0.470188 0.723427 0
0.507425 0.633584 0
0.572210 0.808381 0
120 3
0.541671 0.996571 0
0.541324 0.996225 0
0.701638 0.996923 0
121 3
0.946953 0.609942 0
0.947389 0.662253 0
0.999296 0.609779 0
122 3
0.438497 0.622393 0
0.475861 0.689496 0
0.429797 0.718450 0
123 3
0.438497 0.622393 0
0.498094 0.630769 0
0.475861 0.689496 0
124 3
0.438497 0.622393 0
0.518551 0.557700 0
0.498094 0.630769 0
125 3
0.449972 0.541859 0
0.518551 0.557700 0
0.438497 0.622393 0
126 3
0.449972 0.541859 0
0.517039 0.481016 0
0.518551 0.557700 0
127 3
0.449972 0.541859 0
0.498682 0.445004 0
0.517039 0.481016 0
128 3
0.449972 0.541859 0
0.471043 0.454392 0
0.498682 0.445004 0
129 3
0.946466 0.347111 0
0.945855 0.392260 0
0.998027 0.392162 0
130 3
0.998798 0.475226 0
1.000154 0.432003 0
0.945766 0.473795 0
131 3
0.947729 0.519141 0
0.998798 0.475226 0
0.945766 0.473795 0
132 3
0.947729 0.519141 0
0.999659 0.518484 0
0.998798 0.475226 0
133 3
0.946806 0.565392 0
0.999659 0.518484 0
0.947729 0.519141 0
134 3
0.946806 0.565392 0
0.999731 0.564577 0
0.999659 0.518484 0
135 3
0.372748 0.184450 0
0.459899 0.004943 0
0.480695 0.180675 0
136 3
0.572935 0.809703 0
0.700589 0.408063 0
0.699452 0.825043 0
137 3
0.572935 0.809703 0
0.605693 0.424638 0
0.700589 0.408063 0
138 3
0.700518 0.409315 0
0.583656 0.173517 0
0.699184 0.170287 0
139 3
0.700589 0.408063 0
0.605693 0.424638 0
0.584833 0.174683 0
140 3
0.700510 0.170157 0
0.606436 0.004996 0
0.703673 0.004504 0
141 3
0.700510 0.170157 0
0.586066 0.173565 0
0.606436 0.004996 0
142 3
0.516852 0.075963 0
0.387926 0.003959 0
0.691173 0.075471 0
143 3
0.447399 0.075911 0
0.387926 0.003959 0
0.516852 0.075963 0
144 3
0.400439 0.073124 0
0.387926 0.003959 0
0.447399 0.075911 0
145 3
0.481527 0.343632 0
0.584833 0.174683 0
0.605693 0.424638 0
146 3
0.481527 0.343632 0
0.479781 0.182223 0
0.584833 0.174683 0
147 3
0.412939 0.002156 0
0.459899 0.004943 0
0.372748 0.184450 0
148 3
0.480695 0.180675 0
0.606436 0.004996 0
0.586066 0.173565 0
149 3
0.480695 0.180675 0
0.459899 0.004943 0
0.606436 0.004996 0
150 3
0.431204 0.726235 0
0.385715 0.532023 0
0.392862 0.869852 0
151 3
0.431204 0.726235 0
0.392862 0.869852 0
0.385715 0.532023 0
152 3
0.256737 0.992361 0
0.255933 0.992826 0
0.381971 0.976565 0
153 3
0.381971 0.976565 0
0.256737 0.992361 0
0.381971 0.976565 0
154 3
0.227222 0.960568 0
0.147777 0.878098 0
0.219667 0.877514 0
155 3
0.227222 0.960568 0
0.137876 0.960568 0
0.147777 0.878098 0
156 3
0.256880 0.991691 0
0.137876 0.960568 0
0.227222 0.960568 0
157 3
0.105330 0.993383 0
0.137876 0.960568 0
0.256880 0.991691 0
158 3
0.072144 0.476657 0
0.049868 0.378649 0
0.107532 0.434048 0
159 3
0.288425 0.476657 0
0.253037 0.434048 0
0.310559 0.378649 0
160 3
0.393100 0.997232 0
0.453814 0.996577 0
0.453837 0.996049 0
161 3
0.453814 0.996577 0
0.393100 0.997232 0
0.453837 0.996049 0
162 3
0.393100 0.997232 0
0.381971 0.976565 0
0.381971 0.976565 0
163 3
0.393100 0.997232 0
0.381971 0.976565 0
0.393100 0.997232 0
164 3
0.453814 0.996577 0
0.393100 0.997232 0
0.393100 0.997232 0
165 3
0.393100 0.997232 0
0.453837 0.996049 0
0.381971 0.976565 0
166 3
0.381971 0.976565 0
0.453837 0.996049 0
0.432956 0.911530 0
167 3
0.182159 0.195112 0
0.276986 0.194746 0
0.222363 0.003999 0
168 3
0.385715 0.532023 0
0.431204 0.726235 0
0.437513 0.618214 0
169 3
0.385715 0.532023 0
0.448513 0.539611 0
0.477131 0.460508 0
170 3
0.385715 0.532023 0
0.437513 0.618214 0
0.448513 0.539611 0
171 3
0.146756 0.470602 0
0.149820 0.423189 0
0.164903 0.466221 0
172 3
0.107886 0.432784 0
0.101158 0.371971 0
0.149820 0.423189 0
173 3
0.146756 0.470602 0
0.107886 0.432784 0
0.149820 0.423189 0
174 3
0.072144 0.476657 0
0.042355 0.477668 0
0.049868 0.378649 0
175 3
0.101158 0.371971 0
0.107886 0.432784 0
0.049868 0.378649 0
176 3
0.164816 0.599758 0
0.133940 0.628729 0
0.165784 0.491804 0
177 3
0.164020 0.640291 0
0.133940 0.628729 0
0.164816 0.599758 0
178 3
0.318348 0.480794 0
0.385715 0.532023 0
0.477131 0.460508 0
179 3
0.318348 0.480794 0
0.477131 0.460508 0
0.310295 0.380024 0
180 3
0.149820 0.423189 0
0.101158 0.371971 0
0.085369 0.196929 0
181 3
0.149820 0.423189 0
0.085369 0.196929 0
0.180775 0.195569 0
182 3
0.165599 0.490484 0
0.146756 0.470602 0
0.164903 0.466221 0
183 3
0.101158 0.371971 0
0.049868 0.378649 0
0.085369 0.196929 0
184 3
0.385715 0.532023 0
0.318348 0.480794 0
0.302832 0.563018 0
185 3
0.042355 0.477668 0
0.072144 0.476657 0
0.057808 0.564959 0
186 3
0.072144 0.476657 0
0.107427 0.490435 0
0.057808 0.564959 0
187 3
0.107427 0.490435 0
0.107886 0.432784 0
0.146756 0.470602 0
188 3
0.072144 0.476657 0
0.107886 0.432784 0
0.107427 0.490435 0
189 3
0.107427 0.490435 0
0.146756 0.470602 0
0.138462 0.537254 0
190 3
0.107427 0.490435 0
0.138462 0.537254 0
0.057808 0.564959 0
191 3
0.057808 0.564959 0
0.138462 0.537254 0
0.133940 0.628729 0
192 3
0.138462 0.537254 0
0.165784 0.491804 0
0.133940 0.628729 0
193 3
0.138462 0.537254 0
0.146756 0.470602 0
0.165599 0.490484 0
194 3
0.393100 0.997232 0
0.381971 0.976565 0
0.453837 0.996049 0
195 3
0.381971 0.976565 0
0.432956 0.911530 0
0.453837 0.996049 0
196 3
0.182159 0.195112 0
0.222363 0.003999 0
0.276986 0.194746 0
197 3
0.385715 0.532023 0
0.435430 0.616184 0
0.431204 0.726235 0
198 3
0.385715 0.532023 0
0.477131 0.460508 0
0.448513 0.539611 0
199 3
0.385715 0.532023 0
0.448513 0.539611 0
0.435430 0.616184 0
200 3
0.213471 0.470602 0
0.195671 0.466221 0
0.210678 0.423189 0
201 3
0.252683 0.432784 0
0.210678 0.423189 0
0.259887 0.371971 0
202 3
0.213471 0.470602 0
0.210678 0.423189 0
0.252683 0.432784 0
203 3
0.288425 0.476657 0
0.310559 0.378649 0
0.318467 0.477668 0
204 3
0.259887 0.371971 0
0.310559 0.378649 0
0.252683 0.432784 0
205 3
0.164816 0.599758 0
0.195059 0.491862 0
0.195219 0.599758 0
206 3
0.164816 0.599758 0
0.165784 0.491804 0
0.195059 0.491862 0
207 3
0.195219 0.599758 0
0.195059 0.491862 0
0.227560 0.631622 0
208 3
0.164020 0.640291 0
0.195219 0.599758 0
0.190483 0.640291 0
209 3
0.164816 0.599758 0
0.195219 0.599758 0
0.164020 0.640291 0
210 3
0.190483 0.640291 0
0.195219 0.599758 0
0.227560 0.631622 0
211 3
0.318348 0.480794 0
0.477131 0.460508 0
0.385715 0.532023 0
212 3
0.318348 0.480794 0
0.310295 0.380024 0
0.477131 0.460508 0
213 3
0.210678 0.423189 0
0.275328 0.196929 0
0.259887 0.371971 0
214 3
0.210678 0.423189 0
0.180775 0.195569 0
0.275328 0.196929 0
215 3
0.149820 0.423189 0
0.180775 0.195569 0
0.210678 0.423189 0
216 3
0.195229 0.490452 0
0.195671 0.466221 0
0.213471 0.470602 0
217 3
0.164903 0.466221 0
0.210678 0.423189 0
0.195671 0.466221 0
218 3
0.164903 0.466221 0
0.149820 0.423189 0
0.210678 0.423189 0
219 3
0.165599 0.490484 0
0.195671 0.466221 0
0.195229 0.490452 0
220 3
0.164903 0.466221 0
0.195671 0.466221 0
0.165599 0.490484 0
221 3
0.259887 0.371971 0
0.275328 0.196929 0
0.310559 0.378649 0
222 3
0.385715 0.532023 0
0.302832 0.563018 0
0.318348 0.480794 0
223 3
0.318467 0.477668 0
0.302550 0.564959 0
0.288425 0.476657 0
224 3
0.288425 0.476657 0
0.302550 0.564959 0
0.253142 0.490435 0
225 3
0.253142 0.490435 0
0.213471 0.470602 0
0.252683 0.432784 0
226 3
0.288425 0.476657 0
0.253142 0.490435 0
0.252683 0.432784 0
227 3
0.253142 0.490435 0
0.222748 0.537254 0
0.213471 0.470602 0
228 3
0.253142 0.490435 0
0.302550 0.564959 0
0.222748 0.537254 0
229 3
0.302550 0.564959 0
0.227560 0.631622 0
0.222748 0.537254 0
230 3
0.222748 0.537254 0
0.227560 0.631622 0
0.195059 0.491862 0
231 3
0.222748 0.537254 0
0.195229 0.490452 0
0.213471 0.470602 0
232 3
0.137876 0.960568 0
0.085436 0.948746 0
0.147777 0.878098 0
233 3
0.219667 0.877514 0
0.276361 0.948746 0
0.227222 0.960568 0
234 3
0.102718 0.863333 0
0.147777 0.878098 0
0.085436 0.948746 0
235 3
0.256184 0.863333 0
0.276361 0.948746 0
0.219667 0.877514 0
236 3
0.085436 0.948746 0
0.137876 0.960568 0
0.105330 0.993383 0
237 3
0.276361 0.948746 0
0.256880 0.991691 0
0.227222 0.960568 0
238 3
0.337669 0.928828 0
0.385715 0.532023 0
0.302832 0.563018 0
239 3
0.337669 0.928828 0
0.271506 0.772646 0
0.302832 0.563018 0
240 3
0.337669 0.928828 0
0.302832 0.563018 0
0.271506 0.772646 0
241 3
0.337669 0.928828 0
0.302832 0.563018 0
0.385715 0.532023 0
242 3
0.256184 0.863333 0
0.219667 0.877514 0
0.253549 0.760088 0
243 3
0.102718 0.863333 0
0.112609 0.759267 0
0.147777 0.878098 0
244 3
0.057808 0.564959 0
0.133940 0.628729 0
0.086321 0.775550 0
245 3
0.272221 0.775550 0
0.227560 0.631622 0
0.302550 0.564959 0
246 3
0.253549 0.760088 0
0.227560 0.631622 0
0.272221 0.775550 0
247 3
0.112609 0.759267 0
0.102718 0.863333 0
0.086321 0.775550 0
248 3
0.112609 0.759267 0
0.086321 0.775550 0
0.133940 0.628729 0
249 3
0.253549 0.760088 0
0.272221 0.775550 0
0.256184 0.863333 0
250 3
0.276335 0.949099 0
0.337669 0.928828 0
0.255935 0.861820 0
251 3
0.271506 0.772646 0
0.255935 0.861820 0
0.337669 0.928828 0
252 3
0.271506 0.772646 0
0.337669 0.928828 0
0.255935 0.861820 0
253 3
0.276335 0.949099 0
0.255935 0.861820 0
0.337669 0.928828 0
254 3
0.385715 0.532023 0
0.337669 0.928828 0
0.392862 0.869852 0
255 3
0.385715 0.532023 0
0.392862 0.869852 0
0.337669 0.928828 0
256 3
0.112609 0.759267 0
0.133940 0.628729 0
0.158308 0.712991 0
257 3
0.158308 0.712991 0
0.148135 0.783646 0
0.112609 0.759267 0
258 3
0.202694 0.712988 0
0.227560 0.631622 0
0.253549 0.760088 0
259 3
0.253549 0.760088 0
0.215170 0.783605 0
0.202694 0.712988 0
260 3
0.148135 0.783646 0
0.158308 0.712991 0
0.202694 0.712988 0
261 3
0.148135 0.783646 0
0.202694 0.712988 0
0.215170 0.783605 0
262 3
0.158308 0.712991 0
0.164020 0.640291 0
0.190483 0.640291 0
263 3
0.190483 0.640291 0
0.202694 0.712988 0
0.158308 0.712991 0
264 3
0.227560 0.631622 0
0.202694 0.712988 0
0.190483 0.640291 0
265 3
0.164020 0.640291 0
0.158308 0.712991 0
0.133940 0.628729 0
266 3
0.219667 0.877514 0
0.213644 0.784799 0
0.253549 0.760088 0
267 3
0.213644 0.784799 0
0.219667 0.877514 0
0.147777 0.878098 0
268 3
0.213644 0.784799 0
0.147777 0.878098 0
0.147782 0.784783 0
269 3
0.112609 0.759267 0
0.147782 0.784783 0
0.147777 0.878098 0
4
0.000000 0.000000 0.000000
0.000000 0.000000 0.000000
0.000000 0.000000 0.000000
1.000000 1.000000 1.000000
