2
1
hd_wlin
MIDWAY\NBAonNBC\NbaPlayer\CP_ChearLeader\hd_cl.tga
365
0 3
0.886418 0.045548 0
0.886549 0.021343 0
0.924466 0.010733 0
1 3
0.886418 0.045548 0
0.924466 0.010733 0
0.886549 0.021343 0
2 3
0.886857 0.024246 0
0.924466 0.010733 0
0.886549 0.021343 0
3 3
0.924224 0.042135 0
0.886418 0.045548 0
0.924466 0.010733 0
4 3
0.886857 0.024246 0
0.886549 0.021343 0
0.924466 0.010733 0
5 3
0.924224 0.042135 0
0.924466 0.010733 0
0.886418 0.045548 0
6 3
0.920599 0.158427 0
0.882537 0.140404 0
0.920294 0.142613 0
7 3
0.920599 0.158427 0
0.882905 0.156571 0
0.882537 0.140404 0
8 3
0.886451 0.097536 0
0.886418 0.045548 0
0.924224 0.042135 0
9 3
0.886451 0.097536 0
0.924224 0.042135 0
0.924253 0.096271 0
10 3
0.882537 0.140404 0
0.886451 0.097536 0
0.924253 0.096271 0
11 3
0.882537 0.140404 0
0.924253 0.096271 0
0.920294 0.142613 0
12 3
0.920599 0.158427 0
0.920294 0.142613 0
0.882537 0.140404 0
13 3
0.920599 0.158427 0
0.882537 0.140404 0
0.882905 0.156571 0
14 3
0.886451 0.097536 0
0.924224 0.042135 0
0.886418 0.045548 0
15 3
0.886451 0.097536 0
0.924253 0.096271 0
0.924224 0.042135 0
16 3
0.882537 0.140404 0
0.924253 0.096271 0
0.886451 0.097536 0
17 3
0.882537 0.140404 0
0.920294 0.142613 0
0.924253 0.096271 0
18 3
0.877810 0.746695 0
0.992258 0.916010 0
0.992261 0.915016 0
19 3
0.879718 0.886104 0
0.994530 0.995913 0
0.993270 0.842941 0
20 3
0.993270 0.842941 0
0.994530 0.995913 0
0.879715 0.887034 0
21 3
0.993270 0.842941 0
0.993561 0.728776 0
0.880087 0.728996 0
22 3
0.880087 0.728996 0
0.879718 0.886104 0
0.993270 0.842941 0
23 3
0.877810 0.746695 0
0.992261 0.915016 0
0.992672 0.747078 0
24 3
0.878007 0.467487 0
0.877810 0.746695 0
0.992672 0.747078 0
25 3
0.992672 0.747078 0
0.993235 0.623341 0
0.878007 0.467487 0
26 3
0.992585 0.747562 0
0.877810 0.746695 0
0.878007 0.467487 0
27 3
0.878007 0.467487 0
0.993235 0.623341 0
0.992585 0.747562 0
28 3
0.877810 0.746695 0
0.992585 0.747562 0
0.992258 0.916010 0
29 3
0.993270 0.842941 0
0.879715 0.887034 0
0.880009 0.729448 0
30 3
0.993270 0.842941 0
0.880009 0.729448 0
0.993561 0.728776 0
31 3
0.993561 0.728776 0
0.993646 0.580613 0
0.880592 0.613238 0
32 3
0.880592 0.613238 0
0.880087 0.728996 0
0.993561 0.728776 0
33 3
0.993561 0.728776 0
0.880009 0.729448 0
0.880592 0.613238 0
34 3
0.993561 0.728776 0
0.880592 0.613238 0
0.993646 0.580613 0
35 3
0.879685 0.467194 0
0.880592 0.613238 0
0.993646 0.580613 0
36 3
0.993646 0.580613 0
0.993233 0.466972 0
0.879685 0.467194 0
37 3
0.993235 0.623341 0
0.992225 0.467231 0
0.878007 0.467487 0
38 3
0.993235 0.623341 0
0.878007 0.467487 0
0.992225 0.467231 0
39 3
0.993646 0.580613 0
0.880592 0.613238 0
0.879685 0.467194 0
40 3
0.993646 0.580613 0
0.879685 0.467194 0
0.993233 0.466972 0
41 3
0.875498 0.194203 0
0.875524 0.423494 0
0.993405 0.424043 0
42 3
0.993405 0.424043 0
0.992065 0.194193 0
0.875498 0.194203 0
43 3
0.874568 0.194183 0
0.874802 0.422534 0
0.994028 0.423494 0
44 3
0.994028 0.423494 0
0.994001 0.194203 0
0.874568 0.194183 0
45 3
0.994028 0.423494 0
0.874802 0.422534 0
0.874568 0.194183 0
46 3
0.994028 0.423494 0
0.874568 0.194183 0
0.994001 0.194203 0
47 3
0.992065 0.194193 0
0.993405 0.424043 0
0.875524 0.423494 0
48 3
0.875524 0.423494 0
0.875498 0.194203 0
0.992065 0.194193 0
49 3
0.875498 0.194203 0
0.992065 0.194193 0
0.873986 0.193000 0
50 3
0.874568 0.194183 0
0.994001 0.194203 0
0.992489 0.193000 0
51 3
0.994001 0.194203 0
0.874568 0.194183 0
0.992489 0.193000 0
52 3
0.992065 0.194193 0
0.875498 0.194203 0
0.873986 0.193000 0
53 3
0.879715 0.887034 0
0.994530 0.995913 0
0.879718 0.886104 0
54 3
0.071635 0.005514 0
0.104308 0.126412 0
0.048199 0.318728 0
55 3
0.332665 0.005514 0
0.343838 0.320181 0
0.289668 0.126415 0
56 3
0.332665 0.005514 0
0.233009 0.104130 0
0.206323 0.005825 0
57 3
0.173755 0.104130 0
0.152788 0.317237 0
0.103168 0.312582 0
58 3
0.103168 0.312582 0
0.104308 0.126412 0
0.173755 0.104130 0
59 3
0.071635 0.005514 0
0.173755 0.104130 0
0.104308 0.126412 0
60 3
0.332665 0.005514 0
0.289668 0.126415 0
0.233009 0.104130 0
61 3
0.287989 0.311129 0
0.240561 0.321206 0
0.233009 0.104130 0
62 3
0.233009 0.104130 0
0.289668 0.126415 0
0.287989 0.311129 0
63 3
0.071635 0.005514 0
0.206323 0.005825 0
0.173755 0.104130 0
64 3
0.048199 0.318728 0
0.104308 0.126412 0
0.103168 0.312582 0
65 3
0.287989 0.311129 0
0.289668 0.126415 0
0.343838 0.320181 0
66 3
0.206323 0.005825 0
0.233009 0.104130 0
0.173755 0.104130 0
67 3
0.240561 0.321206 0
0.152788 0.317237 0
0.173755 0.104130 0
68 3
0.173755 0.104130 0
0.233009 0.104130 0
0.240561 0.321206 0
69 3
0.878674 0.463046 0
0.990556 0.462732 0
0.990791 0.521840 0
70 3
0.993257 0.463046 0
0.993511 0.519602 0
0.880375 0.521840 0
71 3
0.878674 0.463046 0
0.990791 0.521840 0
0.878930 0.521589 0
72 3
0.993257 0.463046 0
0.880375 0.521840 0
0.880139 0.462732 0
73 3
0.164911 0.945747 0
0.106026 0.933145 0
0.083684 0.868459 0
74 3
0.299065 0.868459 0
0.276788 0.933145 0
0.224924 0.945747 0
75 3
0.167734 0.864462 0
0.164911 0.945747 0
0.083684 0.868459 0
76 3
0.222259 0.863126 0
0.299065 0.868459 0
0.224924 0.945747 0
77 3
0.121911 0.790118 0
0.140707 0.656668 0
0.165375 0.744712 0
78 3
0.165375 0.744712 0
0.167754 0.790456 0
0.121911 0.790118 0
79 3
0.222915 0.744713 0
0.247877 0.656668 0
0.259962 0.793004 0
80 3
0.259962 0.793004 0
0.219932 0.790425 0
0.222915 0.744713 0
81 3
0.167754 0.790456 0
0.165375 0.744712 0
0.222915 0.744713 0
82 3
0.167754 0.790456 0
0.222915 0.744713 0
0.219932 0.790425 0
83 3
0.165375 0.744712 0
0.177027 0.678635 0
0.212914 0.678635 0
84 3
0.212914 0.678635 0
0.222915 0.744713 0
0.165375 0.744712 0
85 3
0.247877 0.656668 0
0.222915 0.744713 0
0.212914 0.678635 0
86 3
0.177027 0.678635 0
0.165375 0.744712 0
0.140707 0.656668 0
87 3
0.167734 0.864462 0
0.222259 0.863126 0
0.224924 0.945747 0
88 3
0.167734 0.864462 0
0.224924 0.945747 0
0.164911 0.945747 0
89 3
0.164929 0.994256 0
0.164911 0.945747 0
0.224924 0.945747 0
90 3
0.164929 0.994256 0
0.224924 0.945747 0
0.223516 0.994256 0
91 3
0.106026 0.933145 0
0.164911 0.945747 0
0.164929 0.994256 0
92 3
0.276788 0.933145 0
0.223516 0.994256 0
0.224924 0.945747 0
93 3
0.222259 0.863126 0
0.220126 0.823947 0
0.259962 0.793004 0
94 3
0.299065 0.868459 0
0.222259 0.863126 0
0.259962 0.793004 0
95 3
0.220126 0.823947 0
0.222259 0.863126 0
0.167734 0.864462 0
96 3
0.220126 0.823947 0
0.167734 0.864462 0
0.168405 0.823934 0
97 3
0.220126 0.823947 0
0.168405 0.823934 0
0.195727 0.786153 0
98 3
0.168405 0.823934 0
0.167719 0.789488 0
0.195727 0.786153 0
99 3
0.121911 0.790118 0
0.168405 0.823934 0
0.167734 0.864462 0
100 3
0.220126 0.823947 0
0.195727 0.786153 0
0.219967 0.789499 0
101 3
0.220126 0.823947 0
0.219967 0.789499 0
0.259962 0.793004 0
102 3
0.121911 0.790118 0
0.167719 0.789488 0
0.168405 0.823934 0
103 3
0.083684 0.868459 0
0.121911 0.790118 0
0.167734 0.864462 0
104 3
0.040123 0.581357 0
0.140707 0.656668 0
0.065529 0.782199 0
105 3
0.318087 0.782199 0
0.247877 0.656668 0
0.347638 0.582810 0
106 3
0.259962 0.793004 0
0.247877 0.656668 0
0.318087 0.782199 0
107 3
0.121911 0.790118 0
0.083684 0.868459 0
0.065529 0.782199 0
108 3
0.121911 0.790118 0
0.065529 0.782199 0
0.140707 0.656668 0
109 3
0.259962 0.793004 0
0.318087 0.782199 0
0.299065 0.868459 0
110 3
0.051949 0.447041 0
0.068203 0.396448 0
0.103224 0.390488 0
111 3
0.048199 0.318728 0
0.068203 0.396448 0
0.051949 0.447041 0
112 3
0.103224 0.390488 0
0.068203 0.396448 0
0.048199 0.318728 0
113 3
0.282409 0.387367 0
0.319009 0.404014 0
0.337974 0.441697 0
114 3
0.343838 0.320181 0
0.319009 0.404014 0
0.282409 0.387367 0
115 3
0.337974 0.441697 0
0.319009 0.404014 0
0.343838 0.320181 0
116 3
0.143670 0.444747 0
0.152788 0.317237 0
0.176092 0.392210 0
117 3
0.103224 0.390488 0
0.103168 0.312582 0
0.152788 0.317237 0
118 3
0.143670 0.444747 0
0.103224 0.390488 0
0.152788 0.317237 0
119 3
0.051949 0.447041 0
0.011791 0.446939 0
0.048199 0.318728 0
120 3
0.103168 0.312582 0
0.103224 0.390488 0
0.048199 0.318728 0
121 3
0.175667 0.638238 0
0.140707 0.656668 0
0.176059 0.580364 0
122 3
0.177027 0.678635 0
0.140707 0.656668 0
0.175667 0.638238 0
123 3
0.182342 0.426645 0
0.143670 0.444747 0
0.176092 0.392210 0
124 3
0.011791 0.446939 0
0.051949 0.447041 0
0.040123 0.581357 0
125 3
0.051949 0.447041 0
0.102791 0.452621 0
0.040123 0.581357 0
126 3
0.102791 0.452621 0
0.103224 0.390488 0
0.143670 0.444747 0
127 3
0.051949 0.447041 0
0.103224 0.390488 0
0.102791 0.452621 0
128 3
0.102791 0.452621 0
0.143670 0.444747 0
0.142333 0.591931 0
129 3
0.102791 0.452621 0
0.142333 0.591931 0
0.040123 0.581357 0
130 3
0.040123 0.581357 0
0.142333 0.591931 0
0.140707 0.656668 0
131 3
0.182035 0.493777 0
0.142333 0.591931 0
0.182342 0.426645 0
132 3
0.142333 0.591931 0
0.176059 0.580364 0
0.140707 0.656668 0
133 3
0.182035 0.493777 0
0.176059 0.580364 0
0.142333 0.591931 0
134 3
0.142333 0.591931 0
0.143670 0.444747 0
0.182342 0.426645 0
135 3
0.175667 0.638238 0
0.215225 0.580364 0
0.214519 0.638238 0
136 3
0.175667 0.638238 0
0.176059 0.580364 0
0.215225 0.580364 0
137 3
0.177027 0.678635 0
0.214519 0.638238 0
0.212914 0.678635 0
138 3
0.175667 0.638238 0
0.214519 0.638238 0
0.177027 0.678635 0
139 3
0.176092 0.392210 0
0.240561 0.321206 0
0.214026 0.392210 0
140 3
0.176092 0.392210 0
0.152788 0.317237 0
0.240561 0.321206 0
141 3
0.182342 0.426645 0
0.214026 0.392210 0
0.208874 0.426645 0
142 3
0.176092 0.392210 0
0.214026 0.392210 0
0.182342 0.426645 0
143 3
0.208940 0.493777 0
0.215225 0.580364 0
0.176059 0.580364 0
144 3
0.182035 0.493777 0
0.208940 0.493777 0
0.176059 0.580364 0
145 3
0.208874 0.426645 0
0.208940 0.493777 0
0.182035 0.493777 0
146 3
0.182342 0.426645 0
0.208874 0.426645 0
0.182035 0.493777 0
147 3
0.243049 0.439404 0
0.214026 0.392210 0
0.240561 0.321206 0
148 3
0.282409 0.387367 0
0.240561 0.321206 0
0.287989 0.311129 0
149 3
0.243049 0.439404 0
0.240561 0.321206 0
0.282409 0.387367 0
150 3
0.337974 0.441697 0
0.343838 0.320181 0
0.376127 0.430908 0
151 3
0.287989 0.311129 0
0.343838 0.320181 0
0.282409 0.387367 0
152 3
0.214519 0.638238 0
0.215225 0.580364 0
0.247877 0.656668 0
153 3
0.212914 0.678635 0
0.214519 0.638238 0
0.247877 0.656668 0
154 3
0.208874 0.426645 0
0.214026 0.392210 0
0.243049 0.439404 0
155 3
0.376127 0.430908 0
0.347638 0.582810 0
0.337974 0.441697 0
156 3
0.337974 0.441697 0
0.347638 0.582810 0
0.282842 0.447278 0
157 3
0.282842 0.447278 0
0.243049 0.439404 0
0.282409 0.387367 0
158 3
0.282842 0.447278 0
0.282409 0.387367 0
0.337974 0.441697 0
159 3
0.282842 0.447278 0
0.245997 0.590478 0
0.243049 0.439404 0
160 3
0.282842 0.447278 0
0.347638 0.582810 0
0.245997 0.590478 0
161 3
0.347638 0.582810 0
0.247877 0.656668 0
0.245997 0.590478 0
162 3
0.208940 0.493777 0
0.208874 0.426645 0
0.245997 0.590478 0
163 3
0.245997 0.590478 0
0.247877 0.656668 0
0.215225 0.580364 0
164 3
0.208940 0.493777 0
0.245997 0.590478 0
0.215225 0.580364 0
165 3
0.245997 0.590478 0
0.208874 0.426645 0
0.243049 0.439404 0
166 3
0.958396 0.500721 0
0.959831 0.569307 0
0.876277 0.509716 0
167 3
0.958396 0.500721 0
0.876277 0.509716 0
0.876617 0.454576 0
168 3
0.430617 0.562995 0
0.501580 0.750069 0
0.502901 0.660339 0
169 3
0.430617 0.562995 0
0.502901 0.660339 0
0.502991 0.581553 0
170 3
0.430617 0.562995 0
0.502991 0.581553 0
0.502901 0.660339 0
171 3
0.430617 0.562995 0
0.502901 0.660339 0
0.501580 0.750069 0
172 3
0.430617 0.562995 0
0.502991 0.581553 0
0.522741 0.357746 0
173 3
0.430617 0.562995 0
0.522741 0.357746 0
0.502991 0.581553 0
174 3
0.430617 0.562995 0
0.424438 0.849713 0
0.501580 0.750069 0
175 3
0.501580 0.750069 0
0.424438 0.849713 0
0.430617 0.562995 0
176 3
0.434071 0.930286 0
0.424438 0.849713 0
0.275518 0.935954 0
177 3
0.275518 0.935954 0
0.223899 0.994634 0
0.434071 0.930286 0
178 3
0.275518 0.935954 0
0.424438 0.849713 0
0.434071 0.930286 0
179 3
0.434071 0.930286 0
0.223899 0.994634 0
0.275518 0.935954 0
180 3
0.529100 0.297150 0
0.539997 0.191405 0
0.422903 0.306727 0
181 3
0.529100 0.297150 0
0.422903 0.306727 0
0.539997 0.191405 0
182 3
0.422903 0.306727 0
0.522741 0.357746 0
0.529100 0.297150 0
183 3
0.422903 0.306727 0
0.529100 0.297150 0
0.522741 0.357746 0
184 3
0.434071 0.930286 0
0.481056 0.844665 0
0.424438 0.849713 0
185 3
0.424438 0.849713 0
0.481056 0.844665 0
0.434071 0.930286 0
186 3
0.424438 0.849713 0
0.430617 0.562995 0
0.347535 0.583581 0
187 3
0.424438 0.849713 0
0.317921 0.781650 0
0.347547 0.584799 0
188 3
0.424438 0.849713 0
0.347535 0.583581 0
0.317921 0.781650 0
189 3
0.424438 0.849713 0
0.347547 0.584799 0
0.430617 0.562995 0
190 3
0.424438 0.849713 0
0.317921 0.781650 0
0.299180 0.870009 0
191 3
0.424438 0.849713 0
0.299180 0.870009 0
0.317921 0.781650 0
192 3
0.502901 0.660339 0
0.501580 0.750069 0
0.546520 0.749960 0
193 3
0.502901 0.660339 0
0.546520 0.749960 0
0.574743 0.635311 0
194 3
0.502901 0.660339 0
0.574743 0.635311 0
0.546520 0.749960 0
195 3
0.502901 0.660339 0
0.546520 0.749960 0
0.501580 0.750069 0
196 3
0.434071 0.930286 0
0.434071 0.930286 0
0.223899 0.994634 0
197 3
0.434071 0.930286 0
0.223899 0.994634 0
0.223899 0.994634 0
198 3
0.539997 0.191405 0
0.568395 0.292255 0
0.651831 0.303225 0
199 3
0.539997 0.191405 0
0.650865 0.164452 0
0.651831 0.303225 0
200 3
0.568395 0.292255 0
0.612421 0.369791 0
0.651831 0.303225 0
201 3
0.651831 0.303225 0
0.612421 0.369791 0
0.568395 0.292255 0
202 3
0.613266 0.996518 0
0.714319 0.996439 0
0.714360 0.859717 0
203 3
0.613266 0.996518 0
0.623296 0.840409 0
0.714360 0.859717 0
204 3
0.613266 0.996518 0
0.714360 0.859717 0
0.623296 0.840409 0
205 3
0.613266 0.996518 0
0.714360 0.859717 0
0.714319 0.996439 0
206 3
0.333204 0.005468 0
0.422903 0.306727 0
0.419187 0.004974 0
207 3
0.876617 0.454576 0
0.876397 0.511051 0
0.957884 0.567584 0
208 3
0.333204 0.005468 0
0.418450 0.006363 0
0.422903 0.306727 0
209 3
0.560683 0.305468 0
0.502991 0.581553 0
0.524810 0.636823 0
210 3
0.560683 0.305468 0
0.560601 0.616815 0
0.524810 0.636823 0
211 3
0.560683 0.305468 0
0.524810 0.636823 0
0.560601 0.616815 0
212 3
0.560683 0.305468 0
0.524810 0.636823 0
0.502991 0.581553 0
213 3
0.560683 0.305468 0
0.522741 0.357746 0
0.502991 0.581553 0
214 3
0.502991 0.581553 0
0.522741 0.357746 0
0.560683 0.305468 0
215 3
0.601739 0.534111 0
0.574743 0.635311 0
0.649788 0.777720 0
216 3
0.649788 0.777720 0
0.648613 0.625375 0
0.601739 0.534111 0
217 3
0.649788 0.777720 0
0.574743 0.635311 0
0.601739 0.534111 0
218 3
0.601739 0.534111 0
0.648613 0.625375 0
0.649788 0.777720 0
219 3
0.957884 0.567584 0
0.958730 0.498877 0
0.876617 0.454576 0
220 3
0.419187 0.004974 0
0.422903 0.306727 0
0.539997 0.191405 0
221 3
0.539997 0.191405 0
0.527237 0.005715 0
0.419187 0.004974 0
222 3
0.539997 0.191405 0
0.422903 0.306727 0
0.418450 0.006363 0
223 3
0.418450 0.006363 0
0.527237 0.005715 0
0.539997 0.191405 0
224 3
0.430617 0.562995 0
0.522741 0.357746 0
0.422903 0.306727 0
225 3
0.422903 0.306727 0
0.376913 0.432282 0
0.430617 0.562995 0
226 3
0.422903 0.306727 0
0.522741 0.357746 0
0.430617 0.562995 0
227 3
0.430617 0.562995 0
0.376795 0.430816 0
0.422903 0.306727 0
228 3
0.546520 0.749960 0
0.520376 0.996703 0
0.613266 0.996518 0
229 3
0.613266 0.996518 0
0.623296 0.840409 0
0.546520 0.749960 0
230 3
0.613266 0.996518 0
0.520376 0.996703 0
0.546520 0.749960 0
231 3
0.546520 0.749960 0
0.623296 0.840409 0
0.613266 0.996518 0
232 3
0.560683 0.305468 0
0.560601 0.616815 0
0.589323 0.531978 0
233 3
0.589323 0.531978 0
0.602163 0.374049 0
0.560683 0.305468 0
234 3
0.560683 0.305468 0
0.602163 0.374049 0
0.589323 0.531978 0
235 3
0.560683 0.305468 0
0.589323 0.531978 0
0.560601 0.616815 0
236 3
0.574743 0.635311 0
0.546520 0.749960 0
0.649788 0.777720 0
237 3
0.574743 0.635311 0
0.649788 0.777720 0
0.546520 0.749960 0
238 3
0.275518 0.935954 0
0.424438 0.849713 0
0.299180 0.870009 0
239 3
0.275518 0.935954 0
0.299180 0.870009 0
0.424438 0.849713 0
240 3
0.617204 0.997048 0
0.613266 0.996518 0
0.540951 0.997206 0
241 3
0.540951 0.997206 0
0.613266 0.996518 0
0.520376 0.996703 0
242 3
0.540951 0.997206 0
0.520376 0.996703 0
0.517423 0.994597 0
243 3
0.617204 0.997048 0
0.714319 0.996439 0
0.613266 0.996518 0
244 3
0.546520 0.749960 0
0.623296 0.840409 0
0.649788 0.777720 0
245 3
0.623296 0.840409 0
0.714789 0.778526 0
0.649788 0.777720 0
246 3
0.623296 0.840409 0
0.714360 0.859717 0
0.714789 0.778526 0
247 3
0.875106 0.934776 0
0.991188 0.960241 0
0.991297 0.870462 0
248 3
0.875527 0.807994 0
0.875106 0.934776 0
0.991297 0.870462 0
249 3
0.875527 0.807994 0
0.991297 0.870462 0
0.958387 0.695872 0
250 3
0.875394 0.655239 0
0.875527 0.807994 0
0.958387 0.695872 0
251 3
0.875394 0.655239 0
0.958387 0.695872 0
0.957884 0.567584 0
252 3
0.876397 0.511051 0
0.875394 0.655239 0
0.957884 0.567584 0
253 3
0.539997 0.191405 0
0.651831 0.303225 0
0.650865 0.164452 0
254 3
0.529100 0.297150 0
0.568395 0.292255 0
0.539997 0.191405 0
255 3
0.648613 0.625375 0
0.714896 0.639316 0
0.714917 0.306416 0
256 3
0.648613 0.625375 0
0.714917 0.306416 0
0.651831 0.303225 0
257 3
0.601739 0.534111 0
0.648613 0.625375 0
0.651831 0.303225 0
258 3
0.601739 0.534111 0
0.651831 0.303225 0
0.612421 0.369791 0
259 3
0.649788 0.777720 0
0.714789 0.778526 0
0.714896 0.639316 0
260 3
0.649788 0.777720 0
0.714896 0.639316 0
0.648613 0.625375 0
261 3
0.517423 0.994597 0
0.520376 0.996703 0
0.434071 0.930286 0
262 3
0.434071 0.930286 0
0.520376 0.996703 0
0.481056 0.844665 0
263 3
0.502901 0.660339 0
0.524810 0.636823 0
0.502991 0.581553 0
264 3
0.522741 0.357746 0
0.560683 0.305468 0
0.529100 0.297150 0
265 3
0.651831 0.303225 0
0.714917 0.306416 0
0.714891 0.145254 0
266 3
0.651831 0.303225 0
0.714891 0.145254 0
0.650865 0.164452 0
267 3
0.714891 0.145254 0
0.718962 0.005068 0
0.645868 0.006272 0
268 3
0.714891 0.145254 0
0.645868 0.006272 0
0.650865 0.164452 0
269 3
0.481056 0.844665 0
0.501580 0.750069 0
0.424438 0.849713 0
270 3
0.481056 0.844665 0
0.546520 0.749960 0
0.501580 0.750069 0
271 3
0.481056 0.844665 0
0.520376 0.996703 0
0.546520 0.749960 0
272 3
0.539997 0.191405 0
0.650865 0.164452 0
0.645868 0.006272 0
273 3
0.539997 0.191405 0
0.645868 0.006272 0
0.527237 0.005715 0
274 3
0.343266 0.319635 0
0.422903 0.306727 0
0.333204 0.005468 0
275 3
0.343266 0.319635 0
0.376913 0.432282 0
0.422903 0.306727 0
276 3
0.430617 0.562995 0
0.376913 0.432282 0
0.347535 0.583581 0
277 3
0.617204 0.997048 0
0.714319 0.996439 0
0.714319 0.996439 0
278 3
0.617204 0.997048 0
0.540951 0.997206 0
0.613266 0.996518 0
279 3
0.540951 0.997206 0
0.520376 0.996703 0
0.613266 0.996518 0
280 3
0.540951 0.997206 0
0.517423 0.994597 0
0.520376 0.996703 0
281 3
0.517423 0.994597 0
0.434071 0.930286 0
0.434071 0.930286 0
282 3
0.517423 0.994597 0
0.434071 0.930286 0
0.517423 0.994597 0
283 3
0.540951 0.997206 0
0.517423 0.994597 0
0.517423 0.994597 0
284 3
0.994238 0.482696 0
0.889274 0.583896 0
0.888138 0.483867 0
285 3
0.994238 0.482696 0
0.995015 0.582706 0
0.889274 0.583896 0
286 3
0.714891 0.145254 0
0.858545 0.005068 0
0.854474 0.145254 0
287 3
0.714891 0.145254 0
0.718962 0.005068 0
0.858545 0.005068 0
288 3
0.714917 0.306416 0
0.854474 0.145254 0
0.854500 0.306416 0
289 3
0.714917 0.306416 0
0.714891 0.145254 0
0.854474 0.145254 0
290 3
0.714896 0.639316 0
0.854500 0.306416 0
0.854479 0.639316 0
291 3
0.714896 0.639316 0
0.714917 0.306416 0
0.854500 0.306416 0
292 3
0.714789 0.778526 0
0.854479 0.639316 0
0.854372 0.778526 0
293 3
0.714789 0.778526 0
0.714896 0.639316 0
0.854479 0.639316 0
294 3
0.714360 0.859717 0
0.854372 0.778526 0
0.853943 0.859717 0
295 3
0.714360 0.859717 0
0.714789 0.778526 0
0.854372 0.778526 0
296 3
0.714319 0.996439 0
0.853943 0.859717 0
0.853902 0.996439 0
297 3
0.714319 0.996439 0
0.714360 0.859717 0
0.853943 0.859717 0
298 3
0.617204 0.997048 0
0.613266 0.996518 0
0.714319 0.996439 0
299 3
0.546520 0.749960 0
0.649788 0.777720 0
0.623296 0.840409 0
300 3
0.623296 0.840409 0
0.649788 0.777720 0
0.714789 0.778526 0
301 3
0.623296 0.840409 0
0.714789 0.778526 0
0.714360 0.859717 0
302 3
0.875106 0.934776 0
0.991297 0.870462 0
0.991188 0.960241 0
303 3
0.875527 0.807994 0
0.991297 0.870462 0
0.875106 0.934776 0
304 3
0.875527 0.807994 0
0.958387 0.695872 0
0.991297 0.870462 0
305 3
0.875394 0.655239 0
0.958387 0.695872 0
0.875527 0.807994 0
306 3
0.875394 0.655239 0
0.959831 0.569307 0
0.958387 0.695872 0
307 3
0.876277 0.509716 0
0.959831 0.569307 0
0.875394 0.655239 0
308 3
0.539997 0.191405 0
0.651831 0.303225 0
0.568395 0.292255 0
309 3
0.529100 0.297150 0
0.539997 0.191405 0
0.568395 0.292255 0
310 3
0.648613 0.625375 0
0.714917 0.306416 0
0.714896 0.639316 0
311 3
0.648613 0.625375 0
0.651831 0.303225 0
0.714917 0.306416 0
312 3
0.601739 0.534111 0
0.651831 0.303225 0
0.648613 0.625375 0
313 3
0.601739 0.534111 0
0.612421 0.369791 0
0.651831 0.303225 0
314 3
0.649788 0.777720 0
0.714896 0.639316 0
0.714789 0.778526 0
315 3
0.649788 0.777720 0
0.648613 0.625375 0
0.714896 0.639316 0
316 3
0.517423 0.994597 0
0.434071 0.930286 0
0.520376 0.996703 0
317 3
0.434071 0.930286 0
0.481056 0.844665 0
0.520376 0.996703 0
318 3
0.502901 0.660339 0
0.502991 0.581553 0
0.524810 0.636823 0
319 3
0.560683 0.305468 0
0.522741 0.357746 0
0.529100 0.297150 0
320 3
0.651831 0.303225 0
0.714891 0.145254 0
0.714917 0.306416 0
321 3
0.651831 0.303225 0
0.650865 0.164452 0
0.714891 0.145254 0
322 3
0.714891 0.145254 0
0.645868 0.006272 0
0.718962 0.005068 0
323 3
0.714891 0.145254 0
0.650865 0.164452 0
0.645868 0.006272 0
324 3
0.481056 0.844665 0
0.424438 0.849713 0
0.501580 0.750069 0
325 3
0.481056 0.844665 0
0.501580 0.750069 0
0.546520 0.749960 0
326 3
0.481056 0.844665 0
0.546520 0.749960 0
0.520376 0.996703 0
327 3
0.539997 0.191405 0
0.645868 0.006272 0
0.650865 0.164452 0
328 3
0.539997 0.191405 0
0.527237 0.005715 0
0.645868 0.006272 0
329 3
0.343278 0.320853 0
0.333204 0.005468 0
0.422903 0.306727 0
330 3
0.343278 0.320853 0
0.422903 0.306727 0
0.376795 0.430816 0
331 3
0.430617 0.562995 0
0.347547 0.584799 0
0.376795 0.430816 0
332 3
0.880375 0.521840 0
0.993511 0.519602 0
0.880648 0.606582 0
333 3
0.875767 0.758910 0
0.992497 0.852271 0
0.992097 0.724122 0
334 3
0.875143 0.623324 0
0.875767 0.758910 0
0.992097 0.724122 0
335 3
0.994064 0.710946 0
0.994048 0.763075 0
0.880769 0.742933 0
336 3
0.880393 0.991943 0
0.880647 0.933185 0
0.993985 0.877589 0
337 3
0.875466 0.987663 0
0.992257 0.987717 0
0.875539 0.893323 0
338 3
0.993985 0.877589 0
0.880647 0.933185 0
0.880769 0.742933 0
339 3
0.994048 0.763075 0
0.993985 0.877589 0
0.880769 0.742933 0
340 3
0.993954 0.642192 0
0.994064 0.710946 0
0.880769 0.742933 0
341 3
0.880648 0.606582 0
0.993954 0.642192 0
0.880769 0.742933 0
342 3
0.991778 0.595537 0
0.875143 0.623324 0
0.992097 0.724122 0
343 3
0.880648 0.606582 0
0.993511 0.519602 0
0.993954 0.642192 0
344 3
0.875143 0.623324 0
0.991778 0.595537 0
0.937102 0.512640 0
345 3
0.875767 0.758910 0
0.875539 0.893323 0
0.992257 0.987717 0
346 3
0.875767 0.758910 0
0.992257 0.987717 0
0.992497 0.852271 0
347 3
0.996179 0.719266 0
0.938060 0.985243 0
0.890865 0.720531 0
348 3
0.995015 0.582706 0
0.996179 0.719266 0
0.890865 0.720531 0
349 3
0.995015 0.582706 0
0.890865 0.720531 0
0.889274 0.583896 0
350 3
0.990791 0.521840 0
0.991065 0.606582 0
0.878930 0.521589 0
351 3
0.875767 0.758910 0
0.992103 0.722462 0
0.992497 0.852271 0
352 3
0.875214 0.625224 0
0.992103 0.722462 0
0.875767 0.758910 0
353 3
0.879480 0.710207 0
0.991186 0.742933 0
0.879464 0.763075 0
354 3
0.990810 0.991943 0
0.879401 0.877589 0
0.991064 0.933185 0
355 3
0.875466 0.987663 0
0.875539 0.893323 0
0.992257 0.987717 0
356 3
0.879401 0.877589 0
0.991186 0.742933 0
0.991064 0.933185 0
357 3
0.879464 0.763075 0
0.991186 0.742933 0
0.879401 0.877589 0
358 3
0.879367 0.640039 0
0.991186 0.742933 0
0.879480 0.710207 0
359 3
0.991065 0.606582 0
0.991186 0.742933 0
0.879367 0.640039 0
360 3
0.991796 0.594268 0
0.992103 0.722462 0
0.875214 0.625224 0
361 3
0.991065 0.606582 0
0.879367 0.640039 0
0.878930 0.521589 0
362 3
0.875214 0.625224 0
0.937089 0.512341 0
0.991796 0.594268 0
363 3
0.875767 0.758910 0
0.992257 0.987717 0
0.875539 0.893323 0
364 3
0.875767 0.758910 0
0.992497 0.852271 0
0.992257 0.987717 0
4
0.000000 0.000000 0.000000
0.000000 0.000000 0.000000
0.000000 0.000000 0.000000
1.000000 1.000000 1.000000
