2
1
hd_wizard
NBA\REDUCED_CP\CP_wizard\hd_wizrdP.tga
258
0 3
0.219278 0.756973 0
0.273472 0.698149 0
0.335459 0.994297 0
1 3
0.219278 0.756973 0
0.335459 0.994297 0
0.250286 0.893219 0
2 3
0.081943 0.992429 0
0.131625 0.698149 0
0.184987 0.756973 0
3 3
0.956721 0.994061 0
0.994497 0.994014 0
0.991751 0.834723 0
4 3
0.956721 0.994061 0
0.958131 0.833755 0
0.991751 0.834723 0
5 3
0.956721 0.994061 0
0.991751 0.834723 0
0.958131 0.833755 0
6 3
0.956721 0.994061 0
0.991751 0.834723 0
0.994497 0.994014 0
7 3
0.887743 0.831358 0
0.888531 0.994186 0
0.956721 0.994061 0
8 3
0.956721 0.994061 0
0.958131 0.833755 0
0.887743 0.831358 0
9 3
0.956721 0.994061 0
0.888531 0.994186 0
0.887743 0.831358 0
10 3
0.887743 0.831358 0
0.958131 0.833755 0
0.956721 0.994061 0
11 3
0.963837 0.995126 0
0.956721 0.994061 0
0.893694 0.995063 0
12 3
0.893694 0.995063 0
0.956721 0.994061 0
0.888531 0.994186 0
13 3
0.893694 0.995063 0
0.888531 0.994186 0
0.842772 0.994277 0
14 3
0.963837 0.995126 0
0.994497 0.994014 0
0.956721 0.994061 0
15 3
0.842772 0.994277 0
0.888531 0.994186 0
0.842969 0.886346 0
16 3
0.842969 0.886346 0
0.888531 0.994186 0
0.887743 0.831358 0
17 3
0.963837 0.995126 0
0.893694 0.995063 0
0.956721 0.994061 0
18 3
0.893694 0.995063 0
0.888531 0.994186 0
0.956721 0.994061 0
19 3
0.893694 0.995063 0
0.842772 0.994277 0
0.888531 0.994186 0
20 3
0.963837 0.995126 0
0.956721 0.994061 0
0.994497 0.994014 0
21 3
0.842772 0.994277 0
0.842969 0.886346 0
0.888531 0.994186 0
22 3
0.842969 0.886346 0
0.887743 0.831358 0
0.888531 0.994186 0
23 3
0.825874 0.543990 0
0.751443 0.372170 0
0.673041 0.468561 0
24 3
0.680589 0.338663 0
0.673041 0.468561 0
0.751443 0.372170 0
25 3
0.692896 0.345184 0
0.639938 0.396817 0
0.824015 0.468125 0
26 3
0.624455 0.618176 0
0.819285 0.571509 0
0.824015 0.468125 0
27 3
0.824015 0.468125 0
0.639938 0.396817 0
0.624455 0.618176 0
28 3
0.839668 0.412668 0
0.692896 0.345184 0
0.824015 0.468125 0
29 3
0.680589 0.338663 0
0.751443 0.372170 0
0.673041 0.468561 0
30 3
0.825874 0.543990 0
0.673041 0.468561 0
0.751443 0.372170 0
31 3
0.538787 0.348328 0
0.421754 0.306603 0
0.417062 0.339393 0
32 3
0.421754 0.306603 0
0.343622 0.241225 0
0.346627 0.322423 0
33 3
0.346627 0.322423 0
0.417062 0.339393 0
0.421754 0.306603 0
34 3
0.346627 0.322423 0
0.416441 0.454189 0
0.417062 0.339393 0
35 3
0.538787 0.348328 0
0.417062 0.339393 0
0.416441 0.454189 0
36 3
0.346627 0.322423 0
0.343622 0.241225 0
0.421754 0.306603 0
37 3
0.421754 0.306603 0
0.417062 0.339393 0
0.346627 0.322423 0
38 3
0.538787 0.348328 0
0.417062 0.339393 0
0.421754 0.306603 0
39 3
0.538787 0.348328 0
0.416441 0.454189 0
0.417062 0.339393 0
40 3
0.346627 0.322423 0
0.417062 0.339393 0
0.416441 0.454189 0
41 3
0.343622 0.241225 0
0.421754 0.306603 0
0.538787 0.348328 0
42 3
0.343622 0.241225 0
0.538787 0.348328 0
0.421754 0.306603 0
43 3
0.335030 0.993542 0
0.404554 0.808946 0
0.351698 0.738578 0
44 3
0.404527 0.809226 0
0.335609 0.994563 0
0.351698 0.738578 0
45 3
0.368254 0.611533 0
0.351698 0.738578 0
0.404554 0.808946 0
46 3
0.368254 0.611533 0
0.404554 0.808946 0
0.422940 0.612828 0
47 3
0.553150 0.593764 0
0.422940 0.612828 0
0.404554 0.808946 0
48 3
0.368254 0.611533 0
0.422940 0.612828 0
0.404527 0.809226 0
49 3
0.368254 0.611533 0
0.404527 0.809226 0
0.351698 0.738578 0
50 3
0.553150 0.593764 0
0.404527 0.809226 0
0.422940 0.612828 0
51 3
0.368254 0.611533 0
0.422940 0.612828 0
0.416441 0.454189 0
52 3
0.553150 0.593764 0
0.416441 0.454189 0
0.422940 0.612828 0
53 3
0.368254 0.611533 0
0.416441 0.454189 0
0.422940 0.612828 0
54 3
0.553150 0.593764 0
0.422940 0.612828 0
0.416441 0.454189 0
55 3
0.352612 0.736554 0
0.335459 0.994297 0
0.273472 0.698149 0
56 3
0.050109 0.736554 0
0.131625 0.698149 0
0.081943 0.992429 0
57 3
0.620574 0.812113 0
0.618888 0.652798 0
0.553150 0.593764 0
58 3
0.620574 0.812113 0
0.553150 0.593764 0
0.618888 0.652798 0
59 3
0.527363 0.535139 0
0.489062 0.689787 0
0.644840 0.850655 0
60 3
0.644840 0.850655 0
0.489062 0.689787 0
0.527363 0.535139 0
61 3
0.197950 0.252866 0
0.198511 0.186217 0
0.339770 0.170914 0
62 3
0.197950 0.252866 0
0.339770 0.170914 0
0.342638 0.240228 0
63 3
0.343622 0.241225 0
0.538787 0.348328 0
0.338941 0.170034 0
64 3
0.343622 0.241225 0
0.338941 0.170034 0
0.538787 0.348328 0
65 3
0.197950 0.252866 0
0.054760 0.240228 0
0.055632 0.170914 0
66 3
0.197950 0.252866 0
0.055632 0.170914 0
0.198511 0.186217 0
67 3
0.619030 0.328536 0
0.553150 0.593764 0
0.618888 0.652798 0
68 3
0.619030 0.328536 0
0.618888 0.652798 0
0.553150 0.593764 0
69 3
0.081943 0.992429 0
0.184987 0.756973 0
0.161642 0.893217 0
70 3
0.250286 0.893219 0
0.161642 0.893217 0
0.184987 0.756973 0
71 3
0.250286 0.893219 0
0.184987 0.756973 0
0.219278 0.756973 0
72 3
0.121825 0.993585 0
0.081943 0.992429 0
0.161642 0.893217 0
73 3
0.285760 0.993603 0
0.250286 0.893219 0
0.335459 0.994297 0
74 3
0.161642 0.893217 0
0.250286 0.893219 0
0.285760 0.993603 0
75 3
0.161642 0.893217 0
0.285760 0.993603 0
0.121825 0.993585 0
76 3
0.342638 0.240228 0
0.252287 0.318333 0
0.197950 0.252866 0
77 3
0.155407 0.318333 0
0.112581 0.309238 0
0.054760 0.240228 0
78 3
0.252287 0.318333 0
0.342638 0.240228 0
0.293412 0.309238 0
79 3
0.155407 0.318333 0
0.054760 0.240228 0
0.197950 0.252866 0
80 3
0.644840 0.850655 0
0.670643 0.623678 0
0.527363 0.535139 0
81 3
0.527363 0.535139 0
0.670643 0.623678 0
0.644840 0.850655 0
82 3
0.027360 0.613733 0
0.131625 0.698149 0
0.050109 0.736554 0
83 3
0.352612 0.736554 0
0.273472 0.698149 0
0.367545 0.613733 0
84 3
0.058595 0.456156 0
0.074758 0.382718 0
0.114275 0.391758 0
85 3
0.049972 0.324007 0
0.074758 0.382718 0
0.058595 0.456156 0
86 3
0.114275 0.391758 0
0.074758 0.382718 0
0.049972 0.324007 0
87 3
0.289893 0.391758 0
0.331683 0.376051 0
0.344868 0.456156 0
88 3
0.347582 0.324007 0
0.331683 0.376051 0
0.289893 0.391758 0
89 3
0.344868 0.456156 0
0.331683 0.376051 0
0.347582 0.324007 0
90 3
0.553150 0.593764 0
0.619030 0.328536 0
0.538787 0.348328 0
91 3
0.538787 0.348328 0
0.416441 0.454189 0
0.553150 0.593764 0
92 3
0.538787 0.348328 0
0.619030 0.328536 0
0.553150 0.593764 0
93 3
0.553150 0.593764 0
0.416441 0.454189 0
0.538787 0.348328 0
94 3
0.489062 0.689787 0
0.500866 0.878777 0
0.644840 0.850655 0
95 3
0.489062 0.689787 0
0.644840 0.850655 0
0.500866 0.878777 0
96 3
0.500866 0.878777 0
0.610035 0.988707 0
0.644840 0.850655 0
97 3
0.610035 0.988707 0
0.827687 0.910749 0
0.644840 0.850655 0
98 3
0.610035 0.988707 0
0.826931 0.987552 0
0.827687 0.910749 0
99 3
0.670643 0.623678 0
0.828643 0.780064 0
0.825874 0.543990 0
100 3
0.670643 0.623678 0
0.825874 0.543990 0
0.673041 0.468561 0
101 3
0.527363 0.535139 0
0.670643 0.623678 0
0.673041 0.468561 0
102 3
0.527363 0.535139 0
0.673041 0.468561 0
0.558668 0.332415 0
103 3
0.644840 0.850655 0
0.827687 0.910749 0
0.828643 0.780064 0
104 3
0.644840 0.850655 0
0.828643 0.780064 0
0.670643 0.623678 0
105 3
0.673041 0.468561 0
0.680589 0.338663 0
0.558668 0.332415 0
106 3
0.165894 0.455761 0
0.155407 0.318333 0
0.185948 0.404098 0
107 3
0.114275 0.391758 0
0.112581 0.309238 0
0.155407 0.318333 0
108 3
0.165894 0.455761 0
0.114275 0.391758 0
0.155407 0.318333 0
109 3
0.058595 0.456156 0
0.004276 0.455310 0
0.049972 0.324007 0
110 3
0.112581 0.309238 0
0.114275 0.391758 0
0.049972 0.324007 0
111 3
0.180050 0.710627 0
0.131625 0.698149 0
0.180436 0.648984 0
112 3
0.184987 0.756973 0
0.131625 0.698149 0
0.180050 0.710627 0
113 3
0.187186 0.450314 0
0.165894 0.455761 0
0.185948 0.404098 0
114 3
0.112581 0.309238 0
0.049972 0.324007 0
0.054760 0.240228 0
115 3
0.004276 0.455310 0
0.058595 0.456156 0
0.027360 0.613733 0
116 3
0.058595 0.456156 0
0.113810 0.486042 0
0.027360 0.613733 0
117 3
0.113810 0.486042 0
0.114275 0.391758 0
0.165894 0.455761 0
118 3
0.058595 0.456156 0
0.114275 0.391758 0
0.113810 0.486042 0
119 3
0.113810 0.486042 0
0.165894 0.455761 0
0.129980 0.583773 0
120 3
0.113810 0.486042 0
0.129980 0.583773 0
0.027360 0.613733 0
121 3
0.027360 0.613733 0
0.129980 0.583773 0
0.131625 0.698149 0
122 3
0.187161 0.505428 0
0.129980 0.583773 0
0.187186 0.450314 0
123 3
0.129980 0.583773 0
0.180436 0.648984 0
0.131625 0.698149 0
124 3
0.187161 0.505428 0
0.180436 0.648984 0
0.129980 0.583773 0
125 3
0.129980 0.583773 0
0.165894 0.455761 0
0.187186 0.450314 0
126 3
0.822986 0.786124 0
0.624455 0.618176 0
0.619823 0.830569 0
127 3
0.822986 0.786124 0
0.819285 0.571509 0
0.624455 0.618176 0
128 3
0.821708 0.904929 0
0.619823 0.830569 0
0.600399 0.957077 0
129 3
0.821708 0.904929 0
0.822986 0.786124 0
0.619823 0.830569 0
130 3
0.726049 0.989666 0
0.821708 0.904929 0
0.600399 0.957077 0
131 3
0.180050 0.710627 0
0.230832 0.648984 0
0.227883 0.710627 0
132 3
0.180050 0.710627 0
0.180436 0.648984 0
0.230832 0.648984 0
133 3
0.184987 0.756973 0
0.227883 0.710627 0
0.219278 0.756973 0
134 3
0.180050 0.710627 0
0.227883 0.710627 0
0.184987 0.756973 0
135 3
0.155407 0.318333 0
0.197950 0.252866 0
0.252287 0.318333 0
136 3
0.185948 0.404098 0
0.252287 0.318333 0
0.217262 0.404098 0
137 3
0.185948 0.404098 0
0.155407 0.318333 0
0.252287 0.318333 0
138 3
0.187186 0.450314 0
0.217262 0.404098 0
0.216324 0.450314 0
139 3
0.185948 0.404098 0
0.217262 0.404098 0
0.187186 0.450314 0
140 3
0.216861 0.505428 0
0.230832 0.648984 0
0.180436 0.648984 0
141 3
0.187161 0.505428 0
0.216861 0.505428 0
0.180436 0.648984 0
142 3
0.216324 0.450314 0
0.216861 0.505428 0
0.187161 0.505428 0
143 3
0.187186 0.450314 0
0.216324 0.450314 0
0.187161 0.505428 0
144 3
0.500866 0.878777 0
0.644840 0.850655 0
0.610035 0.988707 0
145 3
0.610035 0.988707 0
0.644840 0.850655 0
0.827687 0.910749 0
146 3
0.610035 0.988707 0
0.827687 0.910749 0
0.826931 0.987552 0
147 3
0.670643 0.623678 0
0.825874 0.543990 0
0.828643 0.780064 0
148 3
0.670643 0.623678 0
0.673041 0.468561 0
0.825874 0.543990 0
149 3
0.527363 0.535139 0
0.673041 0.468561 0
0.670643 0.623678 0
150 3
0.527363 0.535139 0
0.558668 0.332415 0
0.673041 0.468561 0
151 3
0.644840 0.850655 0
0.828643 0.780064 0
0.827687 0.910749 0
152 3
0.644840 0.850655 0
0.670643 0.623678 0
0.828643 0.780064 0
153 3
0.673041 0.468561 0
0.558668 0.332415 0
0.680589 0.338663 0
154 3
0.238460 0.455761 0
0.217262 0.404098 0
0.252287 0.318333 0
155 3
0.289893 0.391758 0
0.252287 0.318333 0
0.293412 0.309238 0
156 3
0.238460 0.455761 0
0.252287 0.318333 0
0.289893 0.391758 0
157 3
0.344868 0.456156 0
0.347582 0.324007 0
0.416459 0.455310 0
158 3
0.293412 0.309238 0
0.347582 0.324007 0
0.289893 0.391758 0
159 3
0.227883 0.710627 0
0.230832 0.648984 0
0.273472 0.698149 0
160 3
0.219278 0.756973 0
0.227883 0.710627 0
0.273472 0.698149 0
161 3
0.216324 0.450314 0
0.217262 0.404098 0
0.238460 0.455761 0
162 3
0.293412 0.309238 0
0.342638 0.240228 0
0.347582 0.324007 0
163 3
0.416459 0.455310 0
0.367545 0.613733 0
0.344868 0.456156 0
164 3
0.344868 0.456156 0
0.367545 0.613733 0
0.290359 0.486042 0
165 3
0.290359 0.486042 0
0.238460 0.455761 0
0.289893 0.391758 0
166 3
0.290359 0.486042 0
0.289893 0.391758 0
0.344868 0.456156 0
167 3
0.290359 0.486042 0
0.274824 0.583773 0
0.238460 0.455761 0
168 3
0.290359 0.486042 0
0.367545 0.613733 0
0.274824 0.583773 0
169 3
0.367545 0.613733 0
0.273472 0.698149 0
0.274824 0.583773 0
170 3
0.216861 0.505428 0
0.216324 0.450314 0
0.274824 0.583773 0
171 3
0.274824 0.583773 0
0.273472 0.698149 0
0.230832 0.648984 0
172 3
0.216861 0.505428 0
0.274824 0.583773 0
0.230832 0.648984 0
173 3
0.274824 0.583773 0
0.216324 0.450314 0
0.238460 0.455761 0
174 3
0.779344 0.597020 0
0.559696 0.733266 0
0.561480 0.907411 0
175 3
0.779344 0.597020 0
0.561480 0.907411 0
0.835582 0.853286 0
176 3
0.779344 0.600816 0
0.835582 0.867234 0
0.561480 0.924169 0
177 3
0.561480 0.924169 0
0.559696 0.731764 0
0.779344 0.600816 0
178 3
0.779344 0.600816 0
0.563343 0.390619 0
0.565250 0.341215 0
179 3
0.552616 0.905353 0
0.539839 0.608679 0
0.555305 0.568891 0
180 3
0.559696 0.731764 0
0.563343 0.390619 0
0.779344 0.600816 0
181 3
0.554083 0.901392 0
0.554998 0.567686 0
0.539898 0.608690 0
182 3
0.779344 0.597020 0
0.565252 0.341207 0
0.563343 0.386100 0
183 3
0.559696 0.733266 0
0.779344 0.597020 0
0.563343 0.386100 0
184 3
0.625946 0.780759 0
0.525025 0.992582 0
0.396777 0.994428 0
185 3
0.396691 0.995309 0
0.525016 0.993764 0
0.626122 0.781732 0
186 3
0.453043 0.738160 0
0.625946 0.780759 0
0.396777 0.994428 0
187 3
0.495548 0.747346 0
0.396691 0.995309 0
0.626122 0.781732 0
188 3
0.524903 0.490442 0
0.625946 0.780759 0
0.453043 0.738160 0
189 3
0.625946 0.780759 0
0.524903 0.490442 0
0.770671 0.931434 0
190 3
0.770671 0.931434 0
0.716022 0.990607 0
0.625946 0.780759 0
191 3
0.525025 0.992582 0
0.625946 0.780759 0
0.716022 0.990607 0
192 3
0.800126 0.963117 0
0.620574 0.812113 0
0.716394 0.992120 0
193 3
0.524903 0.490442 0
0.495548 0.747346 0
0.626122 0.781732 0
194 3
0.770671 0.931434 0
0.524903 0.490442 0
0.626122 0.781732 0
195 3
0.626122 0.781732 0
0.716428 0.990745 0
0.770671 0.931434 0
196 3
0.525016 0.993764 0
0.716428 0.990745 0
0.626122 0.781732 0
197 3
0.800126 0.963117 0
0.717287 0.992061 0
0.620574 0.812113 0
198 3
0.525649 0.830035 0
0.620574 0.812113 0
0.553150 0.593764 0
199 3
0.525649 0.830035 0
0.553150 0.593764 0
0.620574 0.812113 0
200 3
0.553150 0.593764 0
0.404554 0.808946 0
0.395964 0.993407 0
201 3
0.553150 0.593764 0
0.395964 0.994661 0
0.404527 0.809226 0
202 3
0.395964 0.993407 0
0.525649 0.830035 0
0.553150 0.593764 0
203 3
0.553150 0.593764 0
0.525649 0.830035 0
0.395964 0.994661 0
204 3
0.395964 0.993407 0
0.524221 0.993053 0
0.525649 0.830035 0
205 3
0.525649 0.830035 0
0.524220 0.995111 0
0.395964 0.994661 0
206 3
0.666560 0.857814 0
0.543132 0.856956 0
0.609277 0.587622 0
207 3
0.525649 0.830035 0
0.524221 0.993053 0
0.716394 0.992120 0
208 3
0.716394 0.992120 0
0.620574 0.812113 0
0.525649 0.830035 0
209 3
0.717287 0.992061 0
0.524220 0.995111 0
0.525649 0.830035 0
210 3
0.525649 0.830035 0
0.620574 0.812113 0
0.717287 0.992061 0
211 3
0.525310 0.780591 0
0.667669 0.767005 0
0.658501 0.850647 0
212 3
0.525310 0.780591 0
0.658501 0.850647 0
0.524915 0.939934 0
213 3
0.524981 0.447560 0
0.664818 0.443019 0
0.664886 0.354307 0
214 3
0.664886 0.354307 0
0.525050 0.354316 0
0.524981 0.447560 0
215 3
0.524850 0.746713 0
0.664687 0.748223 0
0.664818 0.443019 0
216 3
0.524850 0.746713 0
0.664818 0.443019 0
0.524981 0.447560 0
217 3
0.664687 0.748223 0
0.524850 0.746713 0
0.524915 0.939934 0
218 3
0.664687 0.748223 0
0.524915 0.939934 0
0.658501 0.850647 0
219 3
0.335030 0.993542 0
0.395964 0.993407 0
0.404554 0.808946 0
220 3
0.335609 0.994563 0
0.404527 0.809226 0
0.395964 0.994661 0
221 3
0.993234 0.306483 0
0.991813 0.627322 0
0.846987 0.627105 0
222 3
0.846987 0.627105 0
0.846084 0.304697 0
0.993234 0.306483 0
223 3
0.992447 0.790090 0
0.845961 0.224677 0
0.993583 0.018498 0
224 3
0.842011 0.790227 0
0.972414 0.042009 0
0.970492 0.789255 0
225 3
0.993587 0.304631 0
0.848368 0.306071 0
0.847002 0.626854 0
226 3
0.993587 0.304631 0
0.847002 0.626854 0
0.991808 0.627313 0
227 3
0.846084 0.304697 0
0.846987 0.627105 0
0.991808 0.627313 0
228 3
0.846084 0.304697 0
0.991808 0.627313 0
0.847002 0.626854 0
229 3
0.844322 0.790605 0
0.844617 0.186883 0
0.991794 0.166899 0
230 3
0.844322 0.790605 0
0.991794 0.166899 0
0.987666 0.790830 0
231 3
0.849497 0.119787 0
0.991942 0.023060 0
0.938940 0.792889 0
232 3
0.849497 0.119787 0
0.938940 0.792889 0
0.841395 0.789242 0
233 3
0.940154 0.148241 0
0.844616 0.218419 0
0.992151 0.787705 0
234 3
0.843465 0.117616 0
0.993739 0.791019 0
0.844589 0.789535 0
235 3
0.993587 0.304631 0
0.848871 0.627608 0
0.848549 0.305565 0
236 3
0.993587 0.304631 0
0.848549 0.305565 0
0.848368 0.306071 0
237 3
0.992889 0.790694 0
0.993576 0.025834 0
0.843465 0.117616 0
238 3
0.843465 0.117616 0
0.844589 0.789535 0
0.992889 0.790694 0
239 3
0.993234 0.306483 0
0.848549 0.305565 0
0.848871 0.627608 0
240 3
0.993234 0.306483 0
0.848871 0.627608 0
0.991813 0.627322 0
241 3
0.844616 0.218419 0
0.844321 0.790619 0
0.992151 0.787705 0
242 3
0.845961 0.224677 0
0.992447 0.790090 0
0.845999 0.790830 0
243 3
0.989761 0.512328 0
0.976040 0.007299 0
0.926471 0.004648 0
244 3
0.989761 0.512328 0
0.926471 0.004648 0
0.992626 0.001367 0
245 3
0.989761 0.512328 0
0.927252 0.005278 0
0.995253 0.001520 0
246 3
0.989761 0.512328 0
0.995253 0.001520 0
0.976040 0.007299 0
247 3
0.989761 0.512328 0
0.992626 0.001367 0
0.927252 0.005278 0
248 3
0.991942 0.023060 0
0.994825 0.791083 0
0.938940 0.792889 0
249 3
0.849497 0.119787 0
0.848668 0.789242 0
0.987159 0.789255 0
250 3
0.912480 0.663052 0
0.863040 0.712095 0
0.894069 0.712892 0
251 3
0.912480 0.663052 0
0.930681 0.712278 0
0.863040 0.712095 0
252 3
0.912480 0.663052 0
0.961643 0.711791 0
0.930681 0.712278 0
253 3
0.912480 0.663052 0
0.894069 0.712892 0
0.961643 0.711791 0
254 3
0.960758 0.763761 0
0.894069 0.712892 0
0.863040 0.712095 0
255 3
0.960758 0.763761 0
0.863040 0.712095 0
0.930681 0.712278 0
256 3
0.960758 0.763761 0
0.930681 0.712278 0
0.961643 0.711791 0
257 3
0.960758 0.763761 0
0.961643 0.711791 0
0.894069 0.712892 0
4
0.000000 0.000000 0.000000
0.000000 0.000000 0.000000
0.000000 0.000000 0.000000
1.000000 1.000000 1.000000
