2
1
sea
NBA_courts\New_lwo\wave18.tga
28
0 3
0.999931 0.000210 0
0.999930 0.999753 0
0.000312 0.999754 0
1 3
0.999931 0.000210 0
0.000312 0.999754 0
0.000312 0.000209 0
2 3
0.999931 0.000210 0
0.999905 0.999753 0
0.000312 0.999754 0
3 3
0.999931 0.000210 0
0.000312 0.999754 0
0.000312 0.000210 0
4 3
0.999931 0.000208 0
0.999931 0.999753 0
0.000312 0.999754 0
5 3
0.999931 0.000208 0
0.000312 0.999754 0
0.000312 0.000208 0
6 3
0.000312 0.000209 0
0.999928 0.000208 0
0.999931 0.999754 0
7 3
0.000312 0.000209 0
0.999931 0.999754 0
0.000312 0.999754 0
8 3
0.000312 0.000208 0
0.999931 0.000208 0
0.999929 0.999753 0
9 3
0.000312 0.000208 0
0.999929 0.999753 0
0.000312 0.999754 0
10 3
0.000312 0.000209 0
0.999927 0.000208 0
0.999931 0.999753 0
11 3
0.000312 0.000209 0
0.999931 0.999753 0
0.000312 0.999754 0
12 3
0.000312 0.999754 0
0.000312 0.000207 0
0.999931 0.000207 0
13 3
0.000312 0.999754 0
0.999931 0.000207 0
0.999957 0.999753 0
14 3
0.000312 0.999754 0
0.000312 0.000208 0
0.999931 0.000208 0
15 3
0.000312 0.999754 0
0.999931 0.000208 0
0.999951 0.999753 0
16 3
0.000312 0.999754 0
0.000312 0.000208 0
0.999975 0.000209 0
17 3
0.000312 0.999754 0
0.999975 0.000209 0
0.999996 0.999753 0
18 3
0.000312 0.999754 0
0.000312 0.000208 0
0.999931 0.000208 0
19 3
0.000312 0.999754 0
0.999931 0.000208 0
0.999923 0.999753 0
20 3
0.000312 0.000210 0
0.999931 0.000210 0
0.999931 0.999753 0
21 3
0.999931 0.999753 0
0.000312 0.999754 0
0.000312 0.000210 0
22 3
0.999957 0.999753 0
0.000312 0.999754 0
0.000312 0.000210 0
23 3
0.999957 0.999753 0
0.000312 0.000210 0
0.999931 0.000209 0
24 3
0.999954 0.999753 0
0.000312 0.999754 0
0.000312 0.000208 0
25 3
0.999954 0.999753 0
0.000312 0.000208 0
0.999931 0.000209 0
26 3
0.999935 0.999753 0
0.000312 0.999754 0
0.000312 0.000208 0
27 3
0.999935 0.999753 0
0.000312 0.000208 0
0.999931 0.000209 0
4
0.000000 0.000000 0.000000
0.000000 0.000000 0.000000
0.000000 0.000000 0.000000
1.000000 1.000000 1.000000
