2
2
chest_reflect
torso_reflect
MIDWAY\NBAonNBC\NbaPlayer\BODY_reflction_Lwo\fl_amour.tga
MIDWAY\NBAonNBC\NbaPlayer\BODY_reflction_Lwo\miajrsyx.tga
32
0 3
0.799666 0.152475 0
0.679110 0.073346 0
0.711735 0.004162 0
1 3
0.799666 0.152475 0
0.711735 0.004162 0
0.769328 0.002785 0
2 3
0.473963 0.152475 0
0.498050 0.002785 0
0.557727 0.004162 0
3 3
0.473963 0.152475 0
0.557727 0.004162 0
0.582019 0.073346 0
4 3
0.679110 0.073346 0
0.799666 0.152475 0
0.473963 0.152475 0
5 3
0.473963 0.152475 0
0.582019 0.073346 0
0.679110 0.073346 0
6 3
0.141717 0.005608 0
0.280503 0.005608 0
0.361445 0.104229 0
7 3
0.141717 0.005608 0
0.361445 0.104229 0
0.058215 0.104229 0
8 3
0.719755 0.508569 0
0.799666 0.152475 0
0.839167 0.208481 0
9 3
0.839167 0.208481 0
0.838268 0.507365 0
0.719755 0.508569 0
10 3
0.069187 0.006517 0
0.141717 0.005608 0
0.058215 0.104229 0
11 3
0.004207 0.210697 0
0.058215 0.104229 0
0.125985 0.507403 0
12 3
0.125985 0.507403 0
0.004247 0.507123 0
0.004207 0.210697 0
13 3
0.555021 0.508569 0
0.473963 0.152475 0
0.799666 0.152475 0
14 3
0.799666 0.152475 0
0.719755 0.508569 0
0.555021 0.508569 0
15 3
0.350950 0.006517 0
0.361445 0.104229 0
0.280503 0.005608 0
16 3
0.420559 0.208481 0
0.473963 0.152475 0
0.555021 0.508569 0
17 3
0.555021 0.508569 0
0.420941 0.507365 0
0.420559 0.208481 0
18 3
0.293616 0.507403 0
0.361445 0.104229 0
0.420503 0.210697 0
19 3
0.420503 0.210697 0
0.420136 0.507123 0
0.293616 0.507403 0
20 3
0.125985 0.507403 0
0.361445 0.104229 0
0.293616 0.507403 0
21 3
0.058215 0.104229 0
0.361445 0.104229 0
0.125985 0.507403 0
22 3
0.677374 0.055834 0
0.606974 0.289301 0
0.802162 0.057609 0
23 3
0.677374 0.055834 0
0.475278 0.057136 0
0.606974 0.289301 0
24 3
0.677374 0.055834 0
0.802160 0.057609 0
0.606974 0.289301 0
25 3
0.677374 0.055834 0
0.606974 0.289301 0
0.475278 0.057136 0
26 3
0.445767 0.453454 0
0.645767 0.453454 0
0.596731 0.639562 0
27 3
0.596731 0.639562 0
0.492299 0.639562 0
0.445767 0.453454 0
28 3
0.475278 0.057136 0
0.687114 0.002598 0
0.677374 0.055834 0
29 3
0.687114 0.002598 0
0.802160 0.057609 0
0.677374 0.055834 0
30 3
0.475278 0.057136 0
0.677374 0.055834 0
0.687114 0.002598 0
31 3
0.687114 0.002598 0
0.677374 0.055834 0
0.802162 0.057609 0
4
0.000000 -90.000000 0.000000
0.000000 180.000000 0.000000
-0.034806 45.851200 1.775690
37.654202 21.681900 29.667999
4
0.000000 0.000000 0.000000
0.000000 0.000000 0.000000
0.000000 0.000000 0.000000
1.000000 1.000000 1.000000
