2
1
HORN_torso
NBA\REDUCED_CP\M_charlet_lwo\cha_horn.tga
87
0 3
0.664593 0.506606 0
0.424426 0.506473 0
0.423589 0.265291 0
1 3
0.573180 0.455584 0
0.668716 0.522152 0
0.590392 0.262930 0
2 3
0.424192 0.757495 0
0.666939 0.757372 0
0.668177 0.514570 0
3 3
0.465900 0.511864 0
0.551774 0.534833 0
0.576632 0.676790 0
4 3
0.576632 0.676790 0
0.420968 0.513776 0
0.465900 0.511864 0
5 3
0.576632 0.676790 0
0.551774 0.534833 0
0.465900 0.511864 0
6 3
0.465900 0.511864 0
0.420968 0.513776 0
0.576632 0.676790 0
7 3
0.423589 0.265291 0
0.424426 0.506473 0
0.664593 0.506606 0
8 3
0.590392 0.262930 0
0.668716 0.522152 0
0.573180 0.455584 0
9 3
0.856383 0.137104 0
0.782136 0.199283 0
0.838936 0.181057 0
10 3
0.789648 0.059268 0
0.782136 0.199283 0
0.856383 0.137104 0
11 3
0.789648 0.059268 0
0.714538 0.181274 0
0.782136 0.199283 0
12 3
0.789648 0.059268 0
0.706901 0.132304 0
0.714538 0.181274 0
13 3
0.706901 0.132304 0
0.789648 0.059268 0
0.721254 0.073643 0
14 3
0.817224 0.060535 0
0.789648 0.059268 0
0.856383 0.137104 0
15 3
0.746436 0.074911 0
0.789648 0.059268 0
0.817224 0.060535 0
16 3
0.746436 0.074911 0
0.721254 0.073643 0
0.789648 0.059268 0
17 3
0.746436 0.074911 0
0.706901 0.132304 0
0.721254 0.073643 0
18 3
0.782136 0.199283 0
0.817224 0.060535 0
0.856383 0.137104 0
19 3
0.714538 0.181274 0
0.817224 0.060535 0
0.782136 0.199283 0
20 3
0.817224 0.060535 0
0.706901 0.132304 0
0.746436 0.074911 0
21 3
0.817224 0.060535 0
0.714538 0.181274 0
0.706901 0.132304 0
22 3
0.856383 0.137104 0
0.838936 0.181057 0
0.782136 0.199283 0
23 3
0.789648 0.059268 0
0.856383 0.137104 0
0.782136 0.199283 0
24 3
0.789648 0.059268 0
0.782136 0.199283 0
0.714536 0.181274 0
25 3
0.789648 0.059268 0
0.714536 0.181274 0
0.706901 0.132304 0
26 3
0.706901 0.132304 0
0.721254 0.073643 0
0.789648 0.059268 0
27 3
0.817224 0.060535 0
0.856383 0.137104 0
0.789648 0.059268 0
28 3
0.746436 0.074911 0
0.817224 0.060535 0
0.789648 0.059268 0
29 3
0.746436 0.074911 0
0.789648 0.059268 0
0.721254 0.073643 0
30 3
0.746436 0.074911 0
0.721254 0.073643 0
0.706901 0.132304 0
31 3
0.782136 0.199283 0
0.856383 0.137104 0
0.817224 0.060535 0
32 3
0.714536 0.181274 0
0.782136 0.199283 0
0.817224 0.060535 0
33 3
0.817224 0.060535 0
0.746436 0.074911 0
0.706901 0.132304 0
34 3
0.817224 0.060535 0
0.706901 0.132304 0
0.714536 0.181274 0
35 3
0.544962 0.265257 0
0.423181 0.266159 0
0.424634 0.506174 0
36 3
0.424634 0.506174 0
0.543727 0.506024 0
0.544962 0.265257 0
37 3
0.424634 0.506174 0
0.423181 0.266159 0
0.663712 0.265257 0
38 3
0.663712 0.265257 0
0.662477 0.506024 0
0.424634 0.506174 0
39 3
0.423181 0.266159 0
0.424634 0.506174 0
0.662773 0.266261 0
40 3
0.666939 0.757372 0
0.423692 0.514469 0
0.423694 0.757271 0
41 3
0.662773 0.266261 0
0.424634 0.506174 0
0.423181 0.266159 0
42 3
0.423694 0.757271 0
0.423692 0.514469 0
0.666939 0.757372 0
43 3
0.663900 0.265682 0
0.424937 0.264632 0
0.423861 0.505580 0
44 3
0.668177 0.514570 0
0.423692 0.514469 0
0.666939 0.757372 0
45 3
0.668177 0.514570 0
0.666939 0.757372 0
0.423692 0.514469 0
46 3
0.663900 0.265682 0
0.423860 0.505580 0
0.424937 0.264632 0
47 3
0.573180 0.455584 0
0.551774 0.534833 0
0.465900 0.511864 0
48 3
0.573180 0.455584 0
0.465900 0.511864 0
0.551774 0.534833 0
49 3
0.990651 0.144235 0
0.892058 0.186496 0
0.889333 0.007658 0
50 3
0.889333 0.007658 0
0.990381 0.006531 0
0.990651 0.144235 0
51 3
0.891887 0.360325 0
0.892058 0.186496 0
0.991150 0.214396 0
52 3
0.991150 0.214396 0
0.992900 0.359129 0
0.891887 0.360325 0
53 3
0.551774 0.534833 0
0.573180 0.455584 0
0.668716 0.522152 0
54 3
0.668716 0.522152 0
0.573180 0.455584 0
0.551774 0.534833 0
55 3
0.551774 0.534833 0
0.668716 0.522152 0
0.576632 0.676790 0
56 3
0.576632 0.676790 0
0.668716 0.522152 0
0.551774 0.534833 0
57 3
0.663712 0.265257 0
0.544962 0.265257 0
0.543727 0.506024 0
58 3
0.543727 0.506024 0
0.662477 0.506024 0
0.663712 0.265257 0
59 3
0.590083 0.514616 0
0.656001 0.514616 0
0.655378 0.756368 0
60 3
0.655378 0.756368 0
0.589212 0.756368 0
0.590083 0.514616 0
61 3
0.543680 0.265682 0
0.662955 0.265682 0
0.664287 0.505728 0
62 3
0.664287 0.505728 0
0.545013 0.505728 0
0.543680 0.265682 0
63 3
0.990651 0.144235 0
0.991150 0.214396 0
0.892058 0.186496 0
64 3
0.668177 0.514570 0
0.666939 0.757372 0
0.424192 0.757495 0
65 3
0.663664 0.505336 0
0.424426 0.506473 0
0.423589 0.265291 0
66 3
0.423589 0.265291 0
0.424426 0.506473 0
0.663664 0.505336 0
67 3
0.543680 0.265682 0
0.545013 0.505728 0
0.423861 0.505580 0
68 3
0.423860 0.505580 0
0.664287 0.505728 0
0.662955 0.265682 0
69 3
0.589212 0.756368 0
0.423694 0.757271 0
0.423692 0.514469 0
70 3
0.423692 0.514469 0
0.423694 0.757271 0
0.655378 0.756368 0
71 3
0.662773 0.266261 0
0.424634 0.506174 0
0.664293 0.506181 0
72 3
0.664293 0.506181 0
0.424634 0.506174 0
0.662773 0.266261 0
73 3
0.662773 0.266261 0
0.664293 0.506181 0
0.422966 0.504683 0
74 3
0.422966 0.504683 0
0.664293 0.506181 0
0.662773 0.266261 0
75 3
0.662773 0.266261 0
0.422966 0.504683 0
0.424130 0.266384 0
76 3
0.424130 0.266384 0
0.422966 0.504683 0
0.662773 0.266261 0
77 3
0.423692 0.514469 0
0.655378 0.756368 0
0.656001 0.514616 0
78 3
0.590083 0.514616 0
0.589212 0.756368 0
0.423692 0.514469 0
79 3
0.668177 0.514570 0
0.424192 0.757495 0
0.424655 0.514693 0
80 3
0.424655 0.514693 0
0.424192 0.757495 0
0.668177 0.514570 0
81 3
0.424937 0.264632 0
0.423860 0.505580 0
0.662955 0.265682 0
82 3
0.543680 0.265682 0
0.423861 0.505580 0
0.424937 0.264632 0
83 3
0.423589 0.265291 0
0.662845 0.265001 0
0.663664 0.505336 0
84 3
0.423589 0.265291 0
0.663664 0.505336 0
0.662845 0.265001 0
85 3
0.782136 0.199283 0
0.856383 0.137104 0
0.838936 0.181057 0
86 3
0.782136 0.199283 0
0.838936 0.181057 0
0.856383 0.137104 0
4
0.000000 0.000000 0.000000
0.000000 0.000000 0.000000
0.000000 0.000000 0.000000
1.000000 1.000000 1.000000
