2
1
waist
NBA\REDUCED_CP\M_Chicago_lwo\chijrsym.tga
81
0 3
0.887565 0.494597 0
0.805565 0.450609 0
0.856618 0.390548 0
1 3
0.887565 0.494597 0
0.849607 0.401216 0
0.805565 0.450609 0
2 3
0.887565 0.494597 0
0.805565 0.450609 0
0.849607 0.401216 0
3 3
0.805565 0.450609 0
0.778978 0.351182 0
0.856618 0.390548 0
4 3
0.849607 0.401216 0
0.778978 0.351182 0
0.805565 0.450609 0
5 3
0.805565 0.450609 0
0.778978 0.351182 0
0.849607 0.401216 0
6 3
0.201178 0.464180 0
0.168542 0.486940 0
0.167948 0.445037 0
7 3
0.220547 0.444960 0
0.160170 0.484421 0
0.162439 0.445310 0
8 3
0.220547 0.444960 0
0.162439 0.445310 0
0.160170 0.484421 0
9 3
0.167948 0.445037 0
0.168542 0.486940 0
0.216223 0.487889 0
10 3
0.167948 0.445037 0
0.216223 0.487889 0
0.214920 0.445656 0
11 3
0.162439 0.445310 0
0.160170 0.484421 0
0.218060 0.485441 0
12 3
0.162439 0.445310 0
0.218060 0.485441 0
0.220011 0.444552 0
13 3
0.218060 0.485441 0
0.160170 0.484421 0
0.162439 0.445310 0
14 3
0.162439 0.445310 0
0.220011 0.444552 0
0.218060 0.485441 0
15 3
0.214920 0.445656 0
0.216223 0.487889 0
0.170168 0.465932 0
16 3
0.220011 0.444552 0
0.218060 0.485441 0
0.158413 0.447394 0
17 3
0.218060 0.485441 0
0.220011 0.444552 0
0.158413 0.447394 0
18 3
0.827507 0.375521 0
0.912050 0.334716 0
0.920491 0.423818 0
19 3
0.920491 0.423818 0
0.826511 0.400154 0
0.827507 0.375521 0
20 3
0.920491 0.423818 0
0.912050 0.334716 0
0.827507 0.375521 0
21 3
0.827507 0.375521 0
0.826511 0.400154 0
0.920491 0.423818 0
22 3
0.828514 0.442780 0
0.826511 0.400154 0
0.920491 0.423818 0
23 3
0.920491 0.423818 0
0.826511 0.400154 0
0.828514 0.442780 0
24 3
0.912050 0.334716 0
0.827507 0.375521 0
0.826431 0.313341 0
25 3
0.877363 0.273944 0
0.805751 0.273944 0
0.806746 0.408169 0
26 3
0.806746 0.408169 0
0.878146 0.408169 0
0.877363 0.273944 0
27 3
0.806746 0.408169 0
0.805751 0.273944 0
0.992097 0.273944 0
28 3
0.992097 0.273944 0
0.992880 0.408169 0
0.806746 0.408169 0
29 3
0.991680 0.251043 0
0.815196 0.330687 0
0.840813 0.228216 0
30 3
0.840813 0.228216 0
0.987360 0.174197 0
0.991680 0.251043 0
31 3
0.840813 0.228216 0
0.815196 0.330687 0
0.991680 0.251043 0
32 3
0.991680 0.251043 0
0.987360 0.174197 0
0.840813 0.228216 0
33 3
0.992163 0.408169 0
0.875684 0.495269 0
0.951893 0.495269 0
34 3
0.951893 0.495269 0
0.875684 0.495269 0
0.992163 0.408169 0
35 3
0.992163 0.408169 0
0.875684 0.495269 0
0.896226 0.399772 0
36 3
0.896226 0.399772 0
0.875684 0.495269 0
0.992163 0.408169 0
37 3
0.815196 0.330687 0
0.991680 0.251043 0
0.989977 0.399772 0
38 3
0.815196 0.330687 0
0.989977 0.399772 0
0.814926 0.424200 0
39 3
0.815196 0.330687 0
0.814926 0.424200 0
0.989977 0.399772 0
40 3
0.815196 0.330687 0
0.989977 0.399772 0
0.991680 0.251043 0
41 3
0.992097 0.273944 0
0.877363 0.273944 0
0.878146 0.408169 0
42 3
0.878146 0.408169 0
0.992880 0.408169 0
0.992097 0.273944 0
43 3
0.988845 0.184884 0
0.874111 0.184884 0
0.877363 0.273944 0
44 3
0.877363 0.273944 0
0.992097 0.273944 0
0.988845 0.184884 0
45 3
0.920491 0.423818 0
0.940291 0.495269 0
0.828514 0.442780 0
46 3
0.920491 0.423818 0
0.828514 0.442780 0
0.940291 0.495269 0
47 3
0.989977 0.399772 0
0.969435 0.495269 0
0.829874 0.495269 0
48 3
0.829874 0.495269 0
0.969434 0.495269 0
0.989977 0.399772 0
49 3
0.992097 0.273944 0
0.805751 0.273944 0
0.805230 0.184884 0
50 3
0.805230 0.184884 0
0.805751 0.273944 0
0.877363 0.273944 0
51 3
0.990647 0.184884 0
0.991168 0.273944 0
0.897930 0.251043 0
52 3
0.897930 0.251043 0
0.991168 0.273944 0
0.990647 0.184884 0
53 3
0.967897 0.228216 0
0.942279 0.330687 0
0.826633 0.334716 0
54 3
0.826633 0.334716 0
0.942279 0.330687 0
0.967897 0.228216 0
55 3
0.937260 0.227956 0
0.912050 0.334716 0
0.826431 0.313341 0
56 3
0.826431 0.313341 0
0.912050 0.334716 0
0.937260 0.227956 0
57 3
0.991168 0.273944 0
0.992163 0.408169 0
0.896226 0.399772 0
58 3
0.896226 0.399772 0
0.992163 0.408169 0
0.991168 0.273944 0
59 3
0.942279 0.330687 0
0.942010 0.424200 0
0.835074 0.423818 0
60 3
0.835074 0.423818 0
0.942010 0.424200 0
0.942279 0.330687 0
61 3
0.912050 0.334716 0
0.826431 0.313341 0
0.827507 0.375521 0
62 3
0.937260 0.227956 0
0.826431 0.313341 0
0.832473 0.220323 0
63 3
0.832473 0.220323 0
0.826431 0.313341 0
0.937260 0.227956 0
64 3
0.989977 0.399772 0
0.829874 0.495269 0
0.814926 0.424200 0
65 3
0.942010 0.424200 0
0.956957 0.495269 0
0.835074 0.423818 0
66 3
0.835074 0.423818 0
0.956957 0.495269 0
0.942010 0.424200 0
67 3
0.814926 0.424200 0
0.829874 0.495269 0
0.989977 0.399772 0
68 3
0.806746 0.408169 0
0.766476 0.495269 0
0.878146 0.408169 0
69 3
0.992880 0.408169 0
0.766476 0.495269 0
0.806746 0.408169 0
70 3
0.991168 0.273944 0
0.896226 0.399772 0
0.897930 0.251043 0
71 3
0.942279 0.330687 0
0.835074 0.423818 0
0.826633 0.334716 0
72 3
0.826633 0.334716 0
0.835074 0.423818 0
0.942279 0.330687 0
73 3
0.897930 0.251043 0
0.896226 0.399772 0
0.991168 0.273944 0
74 3
0.990647 0.184884 0
0.897930 0.251043 0
0.893610 0.174197 0
75 3
0.967897 0.228216 0
0.826633 0.334716 0
0.851844 0.227956 0
76 3
0.851844 0.227956 0
0.826633 0.334716 0
0.967897 0.228216 0
77 3
0.893610 0.174197 0
0.897930 0.251043 0
0.990647 0.184884 0
78 3
0.805230 0.184884 0
0.877363 0.273944 0
0.874111 0.184884 0
79 3
0.988845 0.184884 0
0.992097 0.273944 0
0.805230 0.184884 0
80 3
0.878146 0.408169 0
0.766476 0.495269 0
0.992880 0.408169 0
4
0.000000 0.000000 0.000000
0.000000 0.000000 0.000000
0.000000 0.000000 0.000000
1.000000 1.000000 1.000000
