2
2
tail
waist
D:\3DBball\Objects\CP_Horse\Horse_LoRes\fl_horse.tga
D:\3DBball\Objects\CP_Horse\Horse_LoRes\jrsyhors.tga
71
0 3
0.689335 0.562215 0
0.595513 0.684283 0
0.601318 0.566489 0
1 3
0.686499 0.831374 0
0.581077 0.830622 0
0.684729 0.690745 0
2 3
0.689335 0.562215 0
0.684729 0.690745 0
0.595513 0.684283 0
3 3
0.581077 0.830622 0
0.595513 0.684283 0
0.684729 0.690745 0
4 3
0.601318 0.566489 0
0.539072 0.624168 0
0.563370 0.537387 0
5 3
0.581077 0.830622 0
0.539145 0.817126 0
0.595513 0.684283 0
6 3
0.601318 0.566489 0
0.595513 0.684283 0
0.539072 0.624168 0
7 3
0.539145 0.817126 0
0.539072 0.624168 0
0.595513 0.684283 0
8 3
0.581077 0.830622 0
0.595513 0.684283 0
0.539145 0.817126 0
9 3
0.601318 0.566489 0
0.539072 0.624168 0
0.595513 0.684283 0
10 3
0.539145 0.817126 0
0.595513 0.684283 0
0.539072 0.624168 0
11 3
0.601318 0.566489 0
0.563370 0.537387 0
0.539072 0.624168 0
12 3
0.686499 0.831374 0
0.684729 0.690745 0
0.581077 0.830622 0
13 3
0.689335 0.562215 0
0.595513 0.684283 0
0.684729 0.690745 0
14 3
0.581077 0.830622 0
0.684729 0.690745 0
0.595513 0.684283 0
15 3
0.689335 0.562215 0
0.601318 0.566489 0
0.595513 0.684283 0
16 3
0.689335 0.562215 0
0.601318 0.566489 0
0.636050 0.505765 0
17 3
0.601318 0.566489 0
0.563370 0.537387 0
0.636050 0.505765 0
18 3
0.563370 0.537387 0
0.601318 0.566489 0
0.636050 0.505765 0
19 3
0.601318 0.566489 0
0.689335 0.562215 0
0.636050 0.505765 0
20 3
0.602764 0.996778 0
0.581077 0.830622 0
0.686499 0.831374 0
21 3
0.605217 0.997819 0
0.539145 0.817126 0
0.581077 0.830622 0
22 3
0.605217 0.997819 0
0.581077 0.830622 0
0.539145 0.817126 0
23 3
0.602764 0.996778 0
0.686499 0.831374 0
0.581077 0.830622 0
24 3
0.654634 0.767432 0
0.598858 0.767432 0
0.571190 0.599734 0
25 3
0.654634 0.767432 0
0.571190 0.599734 0
0.679917 0.599734 0
26 3
0.419349 0.828368 0
0.360328 0.598251 0
0.419967 0.597108 0
27 3
0.418314 0.597688 0
0.524468 0.795599 0
0.419589 0.828836 0
28 3
0.003651 0.600781 0
0.059833 0.598251 0
0.004750 0.828368 0
29 3
0.836983 0.828836 0
0.722836 0.806352 0
0.838762 0.597144 0
30 3
0.524468 0.795599 0
0.418314 0.597688 0
0.478987 0.598952 0
31 3
0.722836 0.806352 0
0.771066 0.599549 0
0.838762 0.597144 0
32 3
0.263913 0.719560 0
0.272467 0.560866 0
0.360328 0.598251 0
33 3
0.419349 0.828368 0
0.263913 0.719560 0
0.360328 0.598251 0
34 3
0.059833 0.598251 0
0.149514 0.560866 0
0.154409 0.719560 0
35 3
0.004750 0.828368 0
0.059833 0.598251 0
0.154409 0.719560 0
36 3
0.154943 0.718944 0
0.265007 0.719831 0
0.209110 0.898095 0
37 3
0.481243 0.598657 0
0.422040 0.502320 0
0.565888 0.503016 0
38 3
0.773762 0.598657 0
0.684914 0.503017 0
0.835034 0.502321 0
39 3
0.625642 0.866501 0
0.722836 0.806352 0
0.836983 0.828836 0
40 3
0.625642 0.866501 0
0.836983 0.828836 0
0.625642 0.905048 0
41 3
0.771678 0.598657 0
0.837117 0.500170 0
0.837117 0.598654 0
42 3
0.481243 0.598657 0
0.422040 0.598654 0
0.422040 0.502320 0
43 3
0.625642 0.866501 0
0.625642 0.905048 0
0.419589 0.828836 0
44 3
0.419589 0.828836 0
0.524468 0.795599 0
0.625642 0.866501 0
45 3
0.149552 0.559940 0
0.141108 0.501596 0
0.210533 0.501596 0
46 3
0.210533 0.501596 0
0.212616 0.559940 0
0.149552 0.559940 0
47 3
0.210533 0.501596 0
0.274151 0.501596 0
0.271975 0.559940 0
48 3
0.271975 0.559940 0
0.212616 0.559940 0
0.210533 0.501596 0
49 3
0.598858 0.767432 0
0.524468 0.795599 0
0.478987 0.598952 0
50 3
0.478987 0.598952 0
0.571190 0.599734 0
0.598858 0.767432 0
51 3
0.771066 0.599549 0
0.722836 0.806352 0
0.654634 0.767432 0
52 3
0.654634 0.767432 0
0.679917 0.599734 0
0.771066 0.599549 0
53 3
0.213277 0.560438 0
0.272467 0.560866 0
0.263913 0.719560 0
54 3
0.213277 0.560438 0
0.263913 0.719560 0
0.154943 0.718944 0
55 3
0.213277 0.560438 0
0.154409 0.719560 0
0.149514 0.560866 0
56 3
0.570005 0.598528 0
0.685206 0.503130 0
0.681662 0.598528 0
57 3
0.684914 0.503017 0
0.773762 0.598657 0
0.682824 0.598663 0
58 3
0.565888 0.503016 0
0.570062 0.598663 0
0.481243 0.598657 0
59 3
0.141108 0.501596 0
0.061065 0.596513 0
0.003791 0.502123 0
60 3
0.141108 0.501596 0
0.149552 0.559940 0
0.061065 0.596513 0
61 3
0.003781 0.600854 0
0.003791 0.502123 0
0.061065 0.596513 0
62 3
0.360151 0.596512 0
0.276234 0.501596 0
0.421764 0.502123 0
63 3
0.271975 0.559940 0
0.276234 0.499445 0
0.358068 0.596513 0
64 3
0.421764 0.502123 0
0.421774 0.598703 0
0.360151 0.596512 0
65 3
0.566483 0.503130 0
0.685206 0.503130 0
0.570005 0.598528 0
66 3
0.598858 0.767432 0
0.625642 0.866501 0
0.524468 0.795599 0
67 3
0.654634 0.767432 0
0.625642 0.866501 0
0.598858 0.767432 0
68 3
0.654634 0.767432 0
0.722836 0.806352 0
0.625642 0.866501 0
69 3
0.265007 0.719831 0
0.419349 0.828368 0
0.209110 0.898095 0
70 3
0.004750 0.828368 0
0.155941 0.717680 0
0.209110 0.898095 0
4
0.000000 -90.000000 0.000000
0.000000 180.000000 0.000000
0.344183 2.015262 -28.483324
18.163376 35.326752 34.075390
4
0.000000 0.000000 0.000000
0.000000 0.000000 0.000000
0.000000 0.000000 0.000000
1.000000 1.000000 1.000000
