2
2
tail
waist
D:\3DBball\Objects\CP_Nikko\Nikko_LoRes\fl_nikko.TGA
D:\3DBball\Objects\CP_Nikko\Nikko_LoRes\fl_nikko.TGA
97
0 3
0.472373 0.711424 0
0.559650 0.740723 0
0.501920 0.741204 0
1 3
0.602678 0.710095 0
0.625625 0.741234 0
0.538801 0.710624 0
2 3
0.472373 0.711424 0
0.538801 0.710624 0
0.559650 0.740723 0
3 3
0.625625 0.741234 0
0.559650 0.740723 0
0.538801 0.710624 0
4 3
0.501920 0.741204 0
0.578225 0.784122 0
0.519188 0.784630 0
5 3
0.625625 0.741234 0
0.634763 0.783674 0
0.559650 0.740723 0
6 3
0.501920 0.741204 0
0.559650 0.740723 0
0.578225 0.784122 0
7 3
0.634763 0.783674 0
0.578225 0.784122 0
0.559650 0.740723 0
8 3
0.625625 0.741234 0
0.559650 0.740723 0
0.634763 0.783674 0
9 3
0.501920 0.741204 0
0.578225 0.784122 0
0.559650 0.740723 0
10 3
0.634763 0.783674 0
0.559650 0.740723 0
0.578225 0.784122 0
11 3
0.501920 0.741204 0
0.519188 0.784630 0
0.578225 0.784122 0
12 3
0.602678 0.710095 0
0.538801 0.710624 0
0.625625 0.741234 0
13 3
0.472373 0.711424 0
0.559650 0.740723 0
0.538801 0.710624 0
14 3
0.625625 0.741234 0
0.538801 0.710624 0
0.559650 0.740723 0
15 3
0.472373 0.711424 0
0.501920 0.741204 0
0.559650 0.740723 0
16 3
0.472373 0.711424 0
0.501920 0.741204 0
0.423671 0.710527 0
17 3
0.501920 0.741204 0
0.519188 0.784630 0
0.423671 0.710527 0
18 3
0.519188 0.784630 0
0.501920 0.741204 0
0.423671 0.710527 0
19 3
0.501920 0.741204 0
0.472373 0.711424 0
0.423671 0.710527 0
20 3
0.674207 0.743349 0
0.625625 0.741234 0
0.602678 0.710095 0
21 3
0.674207 0.743349 0
0.634763 0.783674 0
0.625625 0.741234 0
22 3
0.674207 0.743349 0
0.625625 0.741234 0
0.634763 0.783674 0
23 3
0.674207 0.743349 0
0.602678 0.710095 0
0.625625 0.741234 0
24 3
0.380621 0.448517 0
0.302603 0.448517 0
0.288200 0.411420 0
25 3
0.380621 0.448517 0
0.288200 0.411420 0
0.395693 0.411420 0
26 3
0.193517 0.463813 0
0.166669 0.407641 0
0.193788 0.410496 0
27 3
0.195066 0.410137 0
0.253091 0.457429 0
0.195978 0.464196 0
28 3
0.010868 0.410310 0
0.034638 0.407641 0
0.011350 0.463813 0
29 3
0.494415 0.464196 0
0.412799 0.457429 0
0.495687 0.409973 0
30 3
0.253091 0.457429 0
0.195066 0.410137 0
0.238447 0.410517 0
31 3
0.412799 0.457429 0
0.447284 0.410697 0
0.495687 0.409973 0
32 3
0.134143 0.430022 0
0.140039 0.405615 0
0.166669 0.407641 0
33 3
0.193517 0.463813 0
0.121125 0.450733 0
0.134143 0.430022 0
34 3
0.193517 0.463813 0
0.134143 0.430022 0
0.166669 0.407641 0
35 3
0.034638 0.407641 0
0.061418 0.405615 0
0.067535 0.430022 0
36 3
0.011350 0.463813 0
0.034638 0.407641 0
0.067535 0.430022 0
37 3
0.011350 0.463813 0
0.067535 0.430022 0
0.080527 0.450733 0
38 3
0.101142 0.430022 0
0.101142 0.484531 0
0.080527 0.450733 0
39 3
0.101142 0.430022 0
0.121125 0.450733 0
0.101142 0.484531 0
40 3
0.235089 0.388420 0
0.195428 0.369465 0
0.286532 0.369676 0
41 3
0.449534 0.386270 0
0.394843 0.369676 0
0.494301 0.369465 0
42 3
0.341816 0.464780 0
0.412799 0.457429 0
0.494415 0.464196 0
43 3
0.341816 0.464780 0
0.494415 0.464196 0
0.341816 0.484984 0
44 3
0.395693 0.411420 0
0.288200 0.411420 0
0.285228 0.388048 0
45 3
0.285228 0.388048 0
0.398675 0.388048 0
0.395693 0.411420 0
46 3
0.449534 0.386270 0
0.494301 0.369465 0
0.494301 0.388419 0
47 3
0.235089 0.388420 0
0.195428 0.388419 0
0.195428 0.369465 0
48 3
0.341816 0.464780 0
0.341816 0.484984 0
0.195978 0.464196 0
49 3
0.195978 0.464196 0
0.253091 0.457429 0
0.341816 0.464780 0
50 3
0.059431 0.385517 0
0.057098 0.369421 0
0.103102 0.369421 0
51 3
0.100690 0.369146 0
0.100690 0.389066 0
0.055946 0.387104 0
52 3
0.098607 0.369146 0
0.139823 0.369146 0
0.140361 0.386915 0
53 3
0.142250 0.389255 0
0.100690 0.389066 0
0.100690 0.369146 0
54 3
0.195066 0.410137 0
0.195729 0.387989 0
0.235919 0.388012 0
55 3
0.195066 0.410137 0
0.235919 0.388012 0
0.238447 0.410517 0
56 3
0.495687 0.409973 0
0.447284 0.410697 0
0.448908 0.388012 0
57 3
0.495687 0.409973 0
0.448908 0.388012 0
0.493419 0.387989 0
58 3
0.165329 0.388585 0
0.193380 0.388837 0
0.193788 0.410496 0
59 3
0.193788 0.410496 0
0.166669 0.407641 0
0.165329 0.388585 0
60 3
0.010868 0.410310 0
0.011179 0.388837 0
0.035978 0.388585 0
61 3
0.035978 0.388585 0
0.034638 0.407641 0
0.010868 0.410310 0
62 3
0.101142 0.388505 0
0.141767 0.388505 0
0.140039 0.405615 0
63 3
0.101142 0.388505 0
0.061418 0.405615 0
0.059696 0.388505 0
64 3
0.166669 0.407641 0
0.140039 0.405615 0
0.141767 0.388505 0
65 3
0.166669 0.407641 0
0.141767 0.388505 0
0.165329 0.388585 0
66 3
0.034638 0.407641 0
0.035978 0.388585 0
0.059696 0.388505 0
67 3
0.034638 0.407641 0
0.059696 0.388505 0
0.061418 0.405615 0
68 3
0.238447 0.410517 0
0.235919 0.388012 0
0.285228 0.388048 0
69 3
0.238447 0.410517 0
0.285228 0.388048 0
0.288200 0.411420 0
70 3
0.447284 0.410697 0
0.395693 0.411420 0
0.398675 0.388048 0
71 3
0.447284 0.410697 0
0.398675 0.388048 0
0.448908 0.388012 0
72 3
0.302603 0.448517 0
0.253091 0.457429 0
0.238447 0.410517 0
73 3
0.238447 0.410517 0
0.288200 0.411420 0
0.302603 0.448517 0
74 3
0.447284 0.410697 0
0.412799 0.457429 0
0.380621 0.448517 0
75 3
0.380621 0.448517 0
0.395693 0.411420 0
0.447284 0.410697 0
76 3
0.134143 0.430022 0
0.121125 0.450733 0
0.101142 0.430022 0
77 3
0.101142 0.430022 0
0.080527 0.450733 0
0.067535 0.430022 0
78 3
0.101142 0.388505 0
0.140039 0.405615 0
0.134143 0.430022 0
79 3
0.101142 0.388505 0
0.134143 0.430022 0
0.101142 0.430022 0
80 3
0.101142 0.388505 0
0.101142 0.430022 0
0.067535 0.430022 0
81 3
0.101142 0.388505 0
0.067535 0.430022 0
0.061418 0.405615 0
82 3
0.288434 0.389209 0
0.396105 0.368246 0
0.399042 0.387059 0
83 3
0.394843 0.369676 0
0.449534 0.386270 0
0.401087 0.388422 0
84 3
0.286532 0.369676 0
0.286539 0.390573 0
0.235089 0.388420 0
85 3
0.055578 0.369349 0
0.037168 0.389072 0
0.010829 0.369505 0
86 3
0.055578 0.369349 0
0.058198 0.389068 0
0.037168 0.389072 0
87 3
0.010824 0.389084 0
0.010829 0.369505 0
0.037168 0.389072 0
88 3
0.165680 0.389078 0
0.139537 0.369338 0
0.195099 0.369490 0
89 3
0.139753 0.388629 0
0.139537 0.369338 0
0.165680 0.389078 0
90 3
0.195099 0.369490 0
0.195102 0.388644 0
0.165680 0.389078 0
91 3
0.285141 0.368246 0
0.396105 0.368246 0
0.288434 0.389209 0
92 3
0.302603 0.448517 0
0.341816 0.464780 0
0.253091 0.457429 0
93 3
0.380621 0.448517 0
0.341816 0.464780 0
0.302603 0.448517 0
94 3
0.380621 0.448517 0
0.412799 0.457429 0
0.341816 0.464780 0
95 3
0.121125 0.450733 0
0.193517 0.463813 0
0.101142 0.484531 0
96 3
0.011350 0.463813 0
0.080527 0.450733 0
0.101142 0.484531 0
4
0.000000 -90.000000 0.000000
0.000000 180.000000 0.000000
0.070461 26.864105 -22.759697
25.885363 50.770725 34.838459
4
0.000000 0.000000 0.000000
0.000000 0.000000 0.000000
0.000000 0.000000 0.000000
1.000000 1.000000 1.000000
